# {"t_start": 1641523272.2349603, "env_id": "Office-single-v0"} 
r,l,t
0.5,23,0.002779
0.5,9,0.003766
0.5,84,0.012836
0.0,16,0.01473
0.0,27,0.017614
0.0,19,0.019626
0.5,44,0.024044
0.0,44,0.028438
0.0,29,0.031397
0.0,25,0.033988
0.0,41,0.038196
0.5,49,0.043065
0.0,40,0.047044
0.0,75,0.054717
0.0,47,0.059429
0.5,16,0.061027
0.0,44,0.065399
0.0,159,0.081669
0.0,37,0.085356
0.5,86,0.093939
0.0,44,0.098337
0.0,88,0.10738
0.5,96,0.116844
0.0,93,0.126304
0.0,16,0.127954
0.0,54,0.133962
0.0,16,0.13558
0.0,113,0.146968
0.5,23,0.149267
0.0,96,0.158724
0.0,27,0.161449
0.0,223,0.183531
0.5,14,0.184933
0.0,13,0.186249
0.5,106,0.196727
0.0,13,0.198044
0.0,8,0.198866
0.0,96,0.208637
0.0,701,0.28155
0.5,31,0.284694
0.0,86,0.293371
0.5,36,0.296945
0.0,1000,0.398524
0.0,176,0.416247
0.0,449,0.464326
0.0,198,0.484361
0.0,139,0.498379
0.5,14,0.499829
0.5,122,0.512341
0.0,259,0.538793
0.0,30,0.541963
0.5,35,0.545595
0.5,47,0.550522
0.0,247,0.575411
0.5,9,0.576359
0.5,23,0.578687
0.5,23,0.581061
0.5,33,0.584408
0.0,65,0.5909
0.0,6,0.591522
0.0,256,0.61747
0.0,8,0.61833
0.0,115,0.629995
0.0,52,0.635451
0.5,10,0.636467
0.0,78,0.644852
0.0,143,0.659565
0.5,7,0.660293
0.5,8,0.661137
0.0,157,0.676981
0.5,6,0.677618
0.5,17,0.679401
0.5,7,0.680138
0.0,154,0.69578
0.0,38,0.699641
0.5,13,0.700958
0.5,4,0.701393
0.0,87,0.710095
0.5,8,0.710943
0.5,6,0.711577
0.5,14,0.71302
0.5,4,0.713458
0.0,38,0.717506
0.5,6,0.718129
0.0,541,0.774035
0.5,4,0.774479
0.0,40,0.778527
0.5,4,0.778979
0.5,10,0.780013
0.5,4,0.780446
0.5,6,0.781077
0.5,4,0.781506
0.5,4,0.781934
0.5,4,0.782362
0.5,6,0.782996
0.5,4,0.783421
0.5,6,0.784037
0.5,4,0.784472
0.5,4,0.784899
0.5,4,0.785331
0.5,4,0.78576
0.5,4,0.786189
0.5,4,0.786625
0.5,6,0.787241
0.5,10,0.788244
0.5,4,0.788684
0.5,4,0.789114
0.5,4,0.789556
0.5,4,0.789978
0.5,4,0.790401
0.5,4,0.790824
0.5,7,0.791582
0.5,4,0.792013
0.5,8,0.792835
0.5,4,0.793266
0.5,4,0.793706
0.5,4,0.794123
0.5,6,0.794756
0.5,4,0.795199
0.5,8,0.796027
0.5,4,0.796447
0.5,6,0.797058
0.5,4,0.797496
0.5,32,0.800736
0.5,4,0.801172
0.5,4,0.801612
0.5,4,0.802034
0.5,4,0.802471
0.5,4,0.802905
0.5,6,0.803547
0.5,6,0.804163
0.5,4,0.804577
0.5,4,0.804997
0.5,6,0.805618
0.5,4,0.80604
0.0,107,0.81693
0.5,4,0.817368
0.5,4,0.817806
0.5,6,0.81844
0.5,4,0.818872
0.5,4,0.819305
0.5,6,0.819928
0.5,4,0.820527
0.5,4,0.820953
0.5,4,0.821376
0.5,4,0.821794
0.5,4,0.822212
0.5,4,0.822659
0.5,6,0.823289
0.5,4,0.823728
0.5,4,0.824153
0.5,4,0.824574
0.5,4,0.824994
0.5,4,0.825429
0.5,4,0.82586
0.5,4,0.826291
0.5,4,0.826721
0.0,12,0.827974
0.5,9,0.828886
0.5,4,0.829308
0.5,4,0.829732
0.5,4,0.830152
0.5,4,0.830592
0.0,144,0.845644
0.5,4,0.846104
0.5,6,0.846973
0.5,4,0.847553
0.5,4,0.848131
0.5,4,0.848716
0.5,4,0.84916
0.5,4,0.849602
0.5,9,0.850535
0.5,6,0.851175
0.0,19,0.853113
0.0,195,0.872934
0.5,4,0.873374
0.5,4,0.873808
0.5,4,0.874242
0.5,4,0.87467
0.5,4,0.87512
0.5,4,0.875555
0.5,4,0.875988
0.5,4,0.876434
0.5,4,0.876854
0.5,4,0.877278
0.5,4,0.877699
0.5,4,0.878124
0.5,4,0.87856
0.0,28,0.881427
0.5,4,0.881867
0.5,6,0.882496
0.5,4,0.882977
0.0,87,0.891827
0.5,6,0.892451
0.5,4,0.892875
0.5,4,0.893297
0.5,4,0.893738
0.5,8,0.894565
0.5,8,0.895397
0.5,6,0.89603
0.5,10,0.89706
0.5,4,0.897482
0.5,4,0.897907
0.5,4,0.898331
0.5,4,0.898773
0.5,7,0.899508
0.5,4,0.899939
0.5,6,0.900573
0.5,4,0.901003
0.0,12,0.902236
0.5,4,0.902674
0.5,4,0.903099
0.5,4,0.903523
0.5,4,0.903944
0.5,4,0.904363
0.5,6,0.905002
0.5,4,0.905433
0.5,4,0.905863
0.5,4,0.906295
0.5,4,0.906723
0.5,4,0.907161
0.5,4,0.907604
0.5,4,0.908026
0.5,4,0.908461
0.5,4,0.90889
0.5,6,0.909521
0.5,4,0.909953
0.5,4,0.910384
0.5,4,0.910825
0.5,4,0.911247
0.5,4,0.911686
0.5,4,0.912117
0.5,4,0.912558
0.5,4,0.912974
0.5,4,0.913398
0.5,4,0.913838
0.5,4,0.91427
0.5,4,0.9147
0.5,9,0.915636
0.5,4,0.916061
0.5,4,0.916493
0.5,4,0.916924
0.5,4,0.917353
0.5,4,0.917788
0.5,4,0.91821
0.5,4,0.918651
0.5,4,0.919087
0.5,4,0.919532
0.5,4,0.919953
0.5,4,0.92037
0.5,4,0.920857
0.5,6,0.921499
0.5,4,0.92192
0.5,6,0.922533
0.5,4,0.922967
0.5,6,0.923605
0.5,4,0.924035
0.5,4,0.924465
0.5,4,0.924893
0.5,4,0.925323
0.5,6,0.926169
0.5,4,0.926613
0.5,4,0.927042
0.5,6,0.92766
0.5,4,0.928085
0.5,4,0.928521
0.5,4,0.928951
0.5,4,0.929376
0.5,4,0.929807
0.5,6,0.930437
0.5,4,0.930874
0.5,4,0.931307
0.5,4,0.931742
0.5,4,0.932164
0.5,4,0.932601
0.5,4,0.933033
0.5,6,0.933667
0.5,4,0.934086
0.5,4,0.93452
0.5,4,0.934988
0.5,4,0.935433
0.5,7,0.93615
0.5,4,0.936691
0.5,4,0.937292
0.5,6,0.937925
0.5,4,0.938344
0.5,4,0.938773
0.5,4,0.939199
0.5,6,0.939815
0.5,8,0.940645
0.5,4,0.941076
0.5,4,0.941505
0.5,4,0.941935
0.5,4,0.942364
0.5,32,0.945585
0.5,4,0.946019
0.5,8,0.946855
0.5,4,0.947289
0.5,4,0.947723
0.5,4,0.948142
0.5,4,0.94858
0.5,4,0.949008
0.5,4,0.949436
0.5,4,0.949864
0.5,6,0.950506
0.5,4,0.950932
0.5,4,0.951357
0.5,4,0.951813
0.5,4,0.952473
0.5,4,0.953083
0.0,238,0.978014
0.0,69,0.985015
0.5,4,0.98545
0.5,4,0.985883
0.5,6,0.986537
0.5,4,0.986967
0.5,4,0.987389
0.5,4,0.98783
0.5,4,0.98826
0.5,4,0.9887
0.5,4,0.98912
0.5,4,0.98954
0.5,8,0.990352
0.5,4,0.990794
0.5,4,0.991228
0.5,4,0.991659
0.5,4,0.992089
0.5,4,0.992531
0.5,4,0.992953
0.5,6,0.993581
0.5,4,0.994007
0.5,6,0.994645
0.5,4,0.99507
0.5,4,0.995506
0.5,4,0.995933
0.5,7,0.996714
0.5,4,0.997136
0.5,4,0.997572
0.5,4,0.998003
0.5,4,0.998432
0.5,4,0.998908
0.5,4,0.999334
0.5,4,0.999756
0.5,4,1.000175
0.5,4,1.000597
0.5,4,1.001016
0.5,6,1.001651
0.5,4,1.002079
0.5,4,1.002517
0.5,6,1.003145
0.5,4,1.003592
0.5,4,1.004016
0.5,4,1.004437
0.5,7,1.00518
0.5,4,1.005622
0.5,4,1.006056
0.5,4,1.006489
0.5,6,1.007121
0.5,4,1.007563
0.5,4,1.007985
0.5,4,1.008408
0.5,4,1.008852
0.5,4,1.009281
0.5,4,1.009706
0.5,6,1.010331
0.5,4,1.010767
0.5,6,1.011387
0.5,4,1.011811
0.5,6,1.012443
0.5,4,1.012875
0.5,8,1.013705
0.5,4,1.014137
0.5,4,1.014565
0.5,6,1.015201
0.5,4,1.015631
0.5,4,1.016083
0.5,4,1.016612
0.5,4,1.017048
0.5,4,1.017501
0.5,4,1.017969
0.5,4,1.018395
0.5,4,1.018852
0.5,4,1.019294
0.5,7,1.020036
0.5,4,1.020481
0.5,6,1.021101
0.5,7,1.021836
0.5,6,1.02248
0.5,8,1.02332
0.5,6,1.023955
0.5,4,1.024386
0.5,4,1.024825
0.5,4,1.025249
0.5,4,1.025691
0.5,4,1.026122
0.5,4,1.026566
0.5,6,1.027189
0.5,4,1.027637
0.5,4,1.028068
0.5,4,1.028509
0.5,4,1.02893
0.5,4,1.029352
0.5,4,1.029773
0.5,8,1.030598
0.5,4,1.031034
0.5,6,1.031674
0.5,4,1.032102
0.5,4,1.032525
0.5,4,1.033157
0.5,4,1.033597
0.5,4,1.034022
0.5,4,1.034533
0.5,4,1.034965
0.5,4,1.035404
0.5,6,1.036025
0.5,4,1.03646
0.5,4,1.036892
0.5,4,1.037323
0.5,4,1.037756
0.5,4,1.038185
0.5,4,1.038614
0.5,4,1.039049
0.5,4,1.039479
0.5,4,1.039908
0.5,6,1.040549
0.5,4,1.040967
0.5,4,1.041388
0.5,4,1.041807
0.5,4,1.042226
0.5,6,1.042866
0.5,4,1.043297
0.5,4,1.043838
0.5,4,1.044272
0.5,4,1.044712
0.5,4,1.045133
0.5,4,1.045556
0.5,4,1.045977
0.5,4,1.046412
0.5,4,1.046845
0.5,4,1.047279
0.5,4,1.047711
0.5,4,1.048143
0.5,4,1.048582
0.5,4,1.049002
0.5,6,1.049638
0.5,4,1.050069
0.5,4,1.050511
0.5,4,1.050953
0.5,4,1.051377
0.5,4,1.051819
0.5,4,1.052249
0.5,4,1.052685
0.5,10,1.053713
0.5,4,1.054227
0.5,6,1.054965
0.5,4,1.055395
0.5,6,1.056097
0.5,6,1.056714
0.5,4,1.057138
0.5,4,1.057561
0.5,6,1.05818
0.5,4,1.05862
0.5,4,1.059174
0.5,6,1.060039
0.5,4,1.060618
0.5,4,1.061196
0.5,4,1.061687
0.5,4,1.062129
0.5,6,1.062761
0.5,4,1.063244
0.5,4,1.063675
0.5,4,1.064104
0.5,4,1.064534
0.5,4,1.064965
0.5,6,1.065595
0.5,4,1.066024
0.5,4,1.066453
0.5,4,1.066933
0.5,4,1.06737
0.5,4,1.0678
0.5,4,1.068233
0.5,4,1.068661
0.5,4,1.069091
0.5,4,1.069519
0.5,4,1.069949
0.5,4,1.070376
0.5,4,1.070808
0.5,4,1.071246
0.5,4,1.07168
0.5,4,1.072196
0.5,4,1.072637
0.5,4,1.073061
0.5,4,1.0735
0.5,8,1.07433
0.5,4,1.074775
0.5,4,1.075262
0.5,4,1.075778
0.5,4,1.076213
0.5,4,1.076702
0.5,6,1.077327
0.5,4,1.077752
0.5,4,1.078176
0.5,4,1.078612
0.5,4,1.079053
0.5,4,1.079493
0.5,4,1.079922
0.5,4,1.080353
0.5,4,1.080791
0.5,4,1.081215
0.5,6,1.081852
0.5,4,1.082291
0.5,4,1.082724
0.5,6,1.083375
0.5,4,1.083813
0.5,6,1.084461
0.5,4,1.084887
0.5,6,1.085507
0.5,4,1.085933
0.5,4,1.086359
0.5,8,1.087214
0.5,4,1.087651
0.5,4,1.088085
0.5,4,1.088516
0.5,4,1.088946
0.5,4,1.089377
0.5,4,1.089819
0.5,4,1.090241
0.5,4,1.090686
0.5,4,1.091122
0.5,7,1.091853
0.5,4,1.092283
0.5,4,1.092721
0.5,6,1.093335
0.5,4,1.093776
0.5,4,1.094206
0.5,4,1.094635
0.5,4,1.095073
0.5,6,1.095706
0.5,4,1.096137
0.5,4,1.096565
0.5,6,1.097199
0.5,6,1.097826
0.5,6,1.098469
0.5,4,1.098897
0.5,4,1.099368
0.5,4,1.099811
0.5,4,1.100242
0.5,8,1.101069
0.5,4,1.101504
0.5,4,1.101937
0.5,4,1.102403
0.5,6,1.10304
0.5,6,1.103673
0.5,6,1.104304
0.5,11,1.105422
0.5,4,1.105865
0.5,8,1.106697
0.5,4,1.107131
0.5,4,1.107563
0.5,4,1.107995
0.5,4,1.108422
0.5,4,1.108853
0.5,6,1.109482
0.5,4,1.109962
0.5,4,1.110393
0.5,6,1.111066
0.5,4,1.111497
0.5,4,1.111924
0.5,4,1.112353
0.5,7,1.113076
0.5,4,1.113509
0.5,4,1.113937
0.5,4,1.114364
0.5,6,1.115001
0.5,4,1.115448
0.5,8,1.116274
0.5,4,1.116708
0.5,4,1.117128
0.5,4,1.11755
0.5,4,1.117971
0.5,4,1.118394
0.5,4,1.11884
0.5,4,1.119276
0.5,4,1.119703
0.5,4,1.120132
0.5,4,1.120572
0.5,4,1.120992
0.5,4,1.121425
0.5,4,1.121852
0.5,4,1.122282
0.5,4,1.12271
0.5,4,1.123144
0.5,4,1.123575
0.5,4,1.124
0.5,4,1.124426
0.5,6,1.125049
0.5,4,1.125477
0.5,4,1.125907
0.5,4,1.126335
0.5,4,1.126768
0.5,6,1.127409
0.5,4,1.12783
0.5,6,1.128451
0.5,4,1.128874
0.5,6,1.1295
0.5,6,1.130125
0.5,4,1.130565
0.5,4,1.130991
0.5,4,1.131438
0.5,4,1.131868
0.5,4,1.132296
0.5,4,1.132723
0.5,4,1.133153
0.5,4,1.133577
0.5,4,1.134007
0.5,4,1.134436
0.5,4,1.134873
0.5,4,1.135298
0.5,4,1.135715
0.5,4,1.136134
0.5,6,1.13675
0.5,4,1.137172
0.5,4,1.13761
0.5,4,1.138042
0.5,6,1.13867
0.5,4,1.139099
0.5,4,1.13953
0.5,4,1.139958
0.5,6,1.140599
0.5,4,1.141021
0.5,6,1.141773
0.5,6,1.142516
0.5,4,1.142943
0.5,4,1.143367
0.5,4,1.143789
0.5,4,1.14421
0.5,4,1.14463
0.5,4,1.145049
0.5,4,1.14548
0.5,4,1.145911
0.5,6,1.146535
0.5,4,1.146967
0.5,4,1.147407
0.5,4,1.147928
0.5,4,1.148361
0.5,4,1.148792
0.5,4,1.149209
0.5,4,1.149633
0.5,4,1.150054
0.5,4,1.150486
0.5,4,1.150956
0.5,4,1.151401
0.5,4,1.151823
0.5,4,1.152267
0.5,4,1.152714
0.5,4,1.153139
0.5,6,1.153765
0.5,4,1.154195
0.5,4,1.154621
0.5,4,1.155054
0.5,4,1.155497
0.5,4,1.155917
0.5,4,1.156338
0.5,4,1.156757
0.5,6,1.157373
0.5,8,1.158208
0.5,6,1.158841
0.5,4,1.159271
0.5,4,1.159709
0.5,6,1.160324
0.5,4,1.160764
0.5,4,1.161193
0.5,6,1.161825
0.5,4,1.162256
0.5,4,1.162707
0.5,4,1.163243
0.5,4,1.163691
0.5,4,1.164142
0.5,4,1.164643
0.5,4,1.165067
0.5,4,1.165493
0.5,4,1.165911
0.5,4,1.166333
0.5,4,1.166772
0.5,4,1.167243
0.5,4,1.167836
0.5,4,1.168407
0.5,6,1.169266
0.5,8,1.170312
0.5,6,1.170966
0.5,6,1.171604
0.5,4,1.172036
0.5,4,1.172465
0.5,4,1.172892
0.5,4,1.173321
0.5,6,1.173951
0.5,4,1.174381
0.5,6,1.175013
0.5,4,1.175443
0.5,9,1.176412
0.5,4,1.176844
0.5,4,1.177273
0.5,6,1.177899
0.5,4,1.17833
0.5,4,1.178771
0.5,4,1.179204
0.5,6,1.179833
0.5,4,1.180265
0.5,6,1.180897
0.5,4,1.18132
0.5,4,1.181759
0.5,4,1.182188
0.5,6,1.182819
0.5,4,1.183257
0.5,4,1.183738
0.5,4,1.184288
0.5,4,1.1849
0.5,4,1.185469
0.5,4,1.185904
0.5,4,1.186419
0.5,4,1.186858
0.5,4,1.187289
0.5,4,1.18772
0.5,6,1.188345
0.5,7,1.189079
0.5,9,1.190005
0.5,4,1.190434
0.5,6,1.1911
0.5,6,1.191741
0.5,4,1.192223
0.5,4,1.192646
0.5,6,1.193296
0.5,6,1.193937
0.5,4,1.194366
0.5,4,1.194799
0.5,4,1.19524
0.5,4,1.195662
0.5,4,1.196185
0.5,6,1.1968
0.5,4,1.197224
0.5,6,1.197842
0.5,4,1.198265
0.5,6,1.198911
0.5,4,1.199345
0.5,4,1.199782
0.5,4,1.200214
0.5,4,1.200643
0.5,4,1.201071
0.5,4,1.20151
0.5,4,1.20193
0.5,4,1.202352
0.5,4,1.202795
0.5,4,1.203233
0.5,4,1.203672
0.5,4,1.204092
0.5,6,1.204731
0.5,4,1.205161
0.5,4,1.205593
0.5,4,1.206019
0.5,6,1.206647
0.5,4,1.207081
0.5,6,1.20772
0.5,4,1.208148
0.5,8,1.208983
0.5,4,1.209413
0.5,4,1.209844
0.5,4,1.210273
0.5,4,1.210705
0.5,6,1.211356
0.5,4,1.211784
0.5,4,1.212212
0.5,4,1.212649
0.5,4,1.213081
0.5,4,1.213502
0.5,4,1.213925
0.5,6,1.214556
0.5,6,1.215191
0.5,4,1.215624
0.5,4,1.216057
0.5,4,1.216498
0.5,6,1.217117
0.5,4,1.217554
0.5,6,1.218183
0.5,4,1.218626
0.5,4,1.219049
0.5,4,1.219473
0.5,4,1.219894
0.5,6,1.22053
0.5,6,1.221164
0.5,4,1.221594
0.5,6,1.222225
0.5,4,1.222665
0.5,4,1.223182
0.5,4,1.223609
0.5,4,1.224031
0.5,4,1.224466
0.5,4,1.224895
0.5,4,1.225323
0.5,4,1.225751
0.5,8,1.226577
0.5,6,1.227223
0.5,4,1.227659
0.5,4,1.22809
0.5,4,1.228524
0.5,4,1.228955
0.5,4,1.229381
0.5,6,1.230013
0.5,4,1.230435
0.5,4,1.230861
0.5,4,1.231283
0.5,6,1.231922
0.5,4,1.232352
0.5,4,1.232788
0.5,4,1.23321
0.5,4,1.233651
0.5,4,1.234084
0.5,4,1.234515
0.5,4,1.234946
0.5,4,1.235376
0.5,4,1.235811
0.5,4,1.236234
0.5,4,1.236653
0.5,8,1.237481
0.5,4,1.237911
0.5,4,1.23834
0.5,4,1.238769
0.5,8,1.239599
0.5,4,1.240026
0.5,8,1.240849
0.5,8,1.241676
0.5,4,1.242107
0.5,4,1.242548
0.5,4,1.242979
0.5,4,1.243417
0.5,4,1.243848
0.5,6,1.244493
0.5,4,1.244916
0.5,6,1.24555
0.5,4,1.245982
0.5,4,1.246411
0.5,4,1.246845
0.5,4,1.247278
0.5,4,1.247723
0.5,4,1.248145
0.5,4,1.248581
0.5,4,1.24901
0.5,4,1.249437
0.5,8,1.250257
0.5,6,1.251043
0.5,4,1.251488
0.5,6,1.252109
0.5,4,1.252531
0.5,6,1.253145
0.5,7,1.253882
0.5,4,1.254312
0.5,4,1.254748
0.5,6,1.255515
0.5,4,1.255944
0.5,6,1.256573
0.5,4,1.257005
0.5,6,1.257645
0.5,4,1.258061
0.5,4,1.258483
0.5,4,1.258905
0.5,6,1.259532
0.5,8,1.260344
0.5,4,1.260785
0.5,9,1.26184
0.5,4,1.262265
0.5,4,1.262705
0.5,4,1.263178
0.5,4,1.263622
0.5,4,1.264043
0.5,4,1.264465
0.5,6,1.265083
0.5,9,1.266016
0.5,4,1.266448
0.5,4,1.266883
0.5,4,1.267314
0.5,4,1.267741
0.5,4,1.268169
0.5,4,1.268599
0.5,4,1.269023
0.5,4,1.269465
0.5,4,1.269883
0.5,4,1.270302
0.5,4,1.270743
0.5,4,1.271177
0.5,6,1.271808
0.5,4,1.272237
0.5,4,1.272685
0.5,4,1.273178
0.5,9,1.274189
0.5,6,1.274835
0.5,4,1.275269
0.5,4,1.275693
0.5,6,1.2763
0.5,4,1.276878
0.5,4,1.277457
0.5,6,1.278297
0.5,4,1.278916
0.5,4,1.279496
0.5,4,1.280068
0.5,6,1.280716
0.5,4,1.281147
0.5,4,1.281578
0.5,4,1.282008
0.5,6,1.28264
0.5,8,1.283521
0.5,4,1.283958
0.5,4,1.284387
0.5,4,1.284818
0.5,4,1.285249
0.5,4,1.285679
0.5,4,1.286109
0.5,4,1.286537
0.5,4,1.287007
0.5,6,1.287644
0.5,6,1.288275
0.5,4,1.288711
0.5,4,1.289139
0.5,4,1.289578
0.5,4,1.289994
0.5,6,1.290638
0.5,4,1.291075
0.5,4,1.29151
0.5,4,1.291941
0.5,6,1.292572
0.5,4,1.293006
0.5,4,1.293478
0.5,6,1.294174
0.5,6,1.294839
0.5,4,1.295291
0.5,4,1.29573
0.5,4,1.296161
0.5,4,1.296587
0.5,6,1.297208
0.5,6,1.297924
0.5,4,1.298357
0.5,4,1.298886
0.5,4,1.29931
0.5,4,1.299731
0.5,4,1.300154
0.5,6,1.300785
0.5,6,1.30141
0.5,4,1.301843
0.5,4,1.302267
0.5,4,1.302707
0.5,4,1.303178
0.5,8,1.304056
0.5,4,1.304478
0.5,4,1.304898
0.5,4,1.305318
0.5,6,1.305936
0.5,4,1.306356
0.5,6,1.306977
0.5,4,1.307425
0.5,6,1.308058
0.5,4,1.308488
0.5,4,1.308918
0.5,4,1.30935
0.5,4,1.309778
0.5,4,1.310203
0.5,4,1.310645
0.5,4,1.311083
0.5,6,1.311716
0.5,4,1.312146
0.5,4,1.312588
0.5,4,1.313015
0.5,4,1.313438
0.5,4,1.31386
0.5,4,1.314279
0.5,6,1.314925
0.5,6,1.315559
0.5,4,1.315985
0.5,4,1.316414
0.5,4,1.316845
0.5,4,1.317275
0.5,6,1.317902
0.5,6,1.318529
0.5,4,1.318965
0.5,6,1.319592
0.5,4,1.320023
0.5,4,1.320453
0.5,4,1.320884
0.5,4,1.321316
0.5,4,1.321753
0.5,4,1.322175
0.5,6,1.322803
0.5,4,1.323232
0.5,4,1.323668
0.5,4,1.324103
0.5,4,1.324533
0.5,4,1.324961
0.5,6,1.325603
0.5,6,1.326218
0.5,4,1.326641
0.5,4,1.327066
0.5,4,1.327503
0.5,8,1.328334
0.5,4,1.32877
0.5,4,1.32919
0.5,4,1.329612
0.5,4,1.330035
0.5,4,1.330469
0.5,4,1.331013
0.5,4,1.331449
0.5,4,1.331875
0.5,4,1.332302
0.5,4,1.332732
0.5,4,1.333161
0.5,4,1.3336
0.5,6,1.334213
0.5,4,1.334652
0.5,6,1.335281
0.5,4,1.33572
0.5,4,1.33614
0.5,6,1.336844
0.5,4,1.337267
0.5,4,1.337689
0.5,4,1.338112
0.5,4,1.33855
0.5,4,1.338995
0.5,4,1.339428
0.5,4,1.339863
0.5,4,1.340286
0.5,4,1.340707
0.5,6,1.341324
0.5,4,1.341745
0.5,4,1.342164
0.5,8,1.343004
0.5,4,1.343436
0.5,4,1.343863
0.5,4,1.344293
0.5,4,1.344731
0.5,4,1.34515
0.5,4,1.34559
0.5,4,1.346022
0.5,6,1.346657
0.5,4,1.347082
0.5,4,1.347503
0.5,4,1.347925
0.5,4,1.348345
0.5,4,1.348768
0.5,4,1.349188
0.5,4,1.349625
0.5,6,1.350254
0.5,4,1.350684
0.5,7,1.351413
0.5,4,1.351845
0.5,4,1.352273
0.5,4,1.35271
0.5,4,1.353139
0.5,6,1.353752
0.5,4,1.354177
0.5,6,1.354824
0.5,4,1.355261
0.5,6,1.355891
0.5,4,1.356323
0.5,4,1.356764
0.5,4,1.357186
0.5,4,1.357624
0.5,4,1.358051
0.5,6,1.358676
0.5,4,1.359115
0.5,4,1.35979
0.5,4,1.360215
0.5,4,1.36064
0.5,4,1.361063
0.5,4,1.361487
0.5,4,1.361909
0.5,4,1.362327
0.5,4,1.362769
0.5,4,1.363235
0.5,4,1.363676
0.5,4,1.364099
0.5,4,1.364541
0.5,4,1.364969
0.5,4,1.3654
0.5,4,1.365831
0.5,4,1.366261
0.5,4,1.366697
0.5,4,1.367124
0.5,4,1.367563
0.5,4,1.367993
0.5,4,1.368422
0.5,6,1.369054
0.5,4,1.369475
0.5,4,1.369899
0.5,8,1.370738
0.5,7,1.37152
0.5,4,1.371956
0.5,4,1.372387
0.5,4,1.372821
0.5,4,1.373244
0.5,4,1.37366
0.5,6,1.374322
0.5,4,1.374768
0.5,4,1.375204
0.5,6,1.375838
0.5,4,1.376259
0.5,6,1.376897
0.5,4,1.377331
0.5,4,1.377761
0.5,6,1.378391
0.5,4,1.378831
0.5,4,1.379253
0.5,6,1.37987
0.5,4,1.380291
0.5,4,1.38071
0.5,4,1.381131
0.5,4,1.381568
0.5,13,1.382889
0.5,4,1.383334
0.5,4,1.383834
0.5,4,1.384268
0.5,4,1.384709
0.5,4,1.385283
0.5,4,1.38587
0.5,4,1.386444
0.5,4,1.387026
0.5,4,1.38761
0.5,6,1.388456
0.5,4,1.389032
0.5,4,1.389606
0.5,4,1.390181
0.5,6,1.391015
0.5,6,1.39166
0.5,4,1.392092
0.5,4,1.392522
0.5,4,1.392951
0.5,4,1.393377
0.5,6,1.394009
0.5,4,1.39444
0.5,4,1.394873
0.5,4,1.395307
0.5,6,1.395936
0.5,10,1.396965
0.5,4,1.397398
0.5,4,1.397831
0.5,4,1.398261
0.5,4,1.398689
0.5,4,1.399123
0.5,4,1.399552
0.5,4,1.399985
0.5,7,1.400716
0.5,4,1.401144
0.5,8,1.401972
0.5,6,1.402602
0.5,4,1.403036
0.5,4,1.403467
0.5,4,1.403898
0.5,4,1.404347
0.5,4,1.404834
0.5,4,1.405266
0.5,4,1.405694
0.5,8,1.406611
0.5,4,1.407047
0.5,8,1.407864
0.5,4,1.408287
0.5,4,1.408724
0.5,4,1.409153
0.5,6,1.409782
0.5,4,1.410211
0.5,4,1.410647
0.5,6,1.411269
0.5,4,1.411708
0.5,4,1.412226
0.5,4,1.412657
0.5,4,1.413088
0.5,4,1.41353
0.5,6,1.414146
0.5,4,1.414563
0.5,4,1.414988
0.5,6,1.415602
0.5,4,1.41602
0.5,4,1.416471
0.5,4,1.416903
0.5,4,1.417332
0.5,8,1.418158
0.5,4,1.418742
0.5,6,1.419365
0.5,8,1.420175
0.5,4,1.42061
0.5,4,1.421041
0.5,4,1.421481
0.5,6,1.422097
0.5,4,1.422533
0.5,4,1.422966
0.5,6,1.423619
0.5,4,1.42404
0.5,4,1.424476
0.5,6,1.4251
0.5,4,1.425527
0.5,4,1.425957
0.5,4,1.426387
0.5,4,1.426823
0.5,4,1.427245
0.5,6,1.427901
0.5,4,1.42833
0.5,6,1.428961
0.5,6,1.429574
0.5,4,1.429992
0.5,4,1.43041
0.5,4,1.430856
0.5,4,1.431287
0.5,10,1.43231
0.5,4,1.432741
0.5,4,1.433173
0.5,4,1.433615
0.5,7,1.434327
0.5,4,1.434769
0.5,6,1.435402
0.5,4,1.435833
0.5,4,1.43626
0.5,10,1.437514
0.5,4,1.437937
0.5,4,1.438358
0.5,6,1.438989
0.5,4,1.439433
0.5,4,1.439862
0.5,4,1.44029
0.5,4,1.440727
0.5,4,1.441147
0.5,4,1.441583
0.5,4,1.442014
0.5,4,1.442452
0.5,4,1.442873
0.5,4,1.443295
0.5,4,1.443732
0.5,6,1.444357
0.5,4,1.444794
0.5,4,1.445211
0.5,4,1.445649
0.5,4,1.446076
0.5,4,1.446505
0.5,4,1.44697
0.5,4,1.447399
0.5,6,1.448029
0.5,4,1.448449
0.5,4,1.448869
0.5,4,1.449289
0.5,4,1.449726
0.5,4,1.450243
0.5,6,1.450884
0.5,6,1.451502
0.5,4,1.451921
0.5,6,1.452591
0.5,4,1.453115
0.5,6,1.453878
0.5,4,1.454296
0.5,4,1.454714
0.5,8,1.455543
0.5,4,1.455967
0.5,6,1.456584
0.5,4,1.457007
0.5,4,1.457441
0.5,6,1.45807
0.5,8,1.458907
0.5,8,1.459733
0.5,4,1.460161
0.5,4,1.46059
0.5,4,1.461019
0.5,6,1.461656
0.5,4,1.462076
0.5,4,1.462512
0.5,4,1.462946
0.5,4,1.463379
0.5,4,1.463816
0.5,11,1.464941
0.5,4,1.465375
0.5,6,1.466005
0.5,4,1.466439
0.5,4,1.466869
0.5,4,1.467299
0.5,8,1.468123
0.5,4,1.468562
0.5,6,1.469344
0.5,4,1.469779
0.5,4,1.470194
0.5,4,1.470617
0.5,4,1.471041
0.5,6,1.471669
0.5,6,1.472288
0.5,6,1.472927
0.5,6,1.47355
0.5,6,1.474176
0.5,4,1.474607
0.5,4,1.475041
0.5,4,1.475471
0.5,6,1.476098
0.5,6,1.47673
0.5,4,1.477152
0.5,4,1.477573
0.5,6,1.478179
0.5,4,1.478616
0.5,4,1.479086
0.5,4,1.479625
0.5,4,1.480057
0.5,6,1.480685
0.5,4,1.481115
0.5,4,1.481544
0.5,7,1.48227
0.5,4,1.482708
0.5,4,1.483139
0.5,4,1.483579
0.5,4,1.484013
0.5,4,1.484443
0.5,10,1.485485
0.5,4,1.485906
0.5,4,1.486328
0.5,4,1.486756
0.5,4,1.487185
0.5,6,1.487871
0.5,4,1.488303
0.5,6,1.488926
0.5,4,1.489354
0.5,4,1.489789
0.5,4,1.49021
0.5,4,1.490628
0.5,4,1.491054
0.5,4,1.491505
0.5,4,1.491984
0.5,4,1.492455
0.5,6,1.493072
0.5,4,1.493601
0.5,6,1.494231
0.5,4,1.494734
0.5,4,1.495309
0.5,4,1.495898
0.5,4,1.496474
0.5,4,1.497047
0.5,6,1.497891
0.5,6,1.498733
0.5,6,1.499508
0.5,4,1.499951
0.5,4,1.500379
0.5,6,1.50101
0.5,4,1.501441
0.5,4,1.501871
0.5,4,1.502301
0.5,4,1.502735
0.5,6,1.503409
0.5,4,1.503844
0.0,59,1.509797
0.5,4,1.510229
0.5,6,1.510856
0.5,6,1.511489
0.5,4,1.511918
0.5,4,1.512348
0.5,4,1.512799
0.5,4,1.513291
0.5,4,1.513725
0.5,4,1.514156
0.5,4,1.514675
0.5,4,1.515108
0.5,4,1.515547
0.5,4,1.515976
0.5,4,1.516404
0.5,4,1.516839
0.5,4,1.51726
0.5,4,1.517702
0.5,4,1.518129
0.5,4,1.518567
0.5,4,1.51899
0.5,4,1.519419
0.5,4,1.519841
0.5,4,1.52027
0.5,6,1.520913
0.5,8,1.52176
0.5,4,1.522183
0.5,4,1.522621
0.5,4,1.52309
0.5,4,1.523532
0.5,4,1.52395
0.5,4,1.524369
0.5,4,1.52481
0.5,6,1.52552
0.5,4,1.525959
0.5,6,1.526597
0.5,4,1.527078
0.5,4,1.527552
0.5,6,1.528163
0.5,4,1.528583
0.5,6,1.529199
0.5,4,1.529638
0.5,4,1.530062
0.5,6,1.530698
0.5,4,1.531127
0.5,4,1.531547
0.5,4,1.531968
0.5,8,1.532799
0.5,4,1.533229
0.5,4,1.533658
0.5,4,1.534087
0.5,6,1.534716
0.5,6,1.535349
0.5,4,1.535794
0.5,4,1.536218
0.5,6,1.53686
0.5,4,1.537289
0.5,4,1.537722
0.5,4,1.538151
0.5,4,1.538591
0.5,4,1.539017
0.5,4,1.539436
0.5,6,1.540052
0.5,8,1.540881
0.5,4,1.54131
0.5,4,1.541747
0.5,4,1.542166
0.5,4,1.542604
0.5,4,1.543081
0.5,4,1.543514
0.5,4,1.543943
0.5,4,1.544373
0.5,4,1.544806
0.5,4,1.545227
0.5,8,1.546056
0.5,6,1.546682
0.5,6,1.547313
0.5,4,1.547752
0.5,4,1.548173
0.5,4,1.548609
0.5,4,1.549041
0.5,7,1.549772
0.5,6,1.550384
0.5,4,1.550827
0.5,6,1.551469
0.5,4,1.551903
0.5,4,1.552341
0.5,6,1.552967
0.5,4,1.553418
0.5,6,1.554037
0.5,4,1.554458
0.5,4,1.554882
0.5,6,1.555502
0.5,4,1.555926
0.5,4,1.556348
0.5,6,1.556989
0.5,4,1.557419
0.5,4,1.557851
0.5,4,1.558282
0.5,4,1.558718
0.5,6,1.559334
0.0,37,1.563072
0.5,8,1.563941
0.5,4,1.564373
0.5,4,1.564809
0.5,6,1.565426
0.5,4,1.565845
0.5,4,1.566267
0.5,4,1.566687
0.5,4,1.567116
0.5,4,1.567554
0.5,6,1.56819
0.5,4,1.568622
0.5,7,1.569344
0.5,4,1.56978
0.5,4,1.570203
0.5,4,1.570638
0.5,6,1.571276
0.5,4,1.571712
0.5,4,1.572134
0.5,6,1.572771
0.5,4,1.5732
0.5,4,1.573629
0.5,6,1.574255
0.5,4,1.574687
0.5,4,1.575131
0.5,4,1.575563
0.5,4,1.575992
0.5,4,1.576435
0.5,4,1.576976
0.5,4,1.577506
0.5,4,1.577924
0.5,4,1.578346
0.5,4,1.578765
0.5,4,1.57919
0.5,4,1.57961
0.5,4,1.58003
0.5,6,1.580666
0.5,4,1.581093
0.5,4,1.581522
0.5,4,1.581948
0.5,7,1.582673
0.5,4,1.583107
0.5,4,1.583538
0.5,4,1.583969
0.5,6,1.584614
0.5,6,1.585232
0.5,4,1.585669
0.5,4,1.586095
0.5,4,1.586536
0.5,6,1.587155
0.5,4,1.58763
0.5,4,1.588063
0.5,4,1.588503
0.5,4,1.588924
0.5,4,1.589345
0.5,4,1.589787
0.5,4,1.590216
0.5,4,1.590645
0.5,4,1.591079
0.5,6,1.591717
0.5,4,1.592137
0.5,4,1.592559
0.5,4,1.592979
0.5,4,1.5934
0.5,4,1.593843
0.5,6,1.594478
0.5,6,1.595097
0.5,6,1.595715
0.5,4,1.596131
0.5,4,1.596566
0.5,4,1.596997
0.5,6,1.597624
0.5,4,1.598052
0.5,6,1.598677
0.5,4,1.599108
0.5,4,1.599536
0.5,4,1.599972
0.5,4,1.6004
0.5,6,1.601134
0.5,4,1.6016
0.5,4,1.602024
0.5,4,1.60251
0.5,4,1.603168
0.5,4,1.603638
0.5,8,1.604444
0.5,4,1.604899
0.5,4,1.605317
0.5,4,1.605735
0.5,8,1.606535
0.5,4,1.607002
0.5,6,1.607655
0.5,4,1.608074
0.5,4,1.608562
0.5,4,1.609016
0.5,6,1.609624
0.5,4,1.610042
0.5,4,1.610458
0.5,4,1.610913
0.5,4,1.611332
0.5,4,1.611749
0.5,4,1.612165
0.5,4,1.61258
0.5,8,1.613377
0.5,6,1.613989
0.0,2,1.614206
0.5,4,1.614622
0.5,4,1.615081
0.5,4,1.615501
0.5,4,1.615917
0.5,4,1.616333
0.5,6,1.61694
0.5,4,1.61736
0.5,4,1.617777
0.5,6,1.618385
0.5,6,1.619
0.5,4,1.619419
0.5,4,1.619836
0.5,4,1.620253
0.5,4,1.620671
0.5,4,1.62109
0.5,4,1.621529
0.5,6,1.622219
0.5,4,1.622703
0.5,6,1.623453
0.5,4,1.62387
0.5,4,1.624286
0.5,4,1.624703
0.5,4,1.62512
0.5,11,1.626213
0.5,4,1.626631
0.5,4,1.627053
0.5,4,1.627473
0.5,7,1.628174
0.5,4,1.628591
0.5,4,1.629031
0.5,4,1.629461
0.5,4,1.629876
0.5,4,1.63029
0.5,4,1.630708
0.5,4,1.631125
0.5,4,1.631539
0.5,4,1.631952
0.5,4,1.632367
0.5,4,1.632885
0.5,4,1.633301
0.5,4,1.63372
0.5,4,1.634136
0.5,8,1.63494
0.0,4,1.635355
0.5,4,1.635771
0.5,4,1.636189
0.5,4,1.63664
0.5,4,1.637054
0.5,4,1.637469
0.5,4,1.637884
0.5,4,1.638301
0.5,4,1.638717
0.5,6,1.639439
0.5,4,1.639867
0.5,4,1.64029
0.5,4,1.640711
0.5,6,1.641331
0.5,6,1.641947
0.5,4,1.642367
0.5,6,1.643023
0.5,4,1.643552
0.5,4,1.644038
0.5,8,1.644913
0.5,4,1.645337
0.5,4,1.645757
0.5,4,1.646179
0.5,4,1.646598
0.5,6,1.64722
0.5,4,1.647645
0.5,4,1.648073
0.5,6,1.648689
0.5,4,1.649114
0.5,6,1.64973
0.5,6,1.65035
0.5,4,1.650812
0.5,4,1.651237
0.5,4,1.651692
0.5,4,1.652112
0.5,4,1.652532
0.5,4,1.652953
0.5,4,1.653374
0.5,4,1.653796
0.5,4,1.654216
0.5,4,1.65464
0.5,4,1.655066
0.5,4,1.655488
0.5,4,1.65591
0.5,4,1.656332
0.5,4,1.656753
0.5,4,1.657176
0.5,4,1.657602
0.5,4,1.658025
0.5,4,1.658444
0.5,6,1.659064
0.5,6,1.659685
0.5,4,1.660104
0.5,6,1.660716
0.5,4,1.661139
0.5,6,1.661756
0.5,4,1.662179
0.5,8,1.663016
0.5,4,1.663446
0.5,4,1.663877
0.5,4,1.664307
0.5,6,1.664937
0.5,6,1.665554
0.5,4,1.665975
0.5,4,1.666398
0.5,4,1.666824
0.5,4,1.667246
0.5,4,1.667667
0.5,4,1.66809
0.5,4,1.668529
0.5,4,1.66896
0.5,4,1.669389
0.5,4,1.669826
0.5,4,1.670248
0.5,4,1.67067
0.5,4,1.671096
0.5,4,1.671534
0.5,4,1.671963
0.5,6,1.672594
0.5,4,1.673022
0.5,4,1.673452
0.5,4,1.673878
0.5,4,1.674309
0.5,4,1.674744
0.5,4,1.675168
0.5,4,1.675586
0.5,4,1.676005
0.5,4,1.676442
0.5,4,1.676913
0.5,4,1.677347
0.5,4,1.677779
0.5,4,1.678208
0.5,4,1.678639
0.5,6,1.679301
0.5,6,1.679939
0.5,8,1.680774
0.5,4,1.681208
0.5,6,1.681842
0.5,4,1.682273
0.5,4,1.682702
0.5,4,1.683137
0.5,6,1.683774
0.5,4,1.684388
0.5,4,1.684814
0.5,4,1.685236
0.5,4,1.685659
0.5,4,1.686078
0.5,4,1.686517
0.5,4,1.686951
0.5,4,1.687386
0.5,4,1.687814
0.5,4,1.688244
0.5,4,1.688676
0.0,31,1.691831
0.5,4,1.692266
0.5,8,1.693093
0.5,4,1.693523
0.5,4,1.693951
0.5,4,1.694381
0.5,4,1.694921
0.5,4,1.695352
0.5,4,1.695789
0.5,4,1.696209
0.5,4,1.696649
0.5,4,1.697078
0.5,4,1.697506
0.5,4,1.698022
0.5,7,1.698945
0.5,6,1.699563
0.5,6,1.700182
0.5,4,1.70064
0.5,4,1.701062
0.5,4,1.701485
0.5,6,1.702103
0.5,4,1.702541
0.5,4,1.702973
0.5,4,1.703442
0.5,6,1.704069
0.5,4,1.704498
0.5,6,1.70513
0.5,6,1.705762
0.5,4,1.706195
0.5,4,1.706625
0.5,6,1.707259
0.5,4,1.707692
0.5,6,1.708322
0.5,6,1.708953
0.5,4,1.709383
0.5,6,1.710047
0.5,6,1.710676
0.5,4,1.711145
0.5,4,1.71158
0.5,4,1.712012
0.5,6,1.712645
0.5,4,1.713073
0.5,6,1.713701
0.5,4,1.714132
0.5,4,1.714605
0.5,8,1.715435
0.5,4,1.715869
0.5,4,1.716299
0.5,4,1.71673
0.5,4,1.717159
0.5,4,1.717589
0.5,4,1.718017
0.5,4,1.718471
0.5,11,1.71975
0.5,4,1.720185
0.5,4,1.720615
0.5,4,1.72108
0.5,4,1.721521
0.5,4,1.721941
0.5,4,1.722362
0.5,4,1.722831
0.5,6,1.723477
0.5,4,1.723906
0.5,4,1.724336
0.5,4,1.724765
0.5,6,1.725395
0.5,4,1.725826
0.5,4,1.726254
0.5,8,1.727127
0.5,4,1.727561
0.5,4,1.727992
0.5,4,1.728421
0.5,6,1.729044
0.5,4,1.729471
0.5,4,1.729901
0.5,4,1.730333
0.5,4,1.730758
0.5,4,1.731194
0.5,6,1.731826
0.5,4,1.732256
0.5,4,1.732685
0.5,4,1.733116
0.5,4,1.733545
0.5,6,1.734169
0.5,6,1.734822
0.5,4,1.735338
0.5,4,1.73577
0.5,4,1.736201
0.5,8,1.73703
0.5,4,1.73746
0.5,6,1.738224
0.5,6,1.738853
0.5,4,1.739285
0.5,4,1.739717
0.5,4,1.74015
0.0,159,1.756303
0.5,4,1.756745
0.5,4,1.757179
0.5,4,1.757613
0.5,6,1.758248
0.5,4,1.758683
0.5,4,1.75912
0.5,4,1.759556
0.5,4,1.75999
0.5,4,1.760425
0.5,4,1.760858
0.5,4,1.761292
0.5,6,1.761925
0.5,6,1.762553
0.5,4,1.762982
0.5,4,1.763412
0.5,4,1.763844
0.5,6,1.764478
0.5,4,1.764911
0.5,4,1.765345
0.5,6,1.765969
0.5,4,1.766401
0.5,4,1.766836
0.5,4,1.767269
0.5,6,1.767898
0.5,6,1.768531
0.5,4,1.768965
0.5,6,1.769594
0.5,4,1.770027
0.5,4,1.77046
0.5,4,1.770897
0.5,8,1.771728
0.5,4,1.77216
0.5,4,1.772594
0.5,4,1.773029
0.5,4,1.773459
0.5,6,1.774086
0.5,4,1.774517
0.5,4,1.774953
0.5,4,1.775382
0.5,4,1.775809
0.5,4,1.776241
0.5,4,1.776671
0.5,6,1.777303
0.5,6,1.777932
0.5,8,1.778764
0.5,6,1.779399
0.5,8,1.780231
0.5,4,1.780665
0.5,4,1.781097
0.5,4,1.781531
0.5,4,1.781962
0.5,4,1.782394
0.5,4,1.782827
0.5,4,1.78326
0.5,4,1.783695
0.5,6,1.784327
0.5,6,1.784958
0.5,6,1.785589
0.5,6,1.786221
0.5,4,1.786653
0.5,6,1.787286
0.5,6,1.787923
0.5,4,1.788356
0.5,4,1.788786
0.5,4,1.789217
0.5,4,1.789647
0.5,4,1.790116
0.5,4,1.79055
0.5,4,1.791148
0.5,4,1.791604
0.5,4,1.792038
0.5,7,1.792771
0.5,4,1.793204
0.5,4,1.793636
0.5,4,1.794067
0.5,4,1.794499
0.5,4,1.794934
0.5,4,1.795366
0.5,4,1.795797
0.5,4,1.796225
0.5,8,1.797056
0.5,4,1.797491
0.5,4,1.797923
0.5,4,1.798353
0.5,4,1.798785
0.5,4,1.799219
0.5,6,1.799855
0.5,6,1.800489
0.5,4,1.800917
0.5,4,1.801345
0.5,4,1.801822
0.5,4,1.802268
0.5,4,1.80271
0.5,4,1.803161
0.5,4,1.803615
0.5,4,1.804065
0.5,4,1.804502
0.5,4,1.804931
0.5,6,1.805632
0.5,4,1.806129
0.5,4,1.806558
0.5,4,1.806991
0.5,4,1.807423
0.5,4,1.807889
0.5,4,1.808319
0.5,4,1.808745
0.5,4,1.809175
0.5,4,1.809602
0.5,4,1.81003
0.5,4,1.810462
0.5,4,1.810893
0.5,4,1.811324
0.5,4,1.811756
0.5,6,1.812388
0.5,4,1.81282
0.5,13,1.814144
0.5,4,1.814576
0.5,4,1.815009
0.5,4,1.815443
0.5,4,1.815909
0.5,8,1.81674
0.5,4,1.817201
0.5,4,1.817628
0.5,4,1.818059
0.5,4,1.818489
0.5,6,1.819115
0.5,4,1.819547
0.5,4,1.819978
0.5,4,1.820408
0.5,4,1.820839
0.5,4,1.82127
0.0,2,1.821495
0.5,4,1.821923
0.5,4,1.822351
0.5,4,1.822783
0.5,4,1.823217
0.5,4,1.823646
0.5,6,1.824274
0.5,4,1.824705
0.5,4,1.825135
0.5,4,1.825563
0.5,4,1.826066
0.5,4,1.82656
0.5,4,1.826997
0.0,152,1.842407
0.5,4,1.84285
0.5,4,1.843286
0.5,4,1.84372
0.5,4,1.844149
0.5,4,1.844579
0.5,6,1.845208
0.5,4,1.845638
0.5,4,1.846072
0.5,4,1.846503
0.5,4,1.846936
0.5,4,1.847366
0.5,4,1.847794
0.5,4,1.848225
0.5,6,1.848887
0.5,6,1.849515
0.5,4,1.849944
0.5,4,1.850375
0.5,4,1.850808
0.5,4,1.851241
0.5,4,1.851671
0.5,4,1.852099
0.5,4,1.85253
0.5,4,1.85296
0.5,4,1.853392
0.5,4,1.853822
0.5,4,1.854251
0.5,4,1.854682
0.5,4,1.855118
0.5,6,1.855748
0.5,4,1.856178
0.5,4,1.856608
0.5,4,1.857038
0.5,9,1.857962
0.5,4,1.858392
0.5,4,1.858831
0.5,4,1.859266
0.5,8,1.860101
0.5,4,1.860532
0.5,4,1.860965
0.5,6,1.861599
0.5,4,1.862029
0.5,6,1.862661
0.5,4,1.863097
0.5,6,1.86373
0.5,6,1.864361
0.5,4,1.864791
0.5,4,1.865219
0.5,8,1.866088
0.5,4,1.866523
0.5,4,1.866959
0.5,6,1.86759
0.5,4,1.868022
0.5,4,1.868453
0.5,6,1.869084
0.5,4,1.869516
0.5,4,1.869949
0.5,6,1.870578
0.5,4,1.871013
0.5,4,1.871443
0.5,4,1.871873
0.5,4,1.872301
0.5,4,1.872733
0.5,6,1.873367
0.5,4,1.8738
0.5,4,1.87423
0.5,4,1.874661
0.5,10,1.875695
0.5,4,1.876132
0.5,6,1.876764
0.5,4,1.877198
0.5,4,1.87763
0.5,6,1.878263
0.5,4,1.878695
0.5,4,1.879129
0.5,4,1.879562
0.0,401,1.920571
0.5,4,1.921014
0.5,8,1.921845
0.5,4,1.92228
0.5,6,1.922983
0.5,6,1.923621
0.5,6,1.924252
0.5,6,1.924886
0.5,6,1.925521
0.5,4,1.925951
0.5,6,1.926585
0.5,4,1.927024
0.5,4,1.927459
0.5,4,1.92789
0.5,4,1.928355
0.5,4,1.928787
0.5,4,1.929216
0.5,6,1.929844
0.5,4,1.930277
0.5,4,1.930704
0.5,4,1.931132
0.5,4,1.931564
0.5,4,1.931992
0.5,4,1.93242
0.5,4,1.932847
0.5,6,1.933497
0.5,9,1.934553
0.5,4,1.935024
0.5,4,1.935461
0.5,4,1.935893
0.5,4,1.936396
0.5,4,1.936847
0.5,6,1.937666
0.5,4,1.938098
0.5,4,1.938533
0.5,4,1.938968
0.5,4,1.939399
0.5,6,1.940027
0.5,4,1.940459
0.5,4,1.940886
0.5,4,1.941362
0.5,6,1.941994
0.5,6,1.942626
0.5,4,1.943062
0.5,4,1.943495
0.5,4,1.943927
0.5,4,1.94439
0.5,4,1.944821
0.5,6,1.945451
0.5,6,1.946085
0.5,6,1.946717
0.5,4,1.947154
0.5,4,1.947587
0.5,4,1.948017
0.5,4,1.948447
0.5,8,1.949275
0.5,6,1.949906
0.5,4,1.950338
0.5,4,1.95077
0.5,6,1.951441
0.5,4,1.951875
0.5,6,1.952543
0.5,6,1.953331
0.5,4,1.95378
0.5,4,1.954211
0.5,4,1.954676
0.5,4,1.955148
0.5,4,1.955579
0.5,4,1.956009
0.5,4,1.95644
0.5,4,1.956875
0.5,4,1.957305
0.5,6,1.957937
0.5,6,1.958572
0.5,4,1.959025
0.5,4,1.959461
0.5,4,1.959893
0.5,4,1.960323
0.5,4,1.960755
0.5,4,1.961191
0.5,6,1.961891
0.5,4,1.962323
0.5,6,1.96296
0.5,4,1.963393
0.5,6,1.964024
0.5,4,1.964458
0.5,8,1.965287
0.5,6,1.965921
0.5,6,1.96655
0.5,7,1.967284
0.5,6,1.967911
0.5,4,1.968342
0.5,4,1.968774
0.5,4,1.969206
0.5,4,1.969639
0.5,8,1.970469
0.5,4,1.970903
0.5,4,1.971335
0.5,4,1.971766
0.5,4,1.972197
0.5,4,1.972631
0.5,4,1.973059
0.5,4,1.97349
0.5,4,1.973919
0.5,6,1.97455
0.5,4,1.974986
0.5,4,1.975421
0.5,7,1.976151
0.5,9,1.977079
0.5,4,1.977508
0.5,4,1.977943
0.5,8,1.978775
0.5,4,1.979254
0.5,4,1.979688
0.5,6,1.980323
0.5,4,1.980756
0.5,4,1.981191
0.5,4,1.981623
0.5,4,1.982055
0.5,6,1.982687
0.5,4,1.983127
0.5,4,1.983562
0.5,4,1.983996
0.5,4,1.984428
0.5,4,1.984858
0.5,4,1.985288
0.5,4,1.985719
0.5,4,1.98615
0.5,10,1.987183
0.5,4,1.987617
0.5,6,1.988251
0.5,8,1.989083
0.5,4,1.989516
0.5,4,1.989949
0.5,6,1.990585
0.5,4,1.991024
0.5,4,1.991461
0.5,8,1.992295
0.5,4,1.992727
0.5,6,1.99336
0.5,4,1.993793
0.5,4,1.994227
0.5,4,1.994659
0.5,4,1.995091
0.5,4,1.995523
0.5,4,1.995955
0.5,4,1.996387
0.5,4,1.996819
0.5,6,1.997448
0.5,4,1.997874
0.5,4,1.998306
0.5,4,1.998741
0.5,4,1.999178
0.5,4,1.999611
0.5,4,2.00004
0.5,4,2.000466
0.5,4,2.000896
0.5,4,2.00133
0.5,4,2.001762
0.5,6,2.002397
0.5,4,2.002834
0.5,4,2.003269
0.5,6,2.004067
0.5,4,2.004574
0.5,4,2.005022
0.5,6,2.005654
0.5,8,2.006484
0.5,4,2.006922
0.5,6,2.007557
0.5,4,2.007988
0.5,4,2.008417
0.5,4,2.008847
0.5,6,2.009476
0.5,4,2.00991
0.5,4,2.010342
0.5,4,2.010773
0.5,6,2.01141
0.5,6,2.012046
0.5,4,2.01248
0.5,4,2.012918
0.5,4,2.01335
0.5,6,2.013984
0.5,4,2.014451
0.5,6,2.015122
0.5,4,2.015559
0.5,4,2.015992
0.5,8,2.016866
0.5,6,2.0175
0.5,6,2.01813
0.5,6,2.018764
0.5,4,2.019202
0.5,4,2.019638
0.5,4,2.02007
0.5,6,2.02074
0.5,6,2.021448
0.5,4,2.02195
0.5,4,2.022382
0.5,4,2.022814
0.5,4,2.023248
0.5,4,2.023714
0.5,4,2.024147
0.5,4,2.02458
0.5,4,2.025013
0.5,4,2.025445
0.5,4,2.025876
0.5,4,2.026305
0.5,4,2.026741
0.5,8,2.02758
0.5,6,2.028221
0.5,4,2.028655
0.5,4,2.029087
0.5,4,2.029516
0.5,4,2.029981
0.5,4,2.030413
0.5,4,2.03088
0.5,6,2.031514
0.5,4,2.031947
0.5,4,2.032377
0.5,6,2.033007
0.5,6,2.033638
0.5,4,2.034069
0.5,4,2.034499
0.5,4,2.034936
0.5,4,2.035369
0.5,4,2.035798
0.5,6,2.036435
0.5,4,2.036866
0.5,4,2.037297
0.5,4,2.037728
0.5,4,2.038159
0.5,6,2.038791
0.5,4,2.039229
0.5,4,2.039661
0.5,4,2.040093
0.5,4,2.040523
0.5,4,2.04095
0.5,6,2.041688
0.5,4,2.042188
0.5,4,2.042619
0.5,4,2.043052
0.5,6,2.043683
0.5,4,2.044149
0.5,4,2.044577
0.5,6,2.04521
0.5,6,2.045839
0.5,4,2.046271
0.5,6,2.046908
0.5,4,2.047342
0.5,4,2.047769
0.5,4,2.0482
0.5,4,2.048632
0.5,4,2.049063
0.5,4,2.049492
0.5,8,2.050321
0.5,6,2.050958
0.5,4,2.051387
0.5,11,2.052522
0.5,4,2.052955
0.5,4,2.053387
0.5,4,2.053817
0.5,4,2.054248
0.5,4,2.054725
0.5,4,2.055163
0.5,4,2.055596
0.5,4,2.056028
0.5,4,2.056462
0.5,4,2.056891
0.5,6,2.05756
0.5,8,2.058388
0.5,4,2.058823
0.5,4,2.059259
0.5,4,2.05969
0.5,6,2.060318
0.5,4,2.060747
0.5,6,2.061379
0.5,4,2.06181
0.5,4,2.062238
0.5,4,2.062669
0.5,4,2.063104
0.5,4,2.063537
0.5,4,2.063965
0.5,4,2.064396
0.5,4,2.064829
0.5,6,2.065463
0.5,6,2.066092
0.5,9,2.067026
0.5,4,2.067465
0.5,4,2.067897
0.5,4,2.068323
0.5,4,2.068752
0.5,4,2.069187
0.5,4,2.069618
0.5,4,2.070048
0.5,4,2.070478
0.5,6,2.071115
0.5,4,2.071547
0.5,4,2.07198
0.5,4,2.072411
0.5,6,2.07304
0.5,4,2.073474
0.5,4,2.073904
0.5,4,2.074338
0.5,4,2.074768
0.5,4,2.075201
0.5,4,2.075634
0.5,4,2.076074
0.5,4,2.076504
0.5,4,2.076935
0.5,4,2.077365
0.5,4,2.077795
0.5,6,2.078427
0.5,6,2.079061
0.5,4,2.079493
0.5,4,2.079923
0.5,4,2.080355
0.5,4,2.080783
0.5,4,2.081215
0.5,4,2.081649
0.5,4,2.082078
0.5,4,2.082509
0.5,6,2.083143
0.5,4,2.083576
0.5,4,2.084005
0.5,4,2.084436
0.5,4,2.084864
0.5,4,2.085294
0.5,4,2.085723
0.5,4,2.086151
0.5,6,2.086781
0.5,4,2.087214
0.5,4,2.087648
0.5,4,2.088082
0.5,4,2.088511
0.5,4,2.088942
0.5,4,2.089372
0.5,6,2.090007
0.5,4,2.090438
0.5,6,2.091073
0.5,4,2.091502
0.5,4,2.091933
0.5,4,2.092406
0.5,4,2.092833
0.5,4,2.093263
0.5,4,2.093693
0.5,4,2.094124
0.5,6,2.094748
0.5,6,2.095381
0.5,4,2.095815
0.5,4,2.096246
0.5,8,2.097076
0.5,4,2.097509
0.5,4,2.097943
0.5,4,2.098375
0.5,4,2.09881
0.5,4,2.099243
0.5,4,2.099673
0.5,4,2.100104
0.5,6,2.100739
0.5,4,2.101171
0.5,6,2.101804
0.5,4,2.102242
0.5,4,2.102672
0.5,4,2.103108
0.5,4,2.103541
0.5,4,2.103971
0.5,4,2.104403
0.5,6,2.105031
0.5,4,2.105462
0.5,6,2.106096
0.5,4,2.106527
0.5,4,2.106959
0.5,6,2.107595
0.5,4,2.108029
0.5,4,2.108462
0.5,6,2.109098
0.5,4,2.109532
0.5,8,2.110368
0.5,4,2.110802
0.5,6,2.111438
0.5,4,2.11205
0.5,4,2.112499
0.5,4,2.11293
0.5,6,2.113563
0.5,4,2.113997
0.5,4,2.114429
0.5,4,2.114864
0.5,4,2.1153
0.5,4,2.115734
0.5,4,2.116166
0.5,4,2.116591
0.5,4,2.117019
0.5,4,2.117448
0.5,4,2.117878
0.5,6,2.11851
0.5,4,2.118948
0.5,4,2.119378
0.5,4,2.119809
0.5,4,2.120239
0.5,4,2.120669
0.5,6,2.1213
0.5,6,2.121927
0.5,4,2.122395
0.5,4,2.122828
0.5,4,2.12326
0.5,6,2.123888
0.5,6,2.124522
0.5,4,2.124956
0.5,6,2.125584
0.5,4,2.126014
0.5,4,2.126443
0.5,4,2.126876
0.5,4,2.127311
0.5,6,2.127993
0.5,4,2.128474
0.5,4,2.128974
0.0,2,2.129197
0.5,4,2.129622
0.5,4,2.130075
0.5,6,2.130758
0.5,6,2.131393
0.5,4,2.131827
0.5,4,2.13226
0.5,4,2.13269
0.5,6,2.133318
0.5,4,2.13375
0.5,4,2.134181
0.5,4,2.134613
0.5,4,2.135047
0.5,4,2.13548
0.5,4,2.135912
0.5,4,2.136344
0.5,4,2.136776
0.5,6,2.137406
0.5,4,2.137868
0.5,4,2.138333
0.5,4,2.138761
0.5,8,2.139629
0.5,6,2.14026
0.5,4,2.140696
0.5,6,2.141324
0.5,4,2.141755
0.5,6,2.14239
0.5,6,2.143071
0.5,4,2.143505
0.5,4,2.143937
0.5,4,2.144364
0.5,6,2.144999
0.5,4,2.145432
0.5,6,2.146067
0.5,4,2.146499
0.5,6,2.147174
0.5,4,2.147606
0.5,4,2.148039
0.5,4,2.148468
0.5,4,2.148972
0.5,6,2.149673
0.5,4,2.150105
0.5,6,2.150738
0.5,6,2.151412
0.5,6,2.152038
0.5,4,2.152472
0.5,4,2.152905
0.5,4,2.153338
0.5,6,2.153968
0.5,6,2.1546
0.5,4,2.155037
0.5,4,2.155472
0.5,4,2.155906
0.5,6,2.15654
0.5,6,2.157171
0.5,4,2.157602
0.5,4,2.158032
0.5,4,2.158465
0.5,4,2.158901
0.5,4,2.159338
0.5,4,2.159771
0.5,4,2.160203
0.5,6,2.160835
0.5,4,2.161263
0.5,6,2.161897
0.5,4,2.162326
0.5,4,2.162756
0.5,4,2.163192
0.5,6,2.163824
0.5,4,2.164257
0.5,4,2.164686
0.5,4,2.165118
0.5,4,2.165551
0.5,6,2.166181
0.5,8,2.167018
0.5,4,2.167454
0.5,4,2.167926
0.5,6,2.168563
0.5,4,2.168998
0.5,4,2.169431
0.5,4,2.169864
0.5,4,2.170297
0.5,8,2.17117
0.5,4,2.171607
0.5,8,2.172441
0.5,4,2.172873
0.5,4,2.173308
0.5,4,2.173739
0.5,4,2.174174
0.5,4,2.174606
0.5,4,2.175033
0.5,4,2.175466
0.5,4,2.175894
0.5,4,2.176324
0.5,4,2.176755
0.5,4,2.177186
0.5,4,2.177618
0.5,4,2.178049
0.5,6,2.178682
0.5,4,2.179116
0.5,6,2.179751
0.5,4,2.180185
0.5,4,2.180617
0.5,4,2.181048
0.5,4,2.181479
0.5,4,2.181909
0.5,4,2.182339
0.5,6,2.182972
0.5,10,2.184006
0.5,4,2.18444
0.5,4,2.184875
0.5,4,2.185306
0.5,4,2.185738
0.5,4,2.186168
0.5,4,2.1866
0.5,6,2.187237
0.5,4,2.187671
0.5,6,2.188301
0.5,6,2.188934
0.5,6,2.189569
0.5,4,2.189999
0.5,4,2.190432
0.5,6,2.191063
0.5,4,2.191497
0.5,4,2.191931
0.5,8,2.192759
0.5,6,2.193386
0.5,4,2.193817
0.5,6,2.194455
0.5,4,2.19489
0.5,4,2.195324
0.5,4,2.195758
0.5,4,2.196189
0.5,4,2.196621
0.5,4,2.197054
0.5,4,2.197487
0.5,4,2.197916
0.5,4,2.198348
0.5,4,2.19878
0.5,4,2.199214
0.5,6,2.199849
0.5,4,2.200279
0.5,6,2.20091
0.5,4,2.201344
0.5,4,2.201773
0.5,4,2.202204
0.5,4,2.202637
0.5,4,2.203071
0.5,4,2.203504
0.5,6,2.204137
0.5,4,2.204568
0.5,4,2.204998
0.5,4,2.205429
0.5,4,2.2059
0.5,4,2.206333
0.5,4,2.206764
0.5,4,2.2072
0.5,4,2.207633
0.5,4,2.208063
0.5,6,2.208696
0.5,4,2.209128
0.5,4,2.209558
0.5,4,2.209989
0.5,8,2.21082
0.5,4,2.211254
0.5,4,2.211688
0.5,4,2.212116
0.5,4,2.212547
0.5,6,2.21318
0.5,6,2.213807
0.5,8,2.214637
0.5,4,2.215072
0.5,6,2.215698
0.5,4,2.216129
0.5,4,2.216559
0.5,4,2.216988
0.5,4,2.21742
0.5,4,2.217848
0.5,4,2.21828
0.5,4,2.218707
0.5,7,2.219482
0.5,4,2.22022
0.5,4,2.220652
0.5,4,2.221087
0.5,4,2.221519
0.5,4,2.222023
0.5,4,2.222452
0.5,4,2.222924
0.5,4,2.223358
0.5,4,2.223788
0.5,6,2.224418
0.5,6,2.225048
0.5,4,2.225476
0.5,6,2.226108
0.5,4,2.226537
0.5,4,2.226973
0.5,4,2.227406
0.5,4,2.227836
0.5,4,2.228267
0.5,4,2.228699
0.5,6,2.22933
0.5,4,2.229759
0.5,4,2.230189
0.5,6,2.23086
0.5,4,2.231291
0.5,4,2.231717
0.5,4,2.232148
0.5,4,2.232577
0.5,4,2.233007
0.5,4,2.233439
0.5,4,2.233872
0.5,4,2.234337
0.5,4,2.234768
0.5,4,2.235206
0.5,4,2.235638
0.5,4,2.236071
0.5,4,2.236505
0.5,6,2.237134
0.5,4,2.237566
0.5,4,2.238
0.5,4,2.238431
0.5,4,2.238867
0.5,4,2.239302
0.5,4,2.239737
0.5,4,2.240206
0.5,4,2.240738
0.5,4,2.241172
0.5,4,2.241601
0.5,4,2.242032
0.5,4,2.242497
0.5,4,2.242932
0.5,4,2.243363
0.5,4,2.24384
0.5,4,2.244271
0.5,4,2.244703
0.5,4,2.245132
0.5,4,2.245563
0.5,6,2.246226
0.5,4,2.246657
0.5,4,2.247127
0.5,4,2.247561
0.5,4,2.247992
0.5,4,2.248424
0.5,8,2.249254
0.5,6,2.249921
0.5,4,2.250353
0.5,6,2.251036
0.5,13,2.252359
0.5,4,2.252794
0.5,6,2.253425
0.5,6,2.254058
0.5,4,2.254489
0.5,4,2.254926
0.5,8,2.255761
0.5,6,2.256393
0.5,8,2.257231
0.5,8,2.258063
0.5,4,2.258494
0.5,4,2.258962
0.5,4,2.259397
0.5,4,2.259827
0.5,4,2.260258
0.5,4,2.260748
0.5,4,2.261264
0.5,4,2.261693
0.5,4,2.26213
0.5,4,2.262563
0.5,4,2.263036
0.5,8,2.263869
0.5,4,2.264299
0.5,4,2.264729
0.5,4,2.265158
0.5,7,2.265886
0.5,4,2.266319
0.5,4,2.266751
0.5,4,2.267185
0.5,7,2.267917
0.5,4,2.268349
0.5,4,2.268781
0.5,4,2.269213
0.5,4,2.269644
0.5,6,2.270277
0.5,4,2.270707
0.5,4,2.27114
0.5,4,2.271567
0.5,6,2.272193
0.5,4,2.272625
0.5,4,2.273054
0.5,6,2.273686
0.5,4,2.274117
0.5,4,2.274544
0.5,4,2.274978
0.5,4,2.27541
0.5,4,2.275841
0.5,4,2.276268
0.5,4,2.276703
0.5,4,2.277133
0.5,4,2.277563
0.5,6,2.27819
0.5,6,2.278827
0.5,6,2.279553
0.5,4,2.279984
0.5,4,2.280413
0.5,4,2.280845
0.5,4,2.28132
0.5,4,2.281754
0.5,4,2.282187
0.5,4,2.282651
0.5,4,2.283119
0.5,4,2.283554
0.5,4,2.283983
0.5,4,2.28441
0.5,6,2.285038
0.5,6,2.285671
0.5,4,2.286101
0.5,4,2.286533
0.5,4,2.287002
0.5,6,2.287632
0.5,6,2.288265
0.5,6,2.288897
0.5,6,2.289527
0.5,4,2.289961
0.5,4,2.290387
0.5,4,2.290821
0.5,4,2.291259
0.5,4,2.291691
0.5,4,2.292121
0.5,4,2.292552
0.5,4,2.292983
0.5,4,2.293414
0.5,4,2.293842
0.5,4,2.294271
0.5,4,2.294704
0.5,4,2.295141
0.5,4,2.295574
0.5,4,2.296002
0.5,4,2.296435
0.5,4,2.296866
0.5,4,2.297297
0.5,4,2.297722
0.5,6,2.298343
0.5,4,2.298775
0.5,8,2.299613
0.5,6,2.300247
0.5,4,2.30068
0.5,6,2.301316
0.5,4,2.301746
0.5,4,2.302177
0.5,6,2.302814
0.5,4,2.30325
0.5,6,2.303883
0.5,4,2.304316
0.5,6,2.304945
0.5,4,2.305377
0.5,4,2.305805
0.5,4,2.306233
0.5,4,2.306664
0.5,6,2.307298
0.5,6,2.307929
0.5,4,2.308358
0.5,6,2.30899
0.5,4,2.309425
0.5,4,2.309856
0.5,4,2.310287
0.5,6,2.310923
0.5,4,2.311354
0.5,4,2.311786
0.5,4,2.312218
0.5,4,2.312647
0.5,4,2.313079
0.5,4,2.313511
0.5,4,2.313943
0.5,4,2.314376
0.5,7,2.31511
0.5,4,2.315546
0.5,4,2.315981
0.5,4,2.316412
0.5,4,2.316843
0.5,4,2.317275
0.5,4,2.31771
0.5,4,2.318142
0.5,4,2.318574
0.5,4,2.319042
0.5,4,2.319491
0.5,4,2.319923
0.5,4,2.320354
0.5,4,2.320792
0.5,4,2.321223
0.5,6,2.321852
0.5,4,2.322283
0.5,4,2.322711
0.5,4,2.323182
0.5,6,2.323815
0.5,6,2.324449
0.5,4,2.32488
0.5,6,2.325508
0.5,4,2.325939
0.5,4,2.326372
0.5,4,2.326801
0.5,4,2.327237
0.5,4,2.327666
0.5,4,2.328219
0.5,6,2.328988
0.5,6,2.329622
0.5,4,2.330052
0.5,6,2.330681
0.5,6,2.331352
0.5,4,2.331784
0.5,4,2.33224
0.5,4,2.332684
0.5,4,2.333116
0.5,4,2.333549
0.5,4,2.33398
0.5,4,2.334407
0.5,4,2.334838
0.5,4,2.335271
0.5,4,2.335705
0.5,4,2.336136
0.5,4,2.336565
0.5,4,2.336994
0.5,4,2.337421
0.5,4,2.337851
0.5,4,2.338284
0.5,4,2.338746
0.5,4,2.339216
0.5,4,2.339649
0.5,6,2.340279
0.5,4,2.340713
0.5,8,2.341538
0.5,4,2.341972
0.5,6,2.342604
0.5,4,2.34304
0.5,4,2.343472
0.5,7,2.344203
0.5,4,2.344635
0.5,6,2.345336
0.5,4,2.345767
0.5,4,2.346199
0.5,4,2.346627
0.5,4,2.347061
0.5,4,2.347517
0.5,4,2.348017
0.5,4,2.348491
0.5,4,2.34892
0.5,4,2.349348
0.5,4,2.349791
0.5,4,2.350234
0.5,4,2.350661
0.5,4,2.351134
0.5,4,2.351562
0.5,8,2.352388
0.5,4,2.352817
0.5,4,2.353245
0.5,4,2.353673
0.5,4,2.354103
0.5,6,2.354762
0.5,4,2.35523
0.5,4,2.355663
0.5,6,2.356291
0.5,7,2.357062
0.5,4,2.357496
0.5,6,2.358124
0.5,4,2.358557
0.5,4,2.358995
0.5,6,2.359627
0.5,4,2.360058
0.5,4,2.360491
0.5,4,2.360925
0.5,6,2.36156
0.5,4,2.361992
0.5,6,2.362625
0.5,4,2.363063
0.5,4,2.363532
0.5,4,2.363961
0.5,4,2.364394
0.5,4,2.364824
0.5,4,2.365251
0.5,4,2.36568
0.5,4,2.36611
0.5,4,2.36654
0.5,4,2.366974
0.5,4,2.367406
0.5,4,2.367859
0.5,4,2.368339
0.5,4,2.368836
0.5,6,2.369465
0.5,4,2.369892
0.5,6,2.370549
0.5,4,2.370983
0.5,4,2.371415
0.5,4,2.371844
0.5,4,2.372273
0.5,4,2.372705
0.5,4,2.373137
0.5,4,2.373566
0.5,6,2.374197
0.5,6,2.374834
0.5,6,2.375468
0.5,4,2.3759
0.5,6,2.376535
0.5,6,2.377163
0.5,4,2.377596
0.5,6,2.378225
0.5,6,2.378861
0.5,6,2.379495
0.5,4,2.379961
0.5,6,2.380595
0.5,4,2.381027
0.5,6,2.381656
0.5,4,2.382086
0.5,4,2.382518
0.5,4,2.382953
0.5,4,2.383385
0.5,4,2.383817
0.5,6,2.384436
0.5,6,2.385067
0.5,4,2.385496
0.5,4,2.385928
0.5,4,2.386359
0.5,6,2.386993
0.5,4,2.387424
0.5,6,2.388058
0.5,6,2.388693
0.5,6,2.389324
0.5,4,2.389753
0.5,4,2.390186
0.5,8,2.391018
0.5,4,2.391451
0.5,4,2.391878
0.5,6,2.392509
0.5,4,2.392942
0.5,4,2.393374
0.5,7,2.394103
0.5,4,2.394559
0.5,4,2.395014
0.5,4,2.395447
0.5,4,2.39588
0.5,4,2.396311
0.5,4,2.396744
0.5,4,2.397175
0.5,6,2.3978
0.5,4,2.39823
0.5,4,2.398661
0.5,4,2.39913
0.5,4,2.399562
0.5,4,2.399993
0.5,4,2.400422
0.5,4,2.400855
0.5,6,2.401487
0.5,4,2.401917
0.5,4,2.40235
0.5,4,2.402781
0.5,4,2.403217
0.5,4,2.403649
0.5,4,2.40408
0.5,6,2.404709
0.5,8,2.405544
0.5,8,2.406377
0.5,4,2.406812
0.5,6,2.407445
0.5,4,2.407878
0.5,4,2.408307
0.5,6,2.40894
0.5,6,2.409571
0.5,4,2.410002
0.5,4,2.410432
0.5,4,2.410865
0.5,4,2.411299
0.5,4,2.41173
0.5,6,2.41236
0.5,4,2.41279
0.5,4,2.413216
0.5,4,2.413645
0.5,6,2.414271
0.5,8,2.415103
0.5,8,2.415934
0.5,4,2.416364
0.5,4,2.416792
0.5,6,2.41742
0.5,8,2.41825
0.5,6,2.418886
0.5,6,2.419519
0.5,4,2.419949
0.5,4,2.420382
0.5,4,2.420814
0.5,4,2.421244
0.5,4,2.421675
0.5,4,2.422104
0.5,4,2.422534
0.5,4,2.422967
0.5,4,2.423398
0.5,4,2.42383
0.5,4,2.424259
0.5,4,2.42469
0.5,6,2.425322
0.5,4,2.425751
0.5,4,2.426179
0.5,4,2.426609
0.5,8,2.427443
0.5,4,2.427876
0.5,4,2.428305
0.5,4,2.428737
0.5,4,2.429168
0.5,4,2.429594
0.5,4,2.430026
0.5,4,2.430458
0.5,4,2.430893
0.5,8,2.431727
0.5,4,2.432162
0.5,4,2.432635
0.5,6,2.433265
0.5,4,2.433695
0.5,4,2.434126
0.5,4,2.434555
0.5,8,2.435395
0.5,10,2.436641
0.5,4,2.437213
0.5,4,2.437887
0.5,4,2.438332
0.5,4,2.438763
0.5,6,2.439465
0.5,4,2.439898
0.5,4,2.440329
0.5,4,2.440756
0.5,6,2.441382
0.5,4,2.441815
0.5,4,2.442243
0.5,8,2.44312
0.5,4,2.44355
0.5,8,2.44438
0.5,4,2.444814
0.5,4,2.445243
0.5,4,2.445672
0.5,4,2.446103
0.5,7,2.446932
0.5,4,2.447369
0.5,4,2.447801
0.5,6,2.448431
0.5,6,2.449065
0.5,6,2.449698
0.5,6,2.450325
0.5,4,2.450758
0.5,4,2.45125
0.5,4,2.451684
0.5,4,2.452122
0.5,6,2.452817
0.5,4,2.453368
0.5,10,2.454702
0.5,4,2.455222
0.5,4,2.455707
0.5,8,2.456607
0.5,4,2.45704
0.5,4,2.457471
0.5,4,2.457937
0.5,4,2.458364
0.5,4,2.458793
0.5,4,2.459292
0.5,4,2.459726
0.5,4,2.460156
0.5,4,2.460588
0.5,4,2.461018
0.5,4,2.46145
0.5,4,2.461882
0.5,4,2.46235
0.5,4,2.462782
0.5,8,2.463651
0.5,6,2.464284
0.5,6,2.464916
0.5,6,2.465612
0.5,4,2.466046
0.5,4,2.466478
0.5,4,2.466957
0.5,4,2.467388
0.5,4,2.46782
0.5,4,2.468251
0.5,4,2.468683
0.5,4,2.469113
0.5,4,2.469542
0.5,4,2.469975
0.5,4,2.47045
0.5,6,2.471087
0.5,4,2.471521
0.5,4,2.471952
0.5,4,2.472384
0.5,4,2.472813
0.5,4,2.473245
0.5,4,2.473676
0.5,4,2.474105
0.5,6,2.474738
0.5,9,2.4757
0.5,4,2.476217
0.5,8,2.477146
0.5,4,2.477576
0.5,4,2.478006
0.5,4,2.478472
0.5,6,2.479104
0.5,6,2.479735
0.5,4,2.480167
0.5,4,2.480597
0.5,6,2.481227
0.5,4,2.481659
0.5,4,2.482085
0.5,4,2.482514
0.5,4,2.482951
0.5,4,2.483382
0.5,4,2.483812
0.5,4,2.484241
0.5,4,2.484673
0.5,4,2.485103
0.5,6,2.485731
0.5,4,2.486161
0.5,4,2.486589
0.5,6,2.487223
0.5,4,2.487656
0.5,6,2.488291
0.5,6,2.488922
0.5,6,2.489556
0.5,4,2.489991
0.5,6,2.490617
0.5,4,2.491051
0.5,4,2.491487
0.5,4,2.491916
0.5,6,2.492584
0.5,4,2.493017
0.5,4,2.493445
0.5,4,2.493873
0.5,4,2.494302
0.5,6,2.494933
0.5,4,2.495366
0.5,4,2.4958
0.5,4,2.496235
0.5,4,2.496661
0.5,4,2.497091
0.5,4,2.497519
0.5,7,2.49825
0.5,4,2.498682
0.5,4,2.499113
0.5,4,2.499543
0.5,6,2.500173
0.5,4,2.500602
0.5,4,2.501031
0.5,4,2.501462
0.5,4,2.501892
0.5,6,2.502522
0.5,4,2.502958
0.5,4,2.503393
0.5,4,2.503821
0.5,4,2.504253
0.5,4,2.504686
0.5,4,2.505114
0.5,4,2.505543
0.5,4,2.505967
0.5,4,2.506396
0.5,4,2.506828
0.5,4,2.50726
0.5,4,2.507689
0.5,4,2.508162
0.5,4,2.508595
0.5,4,2.509025
0.5,4,2.509454
0.5,4,2.509881
0.5,6,2.51051
0.5,4,2.510943
0.5,4,2.511376
0.5,4,2.511806
0.5,4,2.512238
0.5,4,2.512666
0.5,6,2.513292
0.5,4,2.513722
0.5,4,2.514154
0.5,6,2.514786
0.5,6,2.515412
0.5,6,2.516044
0.5,6,2.516674
0.5,4,2.517104
0.5,6,2.517735
0.5,4,2.518168
0.5,6,2.518797
0.5,4,2.519235
0.5,4,2.519663
0.5,4,2.520092
0.5,4,2.520522
0.5,6,2.521152
0.5,7,2.521882
0.5,6,2.522513
0.5,4,2.522947
0.5,10,2.523981
0.5,4,2.524411
0.5,4,2.524841
0.5,6,2.525469
0.5,4,2.525899
0.5,4,2.526329
0.5,4,2.52676
0.5,4,2.527195
0.5,4,2.527627
0.5,4,2.528055
0.5,4,2.528489
0.5,6,2.529121
0.5,4,2.529547
0.5,4,2.529979
0.5,4,2.530411
0.5,4,2.530843
0.5,4,2.531279
0.5,4,2.53171
0.5,4,2.53214
0.5,4,2.532571
0.5,6,2.533209
0.5,4,2.533641
0.5,4,2.534072
0.5,4,2.534503
0.5,4,2.534938
0.5,8,2.53577
0.5,4,2.536206
0.5,4,2.536635
0.5,4,2.53706
0.5,4,2.537491
0.5,4,2.537918
0.5,6,2.538546
0.5,6,2.539179
0.5,4,2.539612
0.5,6,2.54024
0.5,4,2.540669
0.5,4,2.541097
0.5,6,2.54173
0.5,6,2.542364
0.5,4,2.542795
0.5,4,2.543233
0.5,4,2.543666
0.5,6,2.544298
0.5,6,2.545175
0.5,6,2.545908
0.5,4,2.546337
0.5,4,2.546769
0.5,4,2.547237
0.5,4,2.547672
0.5,6,2.548295
0.5,4,2.548723
0.5,4,2.549186
0.5,4,2.549615
0.5,4,2.550046
0.5,4,2.550475
0.5,6,2.551111
0.5,7,2.55184
0.5,4,2.55227
0.5,4,2.552698
0.5,4,2.553128
0.5,4,2.55356
0.5,6,2.554189
0.5,4,2.554622
0.5,4,2.555057
0.5,6,2.555724
0.5,4,2.556157
0.5,4,2.556588
0.5,4,2.557016
0.5,6,2.557646
0.5,4,2.558079
0.5,4,2.558508
0.5,4,2.558943
0.5,6,2.559575
0.5,10,2.560606
0.5,4,2.561037
0.5,4,2.561466
0.5,4,2.561898
0.5,4,2.562327
0.5,4,2.562757
0.5,4,2.563211
0.5,6,2.563951
0.5,4,2.564398
0.5,6,2.565028
0.5,4,2.565458
0.5,6,2.566124
0.5,4,2.566551
0.5,6,2.567185
0.5,6,2.567818
0.5,6,2.568448
0.5,4,2.56888
0.5,4,2.569312
0.5,8,2.570144
0.5,4,2.570578
0.5,4,2.571013
0.5,4,2.571478
0.5,4,2.571912
0.5,4,2.572342
0.5,4,2.572776
0.5,6,2.573403
0.5,4,2.573834
0.5,10,2.574865
0.5,4,2.575299
0.5,6,2.575929
0.5,4,2.576357
0.5,6,2.576982
0.5,4,2.577413
0.5,4,2.577843
0.5,4,2.578273
0.5,4,2.578705
0.5,4,2.579141
0.5,4,2.57957
0.5,4,2.580002
0.5,4,2.580446
0.5,4,2.580878
0.5,6,2.581511
0.5,4,2.581947
0.5,6,2.58257
0.5,8,2.583424
0.5,4,2.583964
0.5,4,2.584461
0.5,6,2.585089
0.5,4,2.58552
0.5,4,2.58595
0.5,4,2.586414
0.5,4,2.586849
0.5,4,2.587282
0.5,4,2.587715
0.5,4,2.588146
0.5,6,2.588778
0.5,6,2.589414
0.5,4,2.58988
0.5,4,2.590309
0.5,4,2.590741
0.5,4,2.591176
0.5,4,2.59161
0.5,4,2.592041
0.5,4,2.592469
0.5,4,2.592901
0.5,4,2.593334
0.5,4,2.593765
0.5,4,2.594197
0.5,4,2.594629
0.5,4,2.595062
0.5,8,2.595893
0.5,4,2.596325
0.5,10,2.597355
0.5,4,2.597785
0.5,4,2.598217
0.5,4,2.598647
0.5,4,2.599085
0.5,6,2.599715
0.5,4,2.600147
0.5,4,2.600579
0.5,6,2.601203
0.5,4,2.601635
0.5,4,2.602064
0.5,4,2.602495
0.5,12,2.603727
0.5,4,2.604192
0.5,4,2.604624
0.5,6,2.605251
0.5,4,2.60568
0.5,4,2.606111
0.5,6,2.60674
0.5,8,2.607572
0.5,4,2.608007
0.5,4,2.608439
0.5,4,2.608869
0.5,4,2.609295
0.5,6,2.609922
0.5,4,2.61035
0.5,6,2.610984
0.5,4,2.611417
0.5,4,2.611846
0.5,6,2.612476
0.5,4,2.612906
0.5,4,2.613335
0.5,4,2.613765
0.5,4,2.614195
0.5,4,2.614624
0.5,4,2.615058
0.5,4,2.615494
0.5,6,2.616118
0.5,4,2.616549
0.5,6,2.617183
0.5,4,2.617615
0.5,6,2.61825
0.5,6,2.618887
0.5,4,2.619317
0.5,6,2.619945
0.5,6,2.620574
0.5,6,2.621233
0.5,4,2.621682
0.5,6,2.622312
0.5,6,2.622943
0.5,8,2.623775
0.5,6,2.624407
0.5,4,2.624837
0.5,4,2.625267
0.5,4,2.625698
0.5,4,2.626127
0.5,6,2.626762
0.5,4,2.6272
0.5,4,2.627631
0.5,6,2.628265
0.5,6,2.628896
0.5,4,2.629328
0.5,4,2.629761
0.5,4,2.630192
0.5,4,2.630621
0.5,4,2.631054
0.5,4,2.63149
0.5,4,2.631922
0.5,4,2.632352
0.5,6,2.632981
0.5,4,2.63341
0.5,6,2.634041
0.5,6,2.63467
0.5,6,2.635304
0.5,6,2.635938
0.5,4,2.636371
0.5,4,2.636802
0.5,4,2.637233
0.5,4,2.637666
0.5,7,2.638397
0.5,4,2.638834
0.5,4,2.639267
0.5,4,2.639699
0.5,4,2.640129
0.5,4,2.640558
0.5,4,2.640991
0.5,4,2.64142
0.5,6,2.642049
0.5,4,2.64248
0.5,4,2.642916
0.5,4,2.643352
0.5,6,2.643981
0.5,4,2.64441
0.5,6,2.645042
0.5,6,2.64567
0.5,4,2.646101
0.5,6,2.646726
0.5,4,2.647161
0.5,4,2.647594
0.5,6,2.64822
0.5,4,2.648649
0.5,6,2.649274
0.5,4,2.649703
0.5,6,2.650332
0.5,4,2.650762
0.5,4,2.651195
0.5,6,2.651827
0.5,4,2.652259
0.5,4,2.652916
0.5,4,2.653348
0.5,4,2.653781
0.5,4,2.654208
0.5,4,2.654635
0.5,4,2.655069
0.5,4,2.6555
0.5,4,2.65593
0.5,8,2.656748
0.5,4,2.657176
0.5,4,2.657602
0.5,6,2.658226
0.5,4,2.658658
0.5,4,2.659138
0.5,4,2.659575
0.5,4,2.660007
0.5,6,2.660634
0.5,6,2.661261
0.5,6,2.66189
0.5,4,2.66232
0.5,4,2.662748
0.5,4,2.663292
0.5,6,2.663922
0.5,4,2.664353
0.5,6,2.664985
0.5,6,2.665617
0.5,4,2.666046
0.5,4,2.666475
0.5,4,2.666911
0.5,4,2.667345
0.5,4,2.667776
0.5,6,2.668408
0.5,4,2.66884
0.5,6,2.669467
0.5,8,2.670301
0.5,4,2.670754
0.5,4,2.671236
0.5,4,2.671734
0.5,4,2.672166
0.5,4,2.672596
0.5,4,2.673026
0.5,4,2.673485
0.5,4,2.673914
0.5,6,2.674538
0.5,6,2.675213
0.5,4,2.675648
0.5,4,2.67608
0.5,4,2.676506
0.5,4,2.676936
0.5,6,2.677566
0.5,6,2.678192
0.5,6,2.67885
0.5,4,2.679297
0.5,6,2.679923
0.5,4,2.680354
0.5,8,2.681174
0.5,4,2.681605
0.5,4,2.682035
0.5,4,2.682466
0.5,6,2.683142
0.5,4,2.683571
0.5,4,2.684002
0.5,6,2.684635
0.5,4,2.685095
0.5,4,2.685524
0.5,4,2.685955
0.5,4,2.686389
0.5,6,2.687025
0.5,4,2.687458
0.5,4,2.687886
0.5,4,2.688317
0.5,4,2.688749
0.5,4,2.68918
0.5,6,2.689812
0.5,4,2.690241
0.5,4,2.690691
0.5,4,2.691218
0.5,4,2.691713
0.5,4,2.69214
0.5,4,2.69257
0.5,4,2.693001
0.5,4,2.693467
0.5,6,2.694098
0.5,4,2.694528
0.5,4,2.694962
0.5,4,2.695387
0.5,6,2.696016
0.5,4,2.696449
0.5,4,2.696922
0.5,6,2.697553
0.5,6,2.698173
0.5,4,2.698603
0.5,4,2.699034
0.5,4,2.699468
0.5,4,2.699901
0.5,4,2.700327
0.5,6,2.700958
0.5,6,2.701591
0.5,6,2.702221
0.5,4,2.70265
0.5,4,2.703084
0.5,4,2.703511
0.5,4,2.703942
0.5,4,2.704369
0.5,4,2.704799
0.5,4,2.705227
0.5,4,2.705659
0.5,4,2.706089
0.5,4,2.70652
0.5,4,2.706954
0.5,4,2.707386
0.5,4,2.707819
0.5,4,2.708247
0.5,4,2.708677
0.5,4,2.709107
0.5,6,2.709732
0.5,4,2.710165
0.5,4,2.710595
0.5,4,2.71103
0.5,4,2.711463
0.5,6,2.712102
0.5,4,2.712531
0.5,4,2.712959
0.5,10,2.71398
0.5,4,2.714411
0.5,4,2.714846
0.5,4,2.715279
0.5,4,2.71571
0.5,4,2.71614
0.5,4,2.716609
0.5,4,2.717043
0.5,4,2.717473
0.5,4,2.717905
0.5,4,2.718337
0.5,4,2.718765
0.5,11,2.719905
0.5,4,2.720337
0.5,6,2.720963
0.5,4,2.721392
0.5,4,2.721817
0.5,6,2.722448
0.5,4,2.722885
0.5,8,2.723715
0.5,4,2.724149
0.5,4,2.724575
0.5,6,2.725204
0.5,6,2.725833
0.5,4,2.726263
0.5,4,2.726691
0.5,8,2.727521
0.5,4,2.727954
0.5,6,2.728583
0.5,4,2.729012
0.5,4,2.729443
0.5,6,2.730072
0.5,4,2.730503
0.5,4,2.730937
0.5,4,2.731371
0.5,4,2.731803
0.5,4,2.732234
0.5,4,2.732664
0.5,4,2.733094
0.5,4,2.733526
0.5,4,2.733956
0.5,4,2.734381
0.5,4,2.734856
0.5,4,2.735289
0.5,6,2.735919
0.5,4,2.736348
0.5,6,2.736973
0.5,4,2.737404
0.5,4,2.737834
0.5,4,2.738263
0.5,6,2.738896
0.5,6,2.739529
0.5,4,2.73996
0.5,7,2.740685
0.5,4,2.741113
0.5,4,2.741546
0.5,6,2.74218
0.5,4,2.742613
0.5,4,2.743049
0.5,4,2.743482
0.5,4,2.743913
0.5,6,2.744545
0.5,6,2.745173
0.5,4,2.745603
0.5,8,2.746429
0.5,6,2.747063
0.5,4,2.747494
0.5,6,2.748125
0.5,4,2.748553
0.5,4,2.74898
0.5,4,2.749409
0.5,4,2.749837
0.5,6,2.750464
0.5,4,2.750899
0.5,4,2.751333
0.5,6,2.751957
0.5,6,2.752583
0.5,6,2.753274
0.5,4,2.753702
0.5,4,2.754131
0.5,4,2.754561
0.5,6,2.75519
0.5,4,2.755623
0.5,4,2.756054
0.5,4,2.756483
0.5,4,2.756908
0.5,4,2.757335
0.5,4,2.757765
0.5,4,2.758193
0.5,6,2.758848
0.5,4,2.759294
0.5,4,2.759723
0.5,4,2.760309
0.5,4,2.760765
0.5,4,2.761199
0.5,6,2.761839
0.5,4,2.762277
0.5,8,2.763128
0.5,6,2.763774
0.5,4,2.764211
0.5,6,2.764859
0.5,8,2.765721
0.5,4,2.766148
0.5,8,2.767023
0.5,4,2.767456
0.5,4,2.767885
0.5,7,2.768613
0.5,4,2.769045
0.5,4,2.769473
0.5,10,2.770499
0.5,6,2.771203
0.5,4,2.771637
0.5,6,2.772268
0.5,4,2.772741
0.5,4,2.773172
0.5,6,2.773804
0.5,4,2.774232
0.5,4,2.774665
0.5,4,2.7751
0.5,4,2.775533
0.5,4,2.775962
0.5,6,2.77659
0.5,4,2.777019
0.5,4,2.777449
0.5,4,2.777879
0.5,4,2.778331
0.5,10,2.779512
0.5,4,2.779944
0.5,8,2.780809
0.5,6,2.781443
0.5,4,2.781875
0.5,4,2.782307
0.5,4,2.782738
0.5,8,2.783569
0.5,6,2.784203
0.5,4,2.784634
0.5,6,2.785266
0.5,4,2.785697
0.5,4,2.786127
0.5,10,2.787226
0.5,6,2.787864
0.5,4,2.788295
0.5,4,2.788726
0.5,6,2.789357
0.5,4,2.789791
0.5,8,2.790617
0.5,4,2.791087
0.5,6,2.79172
0.5,4,2.792152
0.5,4,2.792583
0.5,4,2.793009
0.5,6,2.79364
0.5,4,2.794071
0.5,4,2.794504
0.5,4,2.794937
0.5,4,2.795371
0.5,4,2.795801
0.5,6,2.796451
0.5,4,2.796897
0.5,6,2.79754
0.5,4,2.797973
0.5,4,2.798427
0.5,4,2.798909
0.5,4,2.799353
0.5,4,2.799804
0.5,6,2.800434
0.5,4,2.800866
0.5,4,2.801318
0.5,4,2.801798
0.5,6,2.802428
0.5,6,2.803097
0.5,6,2.803726
0.5,4,2.804155
0.5,4,2.804587
0.5,4,2.805018
0.5,7,2.805834
0.5,6,2.806481
0.5,4,2.806916
0.5,4,2.807346
0.5,4,2.807776
0.5,4,2.808206
0.5,4,2.808638
0.5,8,2.809464
0.5,4,2.809895
0.5,4,2.810367
0.5,4,2.810798
0.5,4,2.811235
0.5,4,2.811667
0.5,4,2.812098
0.5,4,2.81253
0.5,4,2.812996
0.5,4,2.813428
0.5,4,2.813859
0.5,4,2.814292
0.5,4,2.814723
0.5,4,2.815157
0.5,4,2.81559
0.5,4,2.816021
0.5,4,2.816452
0.5,4,2.816903
0.5,4,2.817349
0.5,4,2.817784
0.5,6,2.818416
0.5,4,2.81885
0.5,4,2.819285
0.5,4,2.819741
0.5,8,2.820685
0.5,4,2.821117
0.5,4,2.821549
0.5,6,2.822214
0.5,4,2.822646
0.5,6,2.823277
0.5,4,2.823712
0.5,4,2.824138
0.5,4,2.824569
0.5,4,2.824999
0.5,4,2.825428
0.5,6,2.826056
0.5,4,2.826488
0.5,6,2.827118
0.5,4,2.827553
0.5,4,2.827986
0.5,6,2.828621
0.5,4,2.829057
0.5,4,2.829555
0.5,4,2.829985
0.5,4,2.830418
0.5,4,2.830854
0.5,6,2.831489
0.5,4,2.831922
0.5,4,2.832352
0.5,4,2.832783
0.5,4,2.833215
0.5,6,2.833849
0.5,6,2.834479
0.5,4,2.834957
0.5,4,2.835391
0.5,4,2.835824
0.5,4,2.836255
0.5,4,2.836684
0.5,4,2.837112
0.5,4,2.837542
0.5,4,2.837971
0.5,4,2.838402
0.5,4,2.838835
0.5,4,2.839267
0.5,4,2.839697
0.5,4,2.840126
0.5,4,2.840559
0.5,4,2.840994
0.5,4,2.841425
0.5,4,2.841856
0.5,6,2.842479
0.5,4,2.842913
0.5,4,2.843345
0.5,6,2.843979
0.5,6,2.844613
0.5,6,2.845245
0.5,4,2.845677
0.5,4,2.846102
0.5,4,2.846532
0.5,8,2.847359
0.5,4,2.847791
0.5,4,2.848264
0.5,4,2.848698
0.5,6,2.849324
0.5,6,2.849953
0.5,6,2.850585
0.5,4,2.851019
0.5,4,2.851449
0.5,4,2.85188
0.5,4,2.852308
0.5,4,2.85274
0.5,6,2.853373
0.5,6,2.854004
0.5,4,2.854435
0.5,4,2.854868
0.5,4,2.855302
0.5,4,2.855733
0.5,6,2.856366
0.5,4,2.856801
0.5,6,2.85743
0.5,6,2.85806
0.5,6,2.858692
0.5,4,2.859122
0.5,6,2.859754
0.5,4,2.860185
0.5,4,2.860617
0.5,4,2.86105
0.5,6,2.861684
0.5,4,2.862114
0.5,4,2.862545
0.5,4,2.862978
0.5,6,2.863614
0.5,4,2.864046
0.5,4,2.864475
0.5,4,2.864905
0.5,4,2.865334
0.5,4,2.865764
0.5,4,2.866195
0.5,4,2.866625
0.5,6,2.867263
0.5,4,2.867695
0.5,4,2.868124
0.5,4,2.868734
0.5,6,2.869369
0.5,4,2.869801
0.5,4,2.87023
0.5,4,2.870657
0.5,6,2.871295
0.5,6,2.871926
0.5,4,2.872359
0.5,4,2.872791
0.5,4,2.873223
0.5,6,2.873854
0.5,4,2.874283
0.5,4,2.874714
0.5,4,2.875149
0.5,6,2.87578
0.5,6,2.87641
0.5,4,2.876839
0.5,4,2.877268
0.5,4,2.8777
0.5,4,2.87813
0.5,4,2.87856
0.5,4,2.879061
0.5,4,2.879491
0.5,4,2.87992
0.5,4,2.880347
0.5,4,2.880776
0.5,4,2.881205
0.5,4,2.881633
0.5,4,2.882065
0.5,4,2.882494
0.5,6,2.883127
0.5,6,2.883759
0.5,6,2.88439
0.5,4,2.884822
0.5,4,2.885252
0.5,4,2.885679
0.5,4,2.886151
0.5,4,2.886583
0.5,4,2.88707
0.5,10,2.888098
0.5,4,2.888531
0.5,6,2.889163
0.5,6,2.889864
0.5,4,2.890365
0.5,4,2.890797
0.5,4,2.891274
0.5,4,2.891703
0.5,4,2.892168
0.5,4,2.892598
0.5,4,2.893029
0.5,6,2.893659
0.5,4,2.894086
0.5,4,2.894552
0.5,4,2.895021
0.5,4,2.895491
0.5,6,2.896121
0.5,4,2.896553
0.5,4,2.896983
0.5,4,2.89741
0.5,4,2.89784
0.5,4,2.898272
0.5,4,2.898698
0.5,4,2.89917
0.5,6,2.899801
0.5,4,2.90023
0.5,4,2.900663
0.5,6,2.901296
0.5,4,2.901726
0.5,4,2.902154
0.5,4,2.902583
0.5,4,2.903064
0.5,6,2.903693
0.5,4,2.904124
0.5,4,2.904557
0.5,4,2.904986
0.5,4,2.905415
0.5,4,2.905845
0.5,8,2.906674
0.5,4,2.907104
0.5,4,2.907535
0.5,4,2.907964
0.5,4,2.908393
0.5,4,2.908824
0.5,6,2.909454
0.5,6,2.910188
0.5,4,2.910686
0.5,9,2.911622
0.5,4,2.912059
0.5,7,2.912824
0.5,4,2.913254
0.5,4,2.913685
0.5,4,2.914116
0.5,4,2.914547
0.5,4,2.914981
0.5,4,2.915412
0.5,8,2.916246
0.5,4,2.91668
0.5,4,2.91711
0.5,4,2.917544
0.5,4,2.917976
0.5,4,2.91841
0.5,4,2.918845
0.5,4,2.91928
0.5,4,2.919711
0.5,4,2.920228
0.5,7,2.921051
0.5,4,2.921484
0.5,8,2.922318
0.5,8,2.923154
0.5,4,2.92363
0.5,4,2.924061
0.5,4,2.924489
0.5,4,2.92492
0.5,4,2.92535
0.5,4,2.925782
0.5,4,2.926212
0.5,4,2.926677
0.5,4,2.927114
0.5,4,2.927546
0.5,4,2.927977
0.5,4,2.928404
0.5,4,2.928834
0.5,4,2.929265
0.5,4,2.929697
0.5,4,2.930126
0.5,4,2.930556
0.5,4,2.930989
0.5,4,2.93142
0.5,4,2.931851
0.5,4,2.932282
0.5,4,2.932712
0.5,4,2.933142
0.5,4,2.933573
0.5,4,2.934005
0.5,4,2.934436
0.5,4,2.934872
0.5,4,2.935304
0.5,4,2.935763
0.5,6,2.936409
0.5,4,2.936838
0.5,6,2.937712
0.5,4,2.938145
0.5,6,2.938772
0.5,6,2.939442
0.5,4,2.939874
0.5,6,2.940505
0.5,4,2.940935
0.5,4,2.941367
0.5,4,2.941799
0.5,4,2.942228
0.5,4,2.942659
0.5,4,2.943097
0.5,4,2.943532
0.5,4,2.943962
0.5,4,2.944393
0.5,6,2.945023
0.5,4,2.945451
0.5,4,2.945879
0.5,4,2.946311
0.5,4,2.946743
0.5,4,2.947178
0.5,4,2.947612
0.5,8,2.94844
0.5,6,2.949072
0.5,6,2.949707
0.5,4,2.95014
0.5,6,2.95077
0.5,6,2.951443
0.5,4,2.951875
0.5,4,2.952307
0.5,6,2.952973
0.5,4,2.953561
0.5,4,2.9541
0.5,8,2.955006
0.5,4,2.955443
0.5,4,2.955875
0.5,4,2.956307
0.5,4,2.956736
0.5,6,2.957362
0.5,4,2.957788
0.5,4,2.958217
0.5,4,2.958646
0.5,6,2.959324
0.5,4,2.959758
0.5,4,2.960189
0.5,6,2.960818
0.5,4,2.961249
0.5,4,2.961723
0.5,4,2.962157
0.5,4,2.962588
0.5,6,2.963222
0.5,4,2.963653
0.5,4,2.964083
0.5,6,2.964712
0.5,4,2.965143
0.5,6,2.96577
0.5,4,2.966202
0.5,6,2.966841
0.5,4,2.967273
0.5,4,2.967704
0.5,8,2.968532
0.5,4,2.968961
0.5,8,2.969791
0.5,4,2.970222
0.5,4,2.970654
0.5,6,2.971289
0.5,4,2.971724
0.5,4,2.972153
0.5,4,2.97259
0.5,8,2.973418
0.5,4,2.97385
0.5,4,2.974282
0.5,4,2.974712
0.5,4,2.975147
0.5,4,2.975581
0.5,4,2.976013
0.5,8,2.976841
0.5,4,2.97749
0.5,6,2.978125
0.5,6,2.978757
0.5,4,2.979195
0.5,4,2.979629
0.5,4,2.98006
0.5,4,2.980493
0.5,4,2.980925
0.5,8,2.981758
0.5,4,2.98219
0.5,4,2.982622
0.5,4,2.983059
0.5,4,2.983492
0.5,4,2.98392
0.5,6,2.984548
0.5,4,2.98498
0.5,4,2.98541
0.5,4,2.985842
0.5,6,2.986474
0.5,4,2.986909
0.5,6,2.98754
0.5,4,2.988004
0.5,4,2.988436
0.5,4,2.988868
0.5,4,2.989298
0.5,8,2.990127
0.5,4,2.990559
0.5,4,2.990995
0.5,6,2.991627
0.5,6,2.992258
0.5,6,2.992887
0.5,4,2.993318
0.5,6,2.99395
0.5,7,2.994674
0.5,4,2.995111
0.5,4,2.995544
0.5,4,2.995975
0.5,4,2.996405
0.5,6,2.997041
0.5,6,2.997783
0.5,4,2.998282
0.5,4,2.998714
0.5,4,2.999229
0.5,4,2.999665
0.5,4,3.000134
0.5,8,3.000998
0.5,6,3.001628
0.5,8,3.002457
0.5,4,3.00293
0.5,4,3.003394
0.5,6,3.004026
0.5,4,3.004455
0.5,4,3.004886
0.5,4,3.005316
0.5,4,3.005746
0.5,4,3.006173
0.5,4,3.006602
0.5,4,3.007038
0.5,4,3.007505
0.5,4,3.007937
0.5,9,3.008864
0.5,4,3.009293
0.5,4,3.009724
0.5,4,3.010154
0.5,4,3.010583
0.5,4,3.011017
0.5,6,3.011647
0.5,4,3.012079
0.5,8,3.012907
0.5,4,3.013334
0.5,4,3.013765
0.5,6,3.014395
0.5,4,3.014853
0.5,4,3.0153
0.5,4,3.015732
0.5,4,3.01616
0.5,4,3.016589
0.5,4,3.017018
0.5,6,3.017645
0.5,6,3.018346
0.5,4,3.018845
0.5,6,3.019472
0.5,4,3.019899
0.5,6,3.020599
0.5,6,3.021227
0.5,6,3.021854
0.5,4,3.022282
0.5,4,3.022712
0.5,4,3.023144
0.5,6,3.023771
0.5,4,3.024201
0.5,4,3.024629
0.5,4,3.025054
0.5,4,3.025483
0.5,4,3.025911
0.5,4,3.026337
0.5,6,3.026969
0.5,4,3.027401
0.5,4,3.027829
0.5,4,3.028259
0.5,6,3.028887
0.5,4,3.029319
0.5,4,3.029751
0.5,4,3.030181
0.5,6,3.030812
0.5,4,3.031244
0.5,4,3.031674
0.5,6,3.032305
0.5,4,3.032734
0.5,4,3.033162
0.5,4,3.033592
0.5,4,3.034022
0.5,4,3.034452
0.5,6,3.035084
0.5,4,3.035529
0.5,4,3.035955
0.5,4,3.036385
0.5,6,3.03712
0.5,4,3.037552
0.5,6,3.038182
0.5,6,3.038851
0.5,6,3.039479
0.5,4,3.039909
0.5,6,3.040534
0.5,4,3.040965
0.5,4,3.041397
0.5,4,3.041826
0.5,4,3.042259
0.5,4,3.042687
0.5,4,3.04312
0.5,4,3.043552
0.5,6,3.044181
0.5,4,3.044609
0.5,6,3.045235
0.5,6,3.045865
0.5,4,3.046296
0.5,6,3.046932
0.5,4,3.047365
0.5,4,3.047796
0.5,4,3.048228
0.5,6,3.048856
0.5,6,3.049486
0.5,4,3.049915
0.5,6,3.050543
0.5,4,3.050979
0.5,4,3.051407
0.5,4,3.051833
0.5,4,3.052264
0.5,6,3.052894
0.5,4,3.053324
0.5,6,3.053953
0.5,4,3.05438
0.5,4,3.054812
0.5,8,3.055641
0.5,4,3.05607
0.5,6,3.0567
0.5,6,3.05733
0.5,4,3.057763
0.5,6,3.058395
0.5,4,3.058829
0.5,4,3.059264
0.5,4,3.059699
0.5,6,3.060323
0.5,4,3.060754
0.5,6,3.061388
0.5,4,3.061818
0.5,4,3.06225
0.5,4,3.062682
0.5,4,3.063114
0.5,4,3.063547
0.5,4,3.063977
0.5,4,3.064411
0.5,4,3.064839
0.5,4,3.065269
0.5,4,3.065696
0.5,4,3.066127
0.5,4,3.066557
0.5,6,3.067192
0.5,4,3.067625
0.5,4,3.068053
0.5,4,3.068487
0.5,4,3.068917
0.5,4,3.069346
0.5,4,3.069777
0.5,10,3.070803
0.5,4,3.071241
0.5,6,3.071873
0.5,4,3.072306
0.5,4,3.072732
0.5,4,3.07316
0.5,4,3.073585
0.5,4,3.074013
0.5,4,3.074442
0.5,6,3.075193
0.5,4,3.075625
0.5,6,3.076255
0.5,6,3.076888
0.5,4,3.077319
0.5,4,3.077749
0.5,4,3.078178
0.5,4,3.078607
0.5,4,3.079041
0.5,4,3.079472
0.5,6,3.080098
0.5,4,3.080527
0.5,4,3.080956
0.5,4,3.081388
0.5,4,3.081816
0.5,4,3.082249
0.5,4,3.082678
0.5,4,3.083114
0.5,4,3.083546
0.5,6,3.08417
0.5,4,3.084599
0.5,4,3.08522
0.5,4,3.085655
0.5,4,3.086088
0.5,4,3.086519
0.5,4,3.086953
0.5,8,3.087783
0.5,4,3.088216
0.5,6,3.088846
0.5,4,3.089276
0.5,4,3.089707
0.5,6,3.090337
0.5,6,3.090972
0.5,4,3.091404
0.5,8,3.092231
0.5,8,3.093061
0.5,4,3.093494
0.5,4,3.093924
0.5,4,3.094353
0.5,4,3.094783
0.5,6,3.095451
0.5,4,3.095881
0.5,4,3.09631
0.5,4,3.096739
0.5,4,3.097167
0.5,4,3.097594
0.5,4,3.098023
0.5,4,3.098454
0.5,6,3.099086
0.5,4,3.099517
0.5,4,3.099946
0.5,4,3.100377
0.5,4,3.100807
0.5,4,3.101239
0.5,4,3.10167
0.5,6,3.102303
0.5,4,3.10273
0.5,4,3.103162
0.5,4,3.103595
0.5,4,3.104026
0.5,4,3.104453
0.5,4,3.104884
0.5,4,3.105386
0.5,6,3.10608
0.5,4,3.106511
0.5,4,3.106982
0.5,4,3.107415
0.5,6,3.108077
0.5,4,3.108508
0.5,4,3.108939
0.5,4,3.10937
0.5,4,3.109799
0.5,8,3.110627
0.5,6,3.111331
0.5,4,3.111763
0.5,4,3.112193
0.5,6,3.112928
0.5,4,3.113359
0.5,4,3.113788
0.5,4,3.114215
0.5,6,3.114846
0.5,4,3.115278
0.5,4,3.115707
0.5,4,3.116139
0.5,4,3.116569
0.5,4,3.116997
0.5,4,3.117423
0.5,4,3.117855
0.5,4,3.118285
0.5,4,3.118715
0.5,4,3.119149
0.5,4,3.119617
0.5,4,3.120046
0.5,4,3.120475
0.5,4,3.120904
0.5,4,3.121331
0.5,4,3.121762
0.5,4,3.122191
0.5,4,3.122622
0.5,4,3.12306
0.5,4,3.123494
0.5,4,3.123927
0.5,6,3.124557
0.5,4,3.124989
0.5,4,3.125422
0.5,4,3.12589
0.5,4,3.126357
0.5,6,3.127099
0.5,4,3.127529
0.5,4,3.127959
0.5,4,3.128425
0.5,4,3.128854
0.5,4,3.129286
0.5,4,3.129716
0.5,4,3.130147
0.5,8,3.130979
0.5,6,3.131612
0.5,4,3.132043
0.5,4,3.132472
0.5,4,3.1329
0.5,4,3.133331
0.5,6,3.133962
0.5,4,3.134395
0.5,4,3.134827
0.5,6,3.135453
0.5,4,3.135886
0.5,4,3.136317
0.5,6,3.136944
0.5,4,3.137377
0.5,4,3.137808
0.5,4,3.138237
0.5,4,3.138665
0.5,6,3.1393
0.5,4,3.139734
0.5,8,3.140568
0.5,4,3.141
0.5,4,3.141431
0.5,4,3.141862
0.5,6,3.142492
0.5,4,3.142928
0.5,4,3.143358
0.5,4,3.143791
0.5,4,3.14422
0.5,4,3.144653
0.5,4,3.145083
0.5,4,3.145516
0.5,4,3.145946
0.5,4,3.146373
0.5,4,3.146806
0.5,4,3.147239
0.5,4,3.147671
0.5,6,3.148299
0.5,8,3.149127
0.5,4,3.149559
0.5,6,3.15019
0.5,4,3.15068
0.5,4,3.151114
0.5,8,3.151978
0.5,4,3.152408
0.5,4,3.152838
0.5,6,3.153469
0.5,8,3.154292
0.5,4,3.154722
0.5,6,3.155357
0.5,8,3.156185
0.5,4,3.156616
0.5,4,3.157045
0.5,6,3.157676
0.5,4,3.158106
0.5,6,3.158731
0.5,4,3.159164
0.5,6,3.159796
0.5,4,3.160222
0.5,4,3.160652
0.5,6,3.161281
0.5,6,3.161909
0.5,4,3.162341
0.5,4,3.162769
0.5,4,3.163203
0.5,6,3.163836
0.5,4,3.164266
0.5,10,3.165295
0.5,4,3.165728
0.5,4,3.166157
0.5,4,3.166589
0.5,6,3.167218
0.5,4,3.167651
0.5,6,3.168284
0.5,6,3.168916
0.5,4,3.169346
0.5,4,3.169778
0.5,4,3.170208
0.5,4,3.170638
0.5,4,3.17107
0.5,4,3.171499
0.5,8,3.172328
0.5,4,3.172759
0.5,6,3.173388
0.5,4,3.173819
0.5,4,3.174249
0.5,8,3.175082
0.5,4,3.175516
0.5,4,3.175946
0.5,8,3.176766
0.5,4,3.17727
0.5,6,3.177902
0.5,4,3.178334
0.5,4,3.1788
0.5,4,3.179238
0.5,4,3.179668
0.5,4,3.180094
0.5,6,3.18072
0.5,4,3.18115
0.5,4,3.181579
0.5,4,3.182012
0.5,7,3.182736
0.5,4,3.183172
0.5,4,3.183603
0.5,4,3.184034
0.5,4,3.184459
0.5,4,3.184888
0.5,6,3.185519
0.5,8,3.186344
0.5,4,3.186773
0.5,4,3.187208
0.5,4,3.18764
0.5,4,3.188069
0.5,4,3.188607
0.5,4,3.189038
0.5,4,3.189466
0.5,6,3.19009
0.5,4,3.190518
0.5,4,3.190951
0.5,4,3.191384
0.5,6,3.192011
0.5,4,3.192443
0.5,6,3.193324
0.5,4,3.19376
0.5,10,3.19479
0.5,4,3.195223
0.5,4,3.195651
0.5,4,3.196075
0.5,4,3.196503
0.5,4,3.196932
0.5,4,3.197363
0.5,4,3.197792
0.5,4,3.198222
0.5,4,3.198651
0.5,4,3.199085
0.5,4,3.199516
0.5,6,3.200141
0.5,4,3.200572
0.5,4,3.200998
0.5,4,3.201428
0.5,4,3.201857
0.5,4,3.202285
0.5,6,3.202918
0.5,6,3.203586
0.5,6,3.204213
0.5,4,3.204641
0.5,4,3.20507
0.5,6,3.205701
0.5,4,3.20613
0.5,4,3.206558
0.5,4,3.20699
0.5,4,3.207422
0.5,6,3.208052
0.5,4,3.208482
0.5,4,3.208912
0.5,4,3.209343
0.5,4,3.209769
0.5,4,3.210198
0.5,4,3.210629
0.5,4,3.211063
0.5,6,3.211694
0.5,8,3.212513
0.5,4,3.212964
0.5,4,3.213444
0.5,4,3.213943
0.5,4,3.214371
0.5,4,3.214799
0.5,4,3.215271
0.5,4,3.21578
0.5,4,3.216209
0.5,4,3.216639
0.5,4,3.217069
0.5,4,3.217499
0.5,6,3.218122
0.5,4,3.218548
0.5,4,3.219046
0.5,4,3.219476
0.5,4,3.219905
0.5,4,3.220331
0.5,4,3.220763
0.5,4,3.221191
0.5,6,3.221817
0.5,4,3.222246
0.5,4,3.222676
0.5,4,3.223109
0.5,4,3.22354
0.5,4,3.223969
0.5,4,3.224398
0.5,4,3.224826
0.5,4,3.225255
0.5,4,3.225685
0.5,6,3.226383
0.5,4,3.226816
0.5,4,3.227248
0.5,6,3.227875
0.5,4,3.228304
0.5,4,3.228734
0.5,4,3.229165
0.5,4,3.229594
0.5,4,3.230029
0.5,4,3.230455
0.5,4,3.230889
0.5,4,3.231319
0.5,6,3.231951
0.5,8,3.232812
0.5,4,3.233243
0.5,6,3.233945
0.5,4,3.234442
0.5,6,3.23511
0.5,4,3.235544
0.5,4,3.236006
0.5,4,3.236435
0.5,6,3.237129
0.5,4,3.237558
0.5,6,3.238184
0.5,4,3.238613
0.5,4,3.239084
0.5,4,3.239513
0.5,6,3.240138
0.5,4,3.240565
0.5,4,3.240992
0.5,4,3.241419
0.5,4,3.241849
0.5,11,3.242973
0.5,4,3.243407
0.5,4,3.243837
0.5,6,3.244464
0.5,4,3.244896
0.5,4,3.245325
0.5,4,3.245754
0.5,4,3.246184
0.5,4,3.246617
0.5,4,3.247048
0.5,6,3.247673
0.5,4,3.248103
0.5,4,3.248568
0.5,4,3.248996
0.5,4,3.249426
0.5,4,3.249857
0.5,4,3.250287
0.5,6,3.250918
0.5,6,3.251546
0.5,4,3.251975
0.5,4,3.252399
0.5,8,3.253228
0.5,4,3.253659
0.5,4,3.254087
0.5,4,3.254514
0.5,4,3.254948
0.5,8,3.25578
0.5,4,3.256212
0.5,4,3.256641
0.5,4,3.257071
0.5,4,3.257498
0.5,4,3.257931
0.5,4,3.258358
0.5,4,3.258788
0.5,4,3.259217
0.5,4,3.259642
0.5,6,3.26027
0.5,4,3.2607
0.5,6,3.261325
0.5,4,3.261786
0.5,6,3.262415
0.5,6,3.263051
0.5,4,3.26348
0.5,4,3.264013
0.5,6,3.26464
0.5,4,3.265071
0.5,4,3.265501
0.5,4,3.265928
0.5,6,3.266556
0.5,4,3.266988
0.5,4,3.267421
0.5,4,3.26785
0.5,4,3.268279
0.5,4,3.268708
0.5,4,3.269138
0.5,6,3.269764
0.5,4,3.270192
0.5,4,3.270622
0.5,4,3.271056
0.5,8,3.271883
0.5,4,3.272316
0.5,4,3.272742
0.5,4,3.27317
0.5,6,3.273794
0.5,4,3.274225
0.5,12,3.275452
0.5,4,3.275884
0.5,4,3.27631
0.5,4,3.276739
0.5,6,3.277369
0.5,6,3.277998
0.5,4,3.278424
0.5,4,3.278858
0.5,4,3.279291
0.5,4,3.279718
0.5,6,3.280345
0.5,6,3.280974
0.5,4,3.2814
0.5,4,3.281829
0.5,4,3.282256
0.5,4,3.282681
0.5,6,3.28335
0.5,4,3.283781
0.5,6,3.28441
0.5,8,3.285238
0.5,8,3.286062
0.5,4,3.28649
0.5,4,3.286924
0.5,4,3.287353
0.5,4,3.287786
0.5,4,3.288213
0.5,4,3.288641
0.5,6,3.289266
0.5,4,3.289696
0.5,4,3.290124
0.5,6,3.290751
0.5,4,3.291183
0.5,4,3.291613
0.5,6,3.292246
0.5,6,3.292872
0.5,4,3.293301
0.5,4,3.293732
0.5,4,3.294163
0.5,4,3.294589
0.5,6,3.295223
0.5,4,3.295653
0.5,4,3.296083
0.5,4,3.296514
0.5,8,3.297343
0.5,4,3.297771
0.5,4,3.298194
0.5,4,3.298622
0.5,4,3.299053
0.5,4,3.299484
0.5,6,3.300231
0.5,4,3.300738
0.5,4,3.301168
0.5,4,3.301676
0.5,4,3.302135
0.5,4,3.302564
0.5,4,3.303135
0.5,4,3.303564
0.5,6,3.304193
0.5,6,3.304821
0.5,4,3.30525
0.5,4,3.305679
0.5,4,3.3061
0.5,4,3.306527
0.5,4,3.306961
0.5,6,3.307592
0.5,6,3.308222
0.5,6,3.308852
0.5,6,3.309478
0.5,4,3.309906
0.5,4,3.310333
0.5,4,3.310797
0.5,4,3.311233
0.5,4,3.311663
0.5,4,3.312092
0.5,4,3.312521
0.5,4,3.312951
0.5,4,3.313378
0.5,8,3.314202
0.5,6,3.314835
0.5,6,3.315465
0.5,4,3.315891
0.5,4,3.31632
0.5,4,3.316745
0.5,4,3.317177
0.5,8,3.317994
0.5,4,3.318423
0.5,4,3.318854
0.5,4,3.319284
0.5,4,3.319712
0.5,4,3.320141
0.5,4,3.32063
0.5,4,3.32114
0.5,4,3.3216
0.5,6,3.322223
0.5,4,3.322651
0.5,6,3.323311
0.5,4,3.323741
0.5,4,3.32417
0.5,4,3.324598
0.5,6,3.325224
0.5,4,3.325649
0.5,4,3.326076
0.5,4,3.326538
0.5,4,3.327006
0.5,4,3.327437
0.5,4,3.327866
0.5,4,3.328295
0.5,6,3.328928
0.5,4,3.329358
0.5,4,3.329786
0.5,4,3.330208
0.5,4,3.330633
0.5,4,3.33111
0.5,4,3.331543
0.5,4,3.331971
0.5,4,3.332403
0.5,6,3.333032
0.5,4,3.333466
0.5,4,3.333897
0.5,4,3.334326
0.5,4,3.334758
0.5,4,3.335232
0.5,4,3.335661
0.5,4,3.336089
0.5,10,3.337112
0.5,4,3.337542
0.5,4,3.33797
0.5,4,3.338399
0.5,4,3.33883
0.5,4,3.339262
0.5,4,3.3398
0.5,4,3.340229
0.5,6,3.34093
0.5,4,3.34143
0.5,4,3.341858
0.5,4,3.342285
0.5,6,3.342919
0.5,4,3.343384
0.5,8,3.344211
0.5,4,3.344644
0.5,4,3.345073
0.5,4,3.345499
0.5,4,3.345928
0.5,4,3.346361
0.5,4,3.346826
0.5,6,3.347458
0.5,4,3.347888
0.5,4,3.348316
0.5,6,3.348947
0.5,4,3.349378
0.5,4,3.349806
0.5,8,3.350632
0.5,6,3.351299
0.5,4,3.351729
0.5,4,3.35216
0.5,4,3.352589
0.5,4,3.353017
0.5,6,3.353643
0.5,4,3.354071
0.5,4,3.354501
0.5,4,3.354933
0.5,4,3.355364
0.5,4,3.355789
0.5,4,3.356218
0.5,4,3.356645
0.5,6,3.35727
0.5,4,3.357697
0.5,4,3.358128
0.5,6,3.358757
0.5,6,3.359391
0.5,4,3.359825
0.5,4,3.36025
0.5,4,3.360678
0.5,4,3.36114
0.5,6,3.361768
0.5,4,3.362195
0.5,6,3.362826
0.5,4,3.363258
0.5,6,3.363891
0.5,4,3.364319
0.5,7,3.365044
0.5,4,3.365473
0.5,4,3.365899
0.5,4,3.366324
0.5,6,3.366957
0.5,4,3.367388
0.5,8,3.368212
0.5,4,3.368642
0.5,4,3.36907
0.5,4,3.369499
0.5,4,3.369926
0.5,4,3.370352
0.5,4,3.370782
0.5,4,3.371213
0.5,4,3.371642
0.5,4,3.372072
0.5,4,3.372502
0.5,4,3.372931
0.5,4,3.373358
0.5,4,3.373785
0.5,4,3.374212
0.5,4,3.374643
0.5,4,3.375078
0.5,6,3.375712
0.5,4,3.376143
0.5,6,3.376773
0.5,4,3.377203
0.5,4,3.377737
0.5,4,3.378164
0.5,4,3.378596
0.5,4,3.379029
0.5,4,3.379461
0.5,6,3.380087
0.5,4,3.380518
0.5,4,3.380946
0.5,4,3.381374
0.5,6,3.382001
0.5,6,3.382631
0.5,4,3.383066
0.5,4,3.383497
0.5,4,3.383925
0.5,4,3.384357
0.5,4,3.384783
0.5,4,3.385212
0.5,4,3.385639
0.5,6,3.386268
0.5,4,3.386698
0.5,4,3.387132
0.5,4,3.38756
0.5,4,3.387988
0.5,4,3.388419
0.5,4,3.388848
0.5,4,3.389277
0.5,4,3.389707
0.5,8,3.390529
0.5,4,3.390964
0.5,4,3.391396
0.5,4,3.391823
0.5,6,3.392451
0.5,4,3.39288
0.5,4,3.393311
0.5,4,3.393742
0.5,4,3.394171
0.5,4,3.394603
0.5,4,3.395038
0.5,4,3.39547
0.5,6,3.396096
0.5,4,3.396526
0.5,4,3.396954
0.5,6,3.397585
0.5,4,3.398014
0.5,4,3.398441
0.5,4,3.398874
0.5,4,3.399305
0.5,4,3.399734
0.5,4,3.400164
0.5,4,3.400595
0.5,4,3.401024
0.5,4,3.401453
0.5,4,3.401884
0.5,4,3.402312
0.5,4,3.40274
0.5,4,3.403174
0.5,4,3.403604
0.5,6,3.404233
0.5,4,3.404664
0.5,4,3.405094
0.5,4,3.405522
0.5,4,3.405949
0.5,4,3.406378
0.5,4,3.406811
0.5,4,3.407243
0.5,4,3.407672
0.5,4,3.408317
0.5,4,3.408751
0.5,4,3.409184
0.5,4,3.409612
0.5,6,3.410243
0.5,4,3.410675
0.5,4,3.411108
0.5,4,3.411537
0.5,6,3.412165
0.5,6,3.412789
0.5,6,3.413415
0.5,6,3.414044
0.5,6,3.414672
0.5,9,3.415711
0.5,4,3.416145
0.5,4,3.416576
0.5,4,3.417004
0.5,4,3.417433
0.5,9,3.418357
0.5,4,3.418825
0.5,8,3.419657
0.5,4,3.420087
0.5,6,3.420714
0.5,6,3.421344
0.5,4,3.421773
0.5,8,3.422603
0.5,8,3.423436
0.5,4,3.42387
0.5,4,3.424302
0.5,6,3.42493
0.5,4,3.425361
0.5,4,3.425789
0.5,4,3.426219
0.5,6,3.426847
0.5,6,3.42755
0.5,6,3.428245
0.5,6,3.428876
0.5,8,3.429736
0.5,4,3.430167
0.5,4,3.430598
0.5,4,3.431073
0.5,6,3.431702
0.5,4,3.432129
0.5,4,3.432553
0.5,4,3.432982
0.5,4,3.433412
0.5,4,3.433841
0.5,6,3.434501
0.5,8,3.435366
0.5,4,3.435796
0.5,4,3.436228
0.5,4,3.436656
0.5,6,3.437355
0.5,4,3.437997
0.5,4,3.438427
0.5,4,3.43886
0.5,4,3.43929
0.5,4,3.439719
0.5,4,3.440145
0.5,4,3.440573
0.5,6,3.441196
0.5,4,3.441657
0.5,4,3.442085
0.5,9,3.443012
0.5,6,3.443644
0.5,6,3.444274
0.5,4,3.444706
0.5,4,3.445137
0.5,6,3.44576
0.5,4,3.446191
0.5,4,3.44662
0.5,4,3.447053
0.5,6,3.447754
0.5,6,3.448454
0.5,4,3.448885
0.5,4,3.449313
0.5,4,3.44978
0.5,6,3.450407
0.5,4,3.45084
0.5,4,3.451269
0.5,6,3.451895
0.5,6,3.452524
0.5,4,3.453098
0.5,4,3.45365
0.5,4,3.454269
0.5,4,3.454697
0.5,4,3.455132
0.5,4,3.455563
0.5,6,3.456192
0.5,4,3.456619
0.5,4,3.457066
0.5,6,3.457707
0.5,6,3.458339
0.5,4,3.458767
0.5,4,3.459232
0.5,4,3.459661
0.5,4,3.460093
0.5,4,3.460521
0.5,4,3.460953
0.5,4,3.461381
0.5,4,3.461812
0.5,4,3.46224
0.5,8,3.463107
0.5,4,3.463541
0.5,6,3.464169
0.5,4,3.4646
0.5,4,3.46503
0.5,4,3.46546
0.5,4,3.465885
0.5,6,3.466514
0.5,4,3.466949
0.5,4,3.467379
0.5,4,3.46781
0.5,4,3.468237
0.5,4,3.468666
0.5,4,3.469094
0.5,4,3.469523
0.5,6,3.470149
0.5,6,3.47077
0.5,4,3.471204
0.5,4,3.471637
0.5,4,3.472065
0.5,4,3.472489
0.5,4,3.472919
0.5,4,3.473349
0.5,4,3.473778
0.5,4,3.474206
0.5,4,3.474636
0.5,6,3.475266
0.5,4,3.475699
0.5,4,3.476129
0.5,4,3.476559
0.5,4,3.47699
0.5,10,3.478009
0.5,4,3.47844
0.5,4,3.478872
0.5,4,3.479335
0.5,6,3.479964
0.5,4,3.480392
0.5,6,3.481018
0.5,6,3.481646
0.5,4,3.482076
0.5,4,3.482505
0.5,4,3.482976
0.5,4,3.483407
0.5,4,3.483895
0.5,4,3.484404
0.5,4,3.484834
0.5,4,3.485262
0.5,4,3.48569
0.5,6,3.48635
0.5,4,3.486778
0.5,4,3.487211
0.5,6,3.487843
0.5,6,3.488472
0.5,4,3.488897
0.5,4,3.489327
0.5,4,3.489758
0.5,4,3.490181
0.5,4,3.490607
0.5,4,3.491148
0.5,4,3.491581
0.5,6,3.492208
0.5,6,3.492838
0.5,4,3.493267
0.5,6,3.493893
0.5,6,3.494524
0.5,4,3.494998
0.5,4,3.495428
0.5,4,3.495859
0.5,4,3.496289
0.5,6,3.496921
0.5,4,3.497351
0.5,7,3.498074
0.5,6,3.498703
0.5,4,3.499134
0.5,6,3.499767
0.5,4,3.500198
0.5,6,3.500826
0.5,6,3.50146
0.5,4,3.501893
0.5,4,3.502323
0.5,6,3.502958
0.5,4,3.503393
0.5,6,3.504025
0.5,6,3.504653
0.5,4,3.505086
0.5,6,3.505713
0.5,4,3.506143
0.5,4,3.506606
0.5,6,3.507238
0.5,4,3.507673
0.5,4,3.508105
0.5,4,3.508538
0.5,4,3.508969
0.5,6,3.509599
0.5,4,3.510029
0.5,4,3.510459
0.5,8,3.511427
0.5,4,3.511861
0.5,4,3.512292
0.5,4,3.512722
0.5,8,3.51355
0.5,4,3.513979
0.5,4,3.51441
0.5,4,3.514881
0.5,4,3.515313
0.5,4,3.515744
0.5,4,3.516175
0.5,6,3.516999
0.5,4,3.517434
0.5,4,3.517864
0.5,4,3.518296
0.5,4,3.518728
0.5,4,3.519195
0.5,4,3.519622
0.5,4,3.52005
0.5,4,3.52048
0.5,4,3.52091
0.5,6,3.521539
0.5,4,3.522011
0.5,4,3.522441
0.5,4,3.522875
0.5,6,3.523505
0.5,4,3.523939
0.5,4,3.524368
0.5,4,3.524804
0.5,4,3.525233
0.5,6,3.525859
0.5,4,3.52629
0.5,4,3.526718
0.5,4,3.527189
0.5,6,3.52782
0.5,6,3.528448
0.5,8,3.529383
0.5,4,3.529814
0.5,4,3.530243
0.5,4,3.530672
0.5,4,3.53114
0.5,4,3.531571
0.5,4,3.531998
0.5,4,3.532428
0.5,4,3.532858
0.5,6,3.533484
0.5,4,3.533913
0.5,4,3.534341
0.5,4,3.534769
0.5,4,3.535202
0.5,6,3.535837
0.5,6,3.53647
0.5,4,3.536896
0.5,6,3.537524
0.5,6,3.53826
0.5,4,3.53869
0.5,4,3.539226
0.5,6,3.539854
0.5,4,3.540281
0.5,8,3.541098
0.5,4,3.541527
0.5,4,3.541956
0.5,4,3.542419
0.5,4,3.542886
0.5,4,3.543319
0.5,6,3.543948
0.5,4,3.544381
0.5,4,3.544808
0.5,4,3.54527
0.5,6,3.545931
0.5,4,3.546361
0.5,7,3.547094
0.5,4,3.547524
0.5,4,3.547954
0.5,4,3.548382
0.5,4,3.548812
0.5,4,3.549244
0.5,4,3.549671
0.5,4,3.550103
0.5,4,3.550529
0.5,6,3.551165
0.5,4,3.551598
0.5,4,3.552029
0.5,4,3.552459
0.5,4,3.552887
0.5,4,3.553316
0.5,4,3.553746
0.5,6,3.554372
0.5,4,3.5548
0.5,4,3.555235
0.5,4,3.555665
0.5,6,3.556295
0.5,4,3.556728
0.5,8,3.557558
0.5,4,3.55799
0.5,4,3.558423
0.5,4,3.558934
0.5,4,3.559368
0.5,4,3.559798
0.5,6,3.560499
0.5,4,3.560929
0.5,4,3.561357
0.5,4,3.561789
0.5,4,3.562218
0.5,4,3.562649
0.5,4,3.563079
0.5,4,3.56351
0.5,4,3.563942
0.5,6,3.564575
0.5,6,3.565235
0.5,4,3.565694
0.5,4,3.566124
0.5,4,3.566597
0.5,4,3.567035
0.5,6,3.567668
0.5,4,3.5681
0.5,4,3.568529
0.5,4,3.568958
0.5,4,3.56939
0.5,8,3.570216
0.5,4,3.570647
0.5,4,3.57108
0.5,4,3.571513
0.5,4,3.571947
0.5,4,3.572376
0.5,4,3.572807
0.5,4,3.573236
0.5,6,3.573869
0.5,4,3.574294
0.5,4,3.574723
0.5,8,3.575556
0.5,4,3.575989
0.5,6,3.576617
0.5,4,3.577048
0.5,4,3.577481
0.5,6,3.578109
0.5,4,3.578538
0.5,6,3.579168
0.5,4,3.579601
0.5,4,3.580032
0.5,6,3.580659
0.5,8,3.581491
0.5,4,3.581922
0.5,4,3.582353
0.5,4,3.582783
0.5,4,3.583217
0.5,6,3.583848
0.5,4,3.58428
0.5,6,3.584911
0.5,4,3.585345
0.5,6,3.585971
0.5,4,3.586401
0.5,4,3.586836
0.5,4,3.587269
0.5,4,3.5877
0.5,8,3.588527
0.5,4,3.588959
0.5,8,3.589792
0.5,4,3.590222
0.5,4,3.590651
0.5,4,3.591084
0.5,4,3.591517
0.5,4,3.591948
0.5,6,3.592575
0.5,4,3.593006
0.5,4,3.59343
0.5,4,3.593858
0.5,6,3.594519
0.5,4,3.594955
0.5,4,3.595388
0.5,4,3.595815
0.5,4,3.596245
0.5,4,3.596673
0.5,4,3.597103
0.5,4,3.597531
0.5,6,3.598162
0.5,4,3.598593
0.5,4,3.599029
0.5,6,3.599662
0.5,4,3.600093
0.5,4,3.600521
0.5,4,3.600954
0.5,4,3.601382
0.5,6,3.602012
0.5,4,3.60244
0.5,4,3.602869
0.5,4,3.603301
0.5,4,3.603735
0.5,4,3.604192
0.5,4,3.604638
0.5,4,3.605068
0.5,4,3.6055
0.5,4,3.605928
0.5,4,3.606359
0.5,6,3.606994
0.5,4,3.607427
0.5,8,3.60826
0.5,6,3.60889
0.5,6,3.609516
0.5,4,3.609947
0.5,6,3.610576
0.5,4,3.61101
0.5,4,3.611444
0.5,8,3.612272
0.5,4,3.612702
0.5,4,3.613132
0.5,4,3.613564
0.5,4,3.613993
0.5,6,3.614622
0.5,4,3.615058
0.5,8,3.615883
0.5,4,3.616314
0.5,4,3.616742
0.5,4,3.617174
0.5,4,3.617604
0.5,4,3.618034
0.5,4,3.61846
0.5,4,3.618894
0.5,4,3.619326
0.5,4,3.619755
0.5,4,3.620183
0.5,4,3.620611
0.5,4,3.621042
0.5,4,3.621474
0.5,4,3.621908
0.5,4,3.622336
0.5,4,3.622766
0.5,4,3.6232
0.5,4,3.623633
0.5,4,3.624063
0.5,4,3.624678
0.5,4,3.625113
0.5,6,3.625745
0.5,4,3.626179
0.5,4,3.62661
0.5,4,3.627043
0.5,4,3.627475
0.5,4,3.627907
0.5,4,3.628337
0.5,4,3.628768
0.5,4,3.6292
0.5,4,3.62963
0.5,4,3.630056
0.5,4,3.630487
0.5,4,3.630921
0.5,4,3.631353
0.5,4,3.631784
0.5,6,3.632412
0.5,4,3.632845
0.5,6,3.633473
0.5,4,3.633904
0.5,4,3.634332
0.5,6,3.635002
0.5,6,3.635636
0.5,6,3.63627
0.5,4,3.636698
0.5,4,3.637125
0.5,4,3.637554
0.5,4,3.637985
0.5,4,3.638417
0.5,4,3.638844
0.5,7,3.639573
0.5,4,3.640002
0.5,4,3.64043
0.5,4,3.64086
0.5,6,3.641488
0.5,6,3.642157
0.5,4,3.642589
0.5,4,3.643022
0.5,4,3.643455
0.5,6,3.644083
0.5,6,3.644709
0.5,4,3.645137
0.5,4,3.645564
0.5,4,3.64599
0.5,4,3.646417
0.5,4,3.646962
0.5,4,3.647459
0.5,4,3.647888
0.5,8,3.648783
0.5,4,3.649208
0.5,4,3.649636
0.5,4,3.650065
0.5,4,3.650526
0.5,4,3.650992
0.5,4,3.651422
0.5,4,3.65185
0.5,4,3.652279
0.5,4,3.652709
0.5,4,3.653139
0.5,6,3.653767
0.5,6,3.654393
0.5,4,3.654907
0.5,4,3.655337
0.5,4,3.655766
0.5,4,3.656193
0.5,4,3.65662
0.5,4,3.657051
0.5,6,3.657683
0.5,4,3.658114
0.5,4,3.658539
0.5,4,3.658975
0.5,4,3.659404
0.5,4,3.659831
0.5,6,3.660464
0.5,4,3.660891
0.5,4,3.66132
0.5,4,3.661752
0.5,4,3.662185
0.5,4,3.662614
0.5,6,3.66325
0.5,4,3.663685
0.5,4,3.664114
0.5,4,3.664545
0.5,4,3.66497
0.5,4,3.665399
0.5,6,3.666024
0.5,4,3.666455
0.5,6,3.667085
0.5,4,3.667539
0.5,4,3.668025
0.5,4,3.668456
0.5,6,3.669156
0.5,8,3.669979
0.5,4,3.670408
0.5,4,3.670842
0.5,4,3.671273
0.5,4,3.671703
0.5,4,3.672133
0.5,4,3.672562
0.5,4,3.672991
0.5,4,3.673421
0.5,4,3.673849
0.5,4,3.674277
0.5,4,3.674741
0.5,4,3.675208
0.5,4,3.675637
0.5,6,3.676266
0.5,4,3.676697
0.5,6,3.677323
0.5,4,3.677754
0.5,4,3.678185
0.5,10,3.679243
0.5,6,3.679916
0.5,4,3.680349
0.5,4,3.680781
0.5,6,3.681414
0.5,6,3.682047
0.5,4,3.682477
0.5,6,3.683116
0.5,6,3.683744
0.5,6,3.684376
0.5,8,3.6852
0.5,4,3.68563
0.5,4,3.686059
0.5,4,3.68649
0.5,4,3.686922
0.5,4,3.687353
0.5,4,3.687783
0.5,4,3.688214
0.5,4,3.688645
0.5,4,3.689072
0.5,6,3.689698
0.5,4,3.690122
0.5,6,3.690784
0.5,4,3.691219
0.5,4,3.691654
0.5,4,3.692085
0.5,4,3.692514
0.5,4,3.692944
0.5,6,3.693577
0.5,4,3.694011
0.5,4,3.694442
0.5,6,3.695077
0.5,4,3.695512
0.5,4,3.695942
0.5,4,3.696372
0.5,4,3.696795
0.5,4,3.697225
0.5,6,3.697855
0.5,4,3.698287
0.5,4,3.698715
0.5,4,3.699149
0.5,4,3.699582
0.5,4,3.700011
0.5,6,3.700638
0.5,4,3.70107
0.5,4,3.7015
0.5,4,3.70193
0.5,6,3.702557
0.5,7,3.703294
0.5,6,3.703924
0.5,4,3.704352
0.5,6,3.704977
0.5,10,3.706007
0.5,4,3.706439
0.5,4,3.706874
0.5,6,3.7075
0.5,4,3.707929
0.5,4,3.70836
0.5,6,3.708987
0.5,4,3.709424
0.5,4,3.709854
0.5,4,3.710286
0.5,6,3.710918
0.5,4,3.711349
0.5,4,3.711782
0.5,4,3.712211
0.5,6,3.712877
0.5,4,3.713305
0.5,6,3.713927
0.5,6,3.71456
0.5,4,3.714993
0.5,4,3.715423
0.5,7,3.716147
0.5,6,3.716775
0.5,4,3.717206
0.5,4,3.717678
0.5,4,3.71811
0.5,6,3.718746
0.5,4,3.71918
0.5,4,3.719609
0.5,4,3.720041
0.5,4,3.72047
0.5,4,3.720897
0.5,4,3.721329
0.5,4,3.721761
0.5,4,3.72219
0.5,6,3.722822
0.5,4,3.723251
0.5,4,3.72368
0.5,4,3.724114
0.5,6,3.724748
0.5,4,3.72518
0.5,4,3.725611
0.5,4,3.72604
0.5,4,3.726466
0.5,6,3.727101
0.5,4,3.727533
0.5,10,3.728559
0.5,4,3.72899
0.5,4,3.72942
0.5,4,3.729851
0.5,4,3.73028
0.5,4,3.73071
0.5,4,3.731142
0.5,4,3.73157
0.5,4,3.732217
0.5,6,3.732866
0.5,4,3.733297
0.5,4,3.733728
0.5,4,3.734157
0.5,4,3.734585
0.5,4,3.735051
0.5,4,3.735479
0.5,4,3.735909
0.5,4,3.736339
0.5,4,3.736767
0.5,6,3.737395
0.5,4,3.737825
0.5,4,3.738253
0.5,4,3.738682
0.5,4,3.739115
0.5,4,3.739544
0.5,4,3.739975
0.5,6,3.740601
0.5,4,3.741024
0.5,4,3.741453
0.5,4,3.741885
0.5,4,3.742316
0.5,4,3.742778
0.5,4,3.743246
0.5,6,3.743878
0.5,6,3.744504
0.5,4,3.744934
0.5,4,3.745361
0.5,6,3.745987
0.5,4,3.746417
0.5,4,3.746851
0.5,4,3.747281
0.5,4,3.747709
0.5,4,3.748138
0.5,4,3.748568
0.5,4,3.748996
0.5,4,3.749424
0.5,4,3.749852
0.5,6,3.750479
0.5,4,3.750912
0.5,4,3.75134
0.5,4,3.751769
0.5,4,3.752195
0.5,4,3.752624
0.5,6,3.753322
0.5,6,3.753956
0.5,4,3.754384
0.5,8,3.75539
0.5,4,3.755843
0.5,4,3.756272
0.5,4,3.756769
0.5,6,3.757395
0.5,4,3.757855
0.5,8,3.758684
0.5,4,3.759148
0.5,4,3.75958
0.5,4,3.760005
0.5,4,3.760429
0.5,4,3.760857
0.5,4,3.761287
0.5,4,3.761715
0.5,4,3.762145
0.5,4,3.762576
0.5,4,3.763045
0.5,4,3.763476
0.5,4,3.763902
0.5,4,3.764331
0.5,4,3.764758
0.5,4,3.765188
0.5,4,3.765618
0.5,4,3.766047
0.5,4,3.766474
0.5,4,3.766907
0.5,4,3.767336
0.5,4,3.767766
0.5,6,3.768393
0.5,4,3.768822
0.5,4,3.769252
0.5,4,3.769677
0.5,6,3.770307
0.5,6,3.770936
0.5,4,3.771369
0.5,6,3.772001
0.5,4,3.772431
0.5,4,3.77286
0.5,4,3.77329
0.5,4,3.773723
0.5,4,3.77415
0.5,6,3.774783
0.5,4,3.775221
0.5,4,3.77565
0.5,4,3.776133
0.5,4,3.776618
0.5,4,3.777048
0.5,8,3.777945
0.5,4,3.778374
0.5,4,3.778802
0.5,4,3.779237
0.5,4,3.779666
0.5,6,3.780291
0.5,4,3.78072
0.5,4,3.781149
0.5,6,3.781776
0.5,4,3.782202
0.5,8,3.783068
0.5,4,3.783536
0.5,4,3.783965
0.5,6,3.784587
0.5,6,3.785216
0.5,4,3.785645
0.5,6,3.786268
0.5,4,3.7867
0.5,4,3.787132
0.5,6,3.787761
0.5,4,3.788192
0.5,6,3.788816
0.5,6,3.789445
0.5,4,3.789874
0.5,7,3.790599
0.5,4,3.791032
0.5,4,3.791464
0.5,6,3.792124
0.5,4,3.792554
0.5,4,3.792984
0.5,4,3.793453
0.5,4,3.793881
0.5,4,3.794309
0.5,4,3.79474
0.5,4,3.79517
0.5,6,3.795801
0.5,4,3.796232
0.5,6,3.796859
0.5,4,3.797285
0.5,4,3.797714
0.5,8,3.798538
0.5,4,3.799012
0.5,6,3.799644
0.5,4,3.800072
0.5,6,3.800698
0.5,4,3.801129
0.5,4,3.801558
0.5,4,3.801987
0.5,4,3.802451
0.5,8,3.803284
0.5,4,3.803715
0.5,4,3.804145
0.5,4,3.804575
0.5,4,3.805001
0.5,6,3.805627
0.5,6,3.806252
0.5,4,3.806681
0.5,4,3.807113
0.5,4,3.807543
0.5,4,3.807973
0.5,6,3.808605
0.5,6,3.809236
0.5,4,3.809668
0.5,6,3.8103
0.5,4,3.810728
0.5,4,3.811159
0.5,6,3.811786
0.5,4,3.812214
0.5,4,3.812644
0.5,4,3.813077
0.5,4,3.813508
0.5,4,3.813936
0.5,4,3.814366
0.5,4,3.814799
0.5,4,3.815234
0.5,4,3.815663
0.5,4,3.816091
0.5,4,3.816521
0.5,6,3.817147
0.5,4,3.817581
0.5,4,3.818008
0.5,4,3.818438
0.5,4,3.81887
0.5,4,3.819298
0.5,4,3.819726
0.5,4,3.820153
0.5,9,3.821072
0.5,4,3.821501
0.5,6,3.822131
0.5,4,3.822559
0.5,4,3.822989
0.5,6,3.823619
0.5,4,3.824049
0.5,4,3.824477
0.5,4,3.824906
0.5,4,3.825335
0.5,4,3.825763
0.5,7,3.826489
0.5,4,3.826924
0.5,4,3.827357
0.5,6,3.827987
0.5,4,3.828416
0.5,4,3.828846
0.5,4,3.829274
0.5,4,3.829703
0.5,4,3.830135
0.5,4,3.830563
0.5,6,3.831267
0.5,4,3.831702
0.5,4,3.832132
0.5,4,3.832559
0.5,6,3.833189
0.5,4,3.833622
0.5,4,3.834053
0.5,8,3.834881
0.5,4,3.835313
0.5,4,3.835742
0.5,4,3.836171
0.5,4,3.836604
0.5,4,3.837034
0.5,4,3.837465
0.5,4,3.837898
0.5,4,3.838326
0.5,4,3.838754
0.5,4,3.839188
0.5,4,3.839782
0.5,4,3.840309
0.5,4,3.840743
0.5,4,3.841172
0.5,4,3.841602
0.5,4,3.842033
0.5,4,3.842465
0.5,4,3.842901
0.5,4,3.843331
0.5,4,3.843763
0.5,4,3.844195
0.5,4,3.844623
0.5,6,3.845248
0.5,4,3.84568
0.5,4,3.84611
0.5,4,3.846644
0.5,4,3.847078
0.5,4,3.847509
0.5,6,3.84814
0.5,8,3.848967
0.5,4,3.849398
0.5,4,3.849827
0.5,6,3.850492
0.5,8,3.851321
0.5,4,3.851751
0.5,4,3.85218
0.5,4,3.852609
0.5,6,3.853239
0.5,4,3.853669
0.5,4,3.854099
0.5,4,3.854529
0.5,4,3.854964
0.5,4,3.855395
0.5,4,3.855823
0.5,4,3.856253
0.5,6,3.856879
0.5,4,3.857306
0.5,4,3.857736
0.5,4,3.858166
0.5,6,3.858797
0.5,4,3.859234
0.5,4,3.85966
0.5,6,3.860292
0.5,4,3.860721
0.5,4,3.861151
0.5,4,3.861578
0.5,8,3.862403
0.5,6,3.863038
0.5,4,3.863473
0.5,4,3.863959
0.5,6,3.86464
0.5,4,3.86507
0.5,6,3.865803
0.5,4,3.866234
0.5,4,3.866662
0.5,4,3.867131
0.5,4,3.867565
0.5,4,3.867994
0.5,6,3.868644
0.5,4,3.86914
0.5,6,3.869806
0.5,4,3.870235
0.5,4,3.870667
0.5,6,3.871335
0.5,8,3.872201
0.5,4,3.87263
0.5,4,3.873061
0.5,4,3.87349
0.5,4,3.873919
0.5,4,3.874352
0.5,4,3.874782
0.5,4,3.875218
0.5,4,3.87565
0.5,4,3.876083
0.5,4,3.876514
0.5,4,3.876943
0.5,4,3.877375
0.5,4,3.877806
0.5,4,3.878234
0.5,6,3.87887
0.5,4,3.879301
0.5,4,3.879731
0.5,4,3.880159
0.5,4,3.880588
0.5,4,3.881019
0.5,4,3.881448
0.5,4,3.881876
0.5,6,3.882505
0.5,4,3.88294
0.5,4,3.883371
0.5,8,3.884206
0.5,4,3.884659
0.5,4,3.885175
0.5,4,3.885639
0.5,4,3.886124
0.5,4,3.886569
0.5,4,3.887001
0.5,4,3.887435
0.5,4,3.887865
0.5,4,3.888296
0.5,4,3.888727
0.5,4,3.889158
0.5,6,3.889788
0.5,4,3.89022
0.5,4,3.890651
0.5,4,3.891087
0.5,4,3.891518
0.5,6,3.892148
0.5,4,3.892581
0.5,4,3.893013
0.5,4,3.893445
0.5,6,3.894076
0.5,4,3.894504
0.5,4,3.894939
0.5,4,3.895372
0.5,6,3.896005
0.5,6,3.896702
0.5,6,3.897331
0.5,4,3.89776
0.5,4,3.898188
0.5,4,3.898618
0.5,6,3.89925
0.5,4,3.899683
0.5,4,3.900114
0.5,8,3.900946
0.5,4,3.90138
0.5,6,3.902013
0.5,8,3.902852
0.5,6,3.903486
0.5,4,3.90392
0.5,4,3.904351
0.5,4,3.904781
0.5,4,3.905213
0.5,4,3.905646
0.5,4,3.906074
0.5,4,3.906531
0.5,4,3.906986
0.5,6,3.90765
0.5,4,3.908082
0.5,4,3.908512
0.5,4,3.908941
0.5,4,3.90937
0.5,4,3.9098
0.5,4,3.91023
0.5,4,3.91066
0.5,4,3.911133
0.5,4,3.911561
0.5,4,3.911988
0.5,6,3.912613
0.5,6,3.913245
0.5,4,3.913677
0.5,4,3.914107
0.5,4,3.914536
0.5,4,3.914971
0.5,4,3.915405
0.5,4,3.915844
0.5,4,3.916274
0.5,4,3.916707
0.5,4,3.917141
0.5,6,3.917768
0.5,6,3.918397
0.5,6,3.919033
0.5,6,3.919701
0.5,4,3.920131
0.5,4,3.920559
0.5,4,3.920989
0.5,4,3.921417
0.5,4,3.921847
0.5,6,3.922472
0.5,4,3.92291
0.5,4,3.923341
0.5,4,3.923769
0.5,4,3.9242
0.5,4,3.924626
0.5,4,3.925053
0.5,6,3.925685
0.5,6,3.926313
0.5,7,3.92704
0.5,4,3.927471
0.5,4,3.927903
0.5,4,3.928333
0.5,4,3.928763
0.5,4,3.929194
0.5,4,3.929626
0.5,6,3.930255
0.5,6,3.930885
0.5,4,3.931319
0.5,4,3.931749
0.5,4,3.932178
0.5,4,3.932608
0.5,4,3.933038
0.5,4,3.933468
0.5,6,3.934094
0.5,6,3.934721
0.5,8,3.935554
0.5,4,3.935985
0.5,4,3.936415
0.5,4,3.936841
0.5,4,3.937271
0.5,6,3.938208
0.5,6,3.938843
0.5,4,3.939275
0.5,6,3.939903
0.5,6,3.940535
0.5,4,3.94096
0.5,4,3.94139
0.5,4,3.94182
0.5,4,3.942251
0.5,4,3.942677
0.5,4,3.943143
0.5,4,3.943571
0.5,4,3.944
0.5,4,3.944474
0.5,4,3.944906
0.5,4,3.945335
0.5,4,3.945765
0.5,6,3.946396
0.5,4,3.946833
0.5,6,3.947465
0.5,8,3.948522
0.5,4,3.948956
0.5,4,3.949388
0.5,6,3.950016
0.5,4,3.950448
0.5,6,3.951115
0.5,4,3.951549
0.5,4,3.951979
0.5,4,3.952445
0.5,4,3.952909
0.5,4,3.95334
0.5,4,3.953994
0.5,4,3.954493
0.5,4,3.954981
0.5,6,3.955612
0.5,8,3.956444
0.5,6,3.957072
0.5,4,3.957503
0.5,4,3.957933
0.5,4,3.958364
0.5,6,3.959066
0.5,4,3.959499
0.5,4,3.959932
0.5,4,3.960362
0.5,6,3.960989
0.5,6,3.961675
0.5,6,3.962354
0.5,4,3.962782
0.5,4,3.96325
0.5,6,3.963884
0.5,4,3.96438
0.5,4,3.96481
0.5,4,3.965244
0.5,4,3.965671
0.5,4,3.966098
0.5,4,3.966527
0.5,4,3.967001
0.5,6,3.967636
0.5,4,3.968065
0.5,4,3.968493
0.5,4,3.968926
0.5,4,3.969355
0.5,4,3.969784
0.5,8,3.97061
0.5,4,3.971044
0.5,4,3.971474
0.5,4,3.971901
0.5,4,3.972383
0.5,4,3.97285
0.5,6,3.973491
0.5,4,3.974024
0.5,8,3.974895
0.5,4,3.975325
0.5,4,3.975754
0.5,4,3.976186
0.5,4,3.976618
0.5,4,3.977051
0.5,4,3.977483
0.5,4,3.977912
0.5,4,3.97834
0.5,6,3.979035
0.5,4,3.979463
0.5,6,3.980144
0.5,6,3.980786
0.5,4,3.981215
0.5,4,3.981649
0.5,4,3.982106
0.5,4,3.982553
0.5,6,3.983229
0.5,4,3.983661
0.5,6,3.984286
0.5,6,3.984915
0.5,6,3.985543
0.5,4,3.985974
0.5,7,3.986704
0.5,4,3.987139
0.5,9,3.988057
0.5,6,3.98868
0.5,4,3.989111
0.5,6,3.989737
0.5,6,3.990363
0.5,4,3.990793
0.5,6,3.991425
0.5,4,3.991856
0.5,6,3.992491
0.5,4,3.99292
0.5,4,3.993371
0.5,4,3.993846
0.5,4,3.994276
0.5,4,3.994775
0.5,4,3.99521
0.5,4,3.995641
0.5,4,3.996071
0.5,4,3.996498
0.5,6,3.997126
0.5,6,3.99775
0.5,4,3.998179
0.5,4,3.998604
0.5,6,3.999233
0.5,4,3.999664
0.5,4,4.000092
0.5,4,4.000555
0.5,4,4.000984
0.5,4,4.001414
0.5,6,4.002044
0.5,4,4.002474
0.5,6,4.003098
0.5,4,4.003532
0.5,4,4.003962
0.5,4,4.004394
0.5,4,4.004827
0.5,8,4.005658
0.5,4,4.006091
0.5,4,4.006541
0.5,4,4.006992
0.5,6,4.007622
0.5,6,4.008249
0.5,4,4.00868
0.5,8,4.00951
0.5,4,4.009941
0.5,4,4.010373
0.5,4,4.010803
0.5,4,4.011235
0.5,4,4.011664
0.5,4,4.012094
0.5,4,4.012522
0.5,4,4.012953
0.5,6,4.01358
0.5,6,4.014208
0.5,6,4.014836
0.5,4,4.015269
0.5,4,4.015701
0.5,4,4.016131
0.5,6,4.016793
0.5,4,4.017223
0.5,4,4.01765
0.5,4,4.01808
0.5,6,4.018708
0.5,4,4.019143
0.5,4,4.019573
0.5,4,4.020041
0.5,6,4.020669
0.5,10,4.021691
0.5,6,4.022317
0.5,4,4.022749
0.5,4,4.02318
0.5,6,4.02381
0.5,6,4.024434
0.5,6,4.025059
0.5,4,4.02549
0.5,4,4.02592
0.5,4,4.02635
0.5,6,4.026983
0.5,4,4.027414
0.5,4,4.027841
0.5,4,4.02827
0.5,6,4.028897
0.5,7,4.029629
0.5,4,4.03006
0.5,6,4.030692
0.5,4,4.031124
0.5,4,4.031556
0.5,4,4.031985
0.5,4,4.032416
0.5,4,4.032845
0.5,4,4.033274
0.5,4,4.033703
0.5,4,4.034134
0.5,4,4.034563
0.5,6,4.035196
0.5,6,4.035828
0.5,4,4.036259
0.5,4,4.036692
0.5,4,4.037122
0.5,4,4.03755
0.5,4,4.037981
0.5,4,4.038411
0.5,4,4.038846
0.5,4,4.039279
0.5,4,4.03971
0.5,4,4.04014
0.5,4,4.04057
0.5,6,4.041202
0.5,4,4.041633
0.5,4,4.042062
0.5,4,4.042487
0.5,6,4.043118
0.5,4,4.043555
0.5,4,4.043985
0.5,4,4.044414
0.5,4,4.044843
0.5,4,4.045275
0.5,4,4.0457
0.5,8,4.046521
0.5,4,4.046954
0.5,6,4.047584
0.5,4,4.048013
0.5,4,4.048438
0.5,4,4.048868
0.5,6,4.049496
0.5,6,4.050129
0.5,4,4.050558
0.5,4,4.050991
0.5,4,4.051423
0.5,6,4.052049
0.5,4,4.052477
0.5,8,4.053307
0.5,4,4.053738
0.5,4,4.054168
0.5,4,4.0546
0.5,4,4.055033
0.5,4,4.055463
0.5,4,4.055895
0.5,4,4.056565
0.5,4,4.056998
0.5,4,4.057428
0.5,6,4.058095
0.5,4,4.058526
0.5,4,4.058961
0.5,4,4.059391
0.5,4,4.05982
0.5,4,4.060251
0.5,6,4.060877
0.5,4,4.061304
0.5,4,4.061735
0.5,6,4.062363
0.5,4,4.062794
0.5,4,4.063223
0.5,4,4.063655
0.5,6,4.064291
0.5,4,4.064718
0.5,4,4.065147
0.5,4,4.065577
0.5,4,4.066004
0.5,4,4.066434
0.5,4,4.066899
0.5,4,4.067332
0.5,6,4.067955
0.5,10,4.068976
0.5,4,4.069405
0.5,6,4.070036
0.5,4,4.070469
0.5,4,4.070902
0.5,4,4.071334
0.5,6,4.071967
0.5,4,4.072395
0.5,8,4.073225
0.5,4,4.073656
0.5,4,4.074085
0.5,6,4.074713
0.5,4,4.075147
0.5,4,4.075579
0.5,4,4.076003
0.5,4,4.076433
0.5,4,4.076864
0.5,6,4.077491
0.5,4,4.07792
0.5,6,4.078548
0.5,6,4.07918
0.5,4,4.079611
0.5,6,4.080241
0.5,4,4.080674
0.5,4,4.0811
0.5,6,4.081805
0.5,4,4.082234
0.5,4,4.082698
0.5,4,4.083165
0.5,4,4.083595
0.5,4,4.084023
0.5,4,4.084448
0.5,4,4.084879
0.5,4,4.085307
0.5,4,4.085736
0.5,4,4.086166
0.5,4,4.086594
0.5,4,4.087061
0.5,4,4.087495
0.5,4,4.087961
0.5,4,4.088412
0.5,4,4.088857
0.5,4,4.089322
0.5,4,4.089752
0.5,4,4.090179
0.5,4,4.090612
0.5,4,4.091048
0.5,6,4.091679
0.5,6,4.092309
0.5,4,4.092739
0.5,6,4.093367
0.5,4,4.093798
0.5,4,4.094225
0.5,6,4.094857
0.5,7,4.095627
0.5,4,4.096059
0.5,4,4.096488
0.5,4,4.096917
0.5,6,4.097546
0.5,4,4.097975
0.5,4,4.098405
0.5,4,4.098837
0.5,4,4.099266
0.5,6,4.099895
0.5,6,4.100523
0.5,6,4.101153
0.5,6,4.101778
0.5,4,4.10224
0.5,4,4.102742
0.5,8,4.103607
0.5,4,4.104138
0.5,6,4.104769
0.5,6,4.105397
0.5,4,4.105826
0.5,4,4.106256
0.5,6,4.106887
0.5,4,4.107317
0.5,6,4.107945
0.5,4,4.108375
0.5,6,4.109002
0.5,4,4.109436
0.5,8,4.110299
0.5,4,4.11073
0.5,4,4.111166
0.5,4,4.111598
0.5,4,4.112027
0.5,6,4.112656
0.5,7,4.11338
0.5,6,4.114013
0.5,4,4.114445
0.5,7,4.115176
0.5,8,4.116008
0.5,4,4.116438
0.5,6,4.117073
0.5,4,4.117501
0.5,4,4.117964
0.5,4,4.118394
0.5,10,4.119429
0.5,6,4.120059
0.5,6,4.120687
0.5,4,4.121116
0.5,4,4.121545
0.5,4,4.121979
0.5,4,4.122408
0.5,4,4.122839
0.5,4,4.123272
0.5,4,4.123703
0.5,4,4.124132
0.5,4,4.124562
0.5,4,4.124993
0.5,4,4.125421
0.5,4,4.125848
0.5,4,4.126272
0.5,4,4.126701
0.5,4,4.127136
0.5,6,4.127769
0.5,6,4.128399
0.5,4,4.128866
0.5,4,4.129294
0.5,4,4.129724
0.5,4,4.130156
0.5,4,4.130588
0.5,4,4.131021
0.5,4,4.131453
0.5,6,4.132082
0.5,4,4.132512
0.5,6,4.133136
0.5,4,4.133612
0.5,4,4.134045
0.5,4,4.134476
0.5,4,4.134914
0.5,4,4.135347
0.5,4,4.135777
0.5,4,4.13621
0.5,6,4.136841
0.5,6,4.137473
0.5,4,4.137902
0.5,4,4.138328
0.5,4,4.13876
0.5,6,4.139398
0.5,4,4.139829
0.5,4,4.14026
0.5,4,4.14069
0.5,6,4.141319
0.5,6,4.141948
0.5,4,4.142381
0.5,4,4.142816
0.5,4,4.143245
0.5,4,4.143675
0.5,4,4.144109
0.5,4,4.144541
0.5,9,4.145464
0.5,6,4.14609
0.5,4,4.146522
0.5,4,4.146957
0.5,4,4.147391
0.5,4,4.14782
0.5,4,4.14825
0.5,4,4.148677
0.5,6,4.149308
0.5,4,4.14974
0.5,4,4.150171
0.5,6,4.150796
0.5,4,4.15123
0.5,6,4.151858
0.5,4,4.152289
0.5,4,4.152717
0.5,6,4.153347
0.5,4,4.153776
0.5,6,4.154406
0.5,4,4.15484
0.5,6,4.155474
0.5,6,4.156098
0.5,4,4.156531
0.5,6,4.15716
0.5,4,4.15759
0.5,4,4.158022
0.5,4,4.15845
0.5,4,4.15888
0.5,4,4.159314
0.5,4,4.159745
0.5,4,4.160175
0.5,4,4.160606
0.5,4,4.161036
0.5,4,4.161468
0.5,4,4.161895
0.5,4,4.162327
0.5,4,4.162754
0.5,4,4.163188
0.5,4,4.163739
0.5,4,4.164281
0.5,6,4.164912
0.5,4,4.165342
0.5,6,4.165973
0.5,8,4.166799
0.5,4,4.167233
0.5,4,4.167664
0.5,4,4.168093
0.5,4,4.168524
0.5,8,4.169345
0.5,6,4.169978
0.5,4,4.170413
0.5,6,4.171086
0.5,4,4.171522
0.5,4,4.171951
0.5,6,4.172582
0.5,6,4.173214
0.5,4,4.173644
0.5,4,4.174116
0.5,4,4.174577
0.5,4,4.175011
0.5,4,4.175442
0.5,4,4.175874
0.5,4,4.176304
0.5,6,4.176938
0.5,7,4.177668
0.5,4,4.178092
0.5,6,4.178721
0.5,4,4.179155
0.5,4,4.179586
0.5,8,4.180416
0.5,4,4.180846
0.5,6,4.181477
0.5,4,4.18191
0.5,4,4.182339
0.5,4,4.182769
0.5,4,4.183203
0.5,4,4.183632
0.5,4,4.184065
0.5,4,4.184496
0.5,4,4.184925
0.5,4,4.185356
0.5,4,4.185786
0.5,6,4.186412
0.5,4,4.186846
0.5,4,4.187277
0.5,4,4.187707
0.5,4,4.188133
0.5,6,4.188761
0.5,4,4.18919
0.5,4,4.189655
0.5,4,4.190114
0.5,4,4.190598
0.5,4,4.191065
0.5,4,4.191532
0.5,4,4.191965
0.5,4,4.192395
0.5,4,4.19286
0.5,4,4.19329
0.5,4,4.193718
0.5,6,4.19438
0.5,4,4.19483
0.5,4,4.195278
0.5,4,4.195776
0.5,6,4.196467
0.5,6,4.197098
0.5,4,4.197561
0.5,6,4.198186
0.5,4,4.198612
0.5,4,4.199084
0.5,4,4.199538
0.5,4,4.20004
0.5,4,4.200521
0.5,4,4.200953
0.5,4,4.20145
0.5,6,4.202081
0.5,4,4.202512
0.5,4,4.202986
0.5,8,4.20381
0.5,6,4.204443
0.5,6,4.205067
0.5,6,4.205688
0.5,4,4.206152
0.5,4,4.206578
0.5,4,4.207049
0.5,4,4.207481
0.5,4,4.207911
0.5,4,4.20834
0.5,4,4.20881
0.5,4,4.209245
0.5,4,4.209679
0.5,4,4.210111
0.5,4,4.21054
0.5,4,4.211011
0.5,4,4.211442
0.5,6,4.212375
0.5,4,4.212805
0.5,4,4.213231
0.5,4,4.213659
0.5,4,4.214091
0.5,6,4.214716
0.5,4,4.215152
0.5,4,4.215583
0.5,4,4.216012
0.5,6,4.216639
0.5,4,4.217069
0.5,4,4.217501
0.5,4,4.217931
0.5,4,4.21836
0.5,4,4.21879
0.5,4,4.219225
0.5,8,4.220051
0.5,6,4.220679
0.5,4,4.22111
0.5,6,4.221738
0.5,4,4.222167
0.5,4,4.222598
0.5,4,4.223033
0.5,4,4.223466
0.5,6,4.224098
0.5,6,4.22473
0.5,4,4.225188
0.5,4,4.225662
0.5,6,4.226287
0.5,4,4.226718
0.5,4,4.227152
0.5,4,4.227581
0.5,4,4.228011
0.5,8,4.228839
0.5,4,4.229264
0.5,4,4.229694
0.5,4,4.230124
0.5,4,4.230556
0.5,6,4.231186
0.5,6,4.23182
0.5,4,4.23225
0.5,4,4.232678
0.5,4,4.233108
0.5,4,4.233536
0.5,4,4.233966
0.5,4,4.234396
0.5,4,4.234829
0.5,4,4.235261
0.5,6,4.235893
0.5,4,4.236323
0.5,4,4.236754
0.5,4,4.237184
0.5,4,4.237613
0.5,8,4.238438
0.5,4,4.238872
0.5,4,4.239307
0.5,4,4.239736
0.5,4,4.240166
0.5,6,4.240788
0.5,4,4.241213
0.5,6,4.241846
0.5,4,4.242278
0.5,4,4.242707
0.5,4,4.243139
0.5,6,4.243767
0.5,4,4.244198
0.5,4,4.244627
0.5,4,4.245053
0.5,4,4.245483
0.5,6,4.246108
0.5,4,4.246561
0.5,4,4.247012
0.5,8,4.247842
0.5,6,4.248475
0.5,4,4.248908
0.5,4,4.249335
0.5,8,4.250155
0.5,4,4.250588
0.5,4,4.251025
0.5,6,4.251659
0.5,4,4.25209
0.5,4,4.252522
0.5,4,4.252954
0.5,4,4.253383
0.5,6,4.254009
0.5,10,4.255044
0.5,4,4.255479
0.5,4,4.255909
0.5,4,4.256344
0.5,4,4.256769
0.5,6,4.257402
0.5,4,4.257835
0.5,8,4.258668
0.5,4,4.259104
0.5,8,4.259931
0.5,4,4.260361
0.5,4,4.260792
0.5,4,4.261223
0.5,6,4.261859
0.5,4,4.26229
0.5,4,4.26272
0.5,4,4.263155
0.5,6,4.263788
0.5,4,4.26422
0.5,6,4.264849
0.5,4,4.265277
0.5,4,4.265707
0.5,4,4.266136
0.5,4,4.266568
0.5,4,4.267001
0.5,4,4.267432
0.5,4,4.267866
0.5,6,4.268497
0.5,6,4.269124
0.5,4,4.269557
0.5,4,4.269986
0.5,6,4.270615
0.5,4,4.271052
0.5,4,4.271487
0.5,4,4.272118
0.5,4,4.272585
0.5,6,4.273216
0.5,4,4.273651
0.5,6,4.274286
0.5,6,4.274955
0.5,6,4.275622
0.5,4,4.276054
0.5,4,4.276488
0.5,6,4.27712
0.5,4,4.277552
0.5,7,4.278278
0.5,4,4.278709
0.5,6,4.279344
0.5,4,4.279777
0.5,4,4.280209
0.5,4,4.280639
0.5,4,4.28107
0.5,4,4.281503
0.5,6,4.282133
0.5,4,4.282598
0.5,6,4.283273
0.5,4,4.283708
0.5,4,4.284138
0.5,6,4.284812
0.5,4,4.285245
0.5,6,4.285875
0.5,6,4.286501
0.5,4,4.286958
0.5,6,4.287687
0.5,4,4.28812
0.5,4,4.288621
0.5,4,4.289053
0.5,4,4.289485
0.5,4,4.289917
0.5,4,4.290349
0.5,4,4.290781
0.5,6,4.291417
0.5,6,4.292048
0.5,4,4.29248
0.5,6,4.293128
0.5,4,4.293572
0.5,4,4.294004
0.5,4,4.294431
0.5,4,4.294901
0.5,6,4.295531
0.5,4,4.295963
0.5,4,4.296396
0.5,4,4.296828
0.5,4,4.297258
0.5,4,4.29776
0.5,8,4.298592
0.5,4,4.299097
0.5,4,4.299531
0.5,4,4.299962
0.5,4,4.300393
0.5,4,4.300826
0.5,6,4.301458
0.5,4,4.301885
0.5,4,4.302314
0.5,4,4.302745
0.5,4,4.303214
0.5,4,4.303646
0.5,4,4.30408
0.5,4,4.30451
0.5,4,4.304942
0.5,4,4.305372
0.5,4,4.305801
0.5,4,4.306229
0.5,8,4.307104
0.5,4,4.307538
0.5,4,4.308002
0.5,4,4.308436
0.5,4,4.308868
0.5,10,4.309895
0.5,10,4.31096
0.5,6,4.311596
0.5,4,4.312028
0.5,8,4.312881
0.5,4,4.313364
0.5,4,4.313794
0.5,4,4.314292
0.5,4,4.314723
0.5,4,4.315203
0.5,4,4.315678
0.5,4,4.316108
0.5,4,4.316545
0.5,8,4.317371
0.5,4,4.317804
0.5,4,4.318237
0.5,4,4.318665
0.5,4,4.319142
0.5,6,4.319777
0.5,4,4.320245
0.5,6,4.320881
0.5,6,4.321513
0.5,4,4.321945
0.5,4,4.322419
0.5,4,4.322939
0.5,8,4.323802
0.5,6,4.324436
0.5,6,4.325068
0.5,4,4.325499
0.5,8,4.326333
0.5,4,4.326764
0.5,6,4.327569
0.5,4,4.328004
0.5,6,4.328635
0.5,4,4.329067
0.5,4,4.329499
0.5,4,4.329929
0.5,6,4.33056
0.5,4,4.331033
0.5,4,4.331466
0.5,6,4.332092
0.5,6,4.332724
0.5,4,4.333158
0.5,6,4.333793
0.5,4,4.334226
0.5,4,4.334658
0.5,6,4.335328
0.5,6,4.335958
0.5,6,4.336591
0.5,4,4.337021
0.5,4,4.337452
0.5,6,4.338084
0.5,4,4.338514
0.5,8,4.339346
0.5,4,4.339813
0.5,4,4.340241
0.5,4,4.340668
0.5,4,4.3411
0.5,4,4.341529
0.5,4,4.341959
0.5,4,4.342394
0.5,4,4.342832
0.5,4,4.343264
0.5,4,4.343695
0.5,4,4.344124
0.5,4,4.344553
0.5,4,4.344986
0.5,4,4.345418
0.5,4,4.345846
0.5,4,4.346275
0.5,4,4.346704
0.5,6,4.347337
0.5,4,4.347769
0.5,6,4.3484
0.5,4,4.348832
0.5,4,4.349262
0.5,4,4.349694
0.5,4,4.350126
0.5,4,4.350558
0.5,4,4.350991
0.5,4,4.351425
0.5,4,4.351855
0.5,4,4.352284
0.5,4,4.352714
0.5,4,4.353137
0.5,6,4.353771
0.5,4,4.354204
0.5,4,4.354636
0.5,4,4.355066
0.5,4,4.355499
0.5,4,4.355928
0.5,4,4.356357
0.5,4,4.356786
0.5,4,4.357216
0.5,4,4.357648
0.5,4,4.358077
0.5,4,4.358505
0.5,4,4.35894
0.5,4,4.35937
0.5,4,4.359803
0.5,4,4.360274
0.5,4,4.360706
0.5,4,4.361132
0.5,6,4.36176
0.5,4,4.362195
0.5,4,4.362624
0.5,4,4.363061
0.5,4,4.363492
0.5,4,4.363923
0.5,6,4.364555
0.5,4,4.364981
0.5,6,4.365613
0.5,4,4.366042
0.5,4,4.366472
0.5,4,4.36691
0.5,4,4.367344
0.5,4,4.367774
0.5,4,4.368205
0.5,4,4.368633
0.5,4,4.369064
0.5,4,4.369494
0.5,8,4.370324
0.5,4,4.370754
0.5,4,4.371187
0.5,4,4.371622
0.5,6,4.372259
0.5,4,4.372686
0.5,10,4.373722
0.5,4,4.374157
0.5,4,4.374589
0.5,6,4.375226
0.5,4,4.375659
0.5,6,4.376292
0.5,4,4.376725
0.5,4,4.377158
0.5,4,4.37759
0.5,4,4.378018
0.5,4,4.378446
0.5,4,4.378876
0.5,4,4.379312
0.5,4,4.379744
0.5,6,4.380537
0.5,8,4.381426
0.5,4,4.381862
0.5,8,4.382696
0.5,4,4.383172
0.5,4,4.383608
0.5,6,4.384238
0.5,4,4.384672
0.5,4,4.385103
0.5,4,4.385536
0.5,4,4.385964
0.5,4,4.386396
0.5,4,4.386825
0.5,4,4.387255
0.5,4,4.387685
0.5,4,4.388114
0.5,6,4.388743
0.5,4,4.389175
0.5,4,4.389605
0.5,4,4.390033
0.5,4,4.390465
0.5,4,4.390938
0.5,6,4.391602
0.5,4,4.392035
0.5,4,4.392462
0.5,4,4.392892
0.5,4,4.393323
0.5,4,4.393753
0.5,6,4.394378
0.5,4,4.394811
0.5,6,4.395437
0.5,4,4.395868
0.5,4,4.396299
0.5,4,4.396728
0.5,4,4.397157
0.5,8,4.398028
0.5,6,4.398662
0.5,4,4.399097
0.5,6,4.399728
0.5,4,4.40016
0.5,4,4.400611
0.5,4,4.401129
0.5,4,4.40156
0.5,6,4.402261
0.5,4,4.402691
0.5,4,4.403163
0.5,4,4.403592
0.5,4,4.404021
0.5,4,4.40445
0.5,8,4.405279
0.5,6,4.405907
0.5,4,4.406373
0.5,4,4.406829
0.5,4,4.407357
0.5,4,4.40779
0.5,4,4.408219
0.5,6,4.408848
0.5,4,4.409277
0.5,4,4.409702
0.5,4,4.410133
0.5,6,4.410756
0.5,4,4.411191
0.5,4,4.411624
0.5,4,4.412055
0.5,4,4.412489
0.5,4,4.412921
0.5,4,4.413354
0.5,4,4.413788
0.5,4,4.414219
0.5,4,4.414653
0.5,10,4.415679
0.5,6,4.416312
0.5,6,4.41694
0.5,4,4.417375
0.5,4,4.417805
0.5,4,4.418239
0.5,4,4.41867
0.5,4,4.419106
0.5,4,4.419536
0.5,6,4.420168
0.5,6,4.420799
0.5,6,4.421467
0.5,6,4.422125
0.5,4,4.422567
0.5,4,4.423033
0.5,4,4.423465
0.5,6,4.424095
0.5,6,4.42473
0.5,4,4.425164
0.5,4,4.425654
0.5,6,4.426338
0.5,4,4.426771
0.5,4,4.427312
0.5,4,4.427746
0.5,4,4.42818
0.5,4,4.428612
0.5,4,4.429042
0.5,4,4.429471
0.5,6,4.430098
0.5,4,4.430533
0.5,4,4.431007
0.5,4,4.43144
0.5,4,4.431869
0.5,4,4.4323
0.5,4,4.432732
0.5,4,4.433195
0.5,4,4.433626
0.5,4,4.434058
0.5,4,4.434486
0.5,4,4.434957
0.5,4,4.43539
0.5,4,4.43586
0.5,4,4.436293
0.5,4,4.436723
0.5,4,4.437176
0.5,4,4.437814
0.5,4,4.438305
0.5,4,4.438736
0.5,4,4.43921
0.5,6,4.439846
0.5,6,4.440475
0.5,4,4.440907
0.5,4,4.441334
0.5,8,4.442195
0.5,4,4.442627
0.5,4,4.443098
0.5,4,4.443532
0.5,4,4.443962
0.5,4,4.444393
0.5,8,4.445224
0.5,4,4.445655
0.5,6,4.446286
0.5,4,4.446718
0.5,4,4.447152
0.5,6,4.447785
0.5,4,4.448215
0.5,8,4.449049
0.5,4,4.449483
0.5,4,4.449915
0.5,4,4.450343
0.5,8,4.451175
0.5,4,4.451608
0.5,4,4.452073
0.5,4,4.452504
0.5,4,4.452934
0.5,6,4.4536
0.5,4,4.454276
0.5,4,4.454707
0.5,4,4.45518
0.5,4,4.455611
0.5,4,4.456038
0.5,4,4.456468
0.5,4,4.456898
0.5,8,4.45773
0.5,4,4.458163
0.5,4,4.458594
0.5,4,4.459028
0.5,4,4.459458
0.5,4,4.459891
0.5,8,4.460721
0.5,4,4.461152
0.5,4,4.461582
0.5,4,4.462014
0.5,4,4.462443
0.5,4,4.462876
0.5,6,4.463508
0.5,6,4.464141
0.5,4,4.464571
0.5,6,4.465204
0.5,4,4.465635
0.5,4,4.466066
0.5,4,4.466502
0.5,8,4.467339
0.5,4,4.467773
0.5,4,4.468205
0.5,4,4.468635
0.5,4,4.469067
0.5,6,4.469696
0.5,4,4.470129
0.5,4,4.470558
0.5,4,4.470994
0.5,4,4.47143
0.5,4,4.471861
0.5,6,4.472486
0.5,4,4.47292
0.5,4,4.473392
0.5,4,4.473826
0.5,6,4.474456
0.5,13,4.475786
0.5,4,4.476217
0.5,6,4.476846
0.5,6,4.477475
0.5,4,4.477911
0.5,4,4.478341
0.5,4,4.478773
0.5,6,4.47941
0.5,4,4.47984
0.5,4,4.480271
0.5,6,4.480899
0.5,4,4.48133
0.5,4,4.48176
0.5,6,4.482393
0.5,6,4.48303
0.5,4,4.483465
0.5,4,4.483895
0.5,4,4.484328
0.5,4,4.484758
0.5,8,4.485583
0.5,6,4.486217
0.5,4,4.486648
0.5,4,4.487082
0.5,4,4.487516
0.5,4,4.487945
0.5,6,4.488576
0.5,8,4.489594
0.5,4,4.49003
0.5,6,4.4907
0.5,4,4.491137
0.5,4,4.491571
0.5,4,4.492003
0.5,4,4.492434
0.5,4,4.492865
0.5,4,4.493297
0.5,8,4.494119
0.5,4,4.494548
0.5,6,4.495221
0.5,9,4.496152
0.5,4,4.496583
0.5,4,4.497016
0.5,4,4.497447
0.5,4,4.497881
0.5,4,4.498313
0.5,4,4.498743
0.5,4,4.499179
0.5,4,4.499645
0.5,4,4.500077
0.5,4,4.500505
0.5,4,4.500936
0.5,8,4.501764
0.5,4,4.502194
0.5,4,4.502627
0.5,6,4.503265
0.5,4,4.503698
0.5,4,4.504129
0.5,4,4.504556
0.5,4,4.504987
0.5,4,4.505419
0.5,4,4.505848
0.5,6,4.506479
0.5,4,4.506916
0.5,4,4.507349
0.5,6,4.507972
0.5,4,4.508401
0.5,4,4.508833
0.5,4,4.509261
0.5,4,4.509709
0.5,4,4.510151
0.5,6,4.510793
0.5,9,4.511811
0.5,4,4.512248
0.5,4,4.512678
0.5,4,4.51311
0.5,4,4.51365
0.5,6,4.514322
0.5,6,4.515028
0.5,4,4.51546
0.5,4,4.515891
0.5,4,4.516322
0.5,4,4.516752
0.5,4,4.517183
0.5,4,4.517612
0.5,4,4.518042
0.5,4,4.518473
0.5,4,4.518942
0.5,4,4.519374
0.5,4,4.519808
0.5,6,4.520438
0.5,6,4.521095
0.5,8,4.521961
0.5,4,4.522395
0.5,6,4.523025
0.5,4,4.52346
0.5,4,4.523893
0.5,4,4.524323
0.5,4,4.52475
0.5,4,4.525182
0.5,4,4.525619
0.5,8,4.526451
0.5,4,4.526888
0.5,4,4.527321
0.5,4,4.527752
0.5,4,4.528184
0.5,4,4.528615
0.5,6,4.529249
0.5,6,4.529882
0.5,4,4.530312
0.5,8,4.531151
0.5,4,4.531586
0.5,4,4.532015
0.5,4,4.532447
0.5,6,4.533074
0.5,8,4.533897
0.5,4,4.534386
0.5,4,4.534908
0.5,4,4.53534
0.5,4,4.53584
0.5,4,4.536272
0.5,6,4.5369
0.5,4,4.537333
0.5,4,4.537761
0.5,4,4.538189
0.5,4,4.538621
0.5,9,4.539555
0.5,4,4.539984
0.5,4,4.540417
0.5,4,4.540847
0.5,6,4.541479
0.5,4,4.541913
0.5,4,4.542345
0.5,4,4.542778
0.5,4,4.543216
0.5,4,4.543651
0.5,4,4.544083
0.5,4,4.544516
0.5,4,4.544947
0.5,6,4.545577
0.5,6,4.546279
0.5,8,4.547118
0.5,4,4.547554
0.5,4,4.547986
0.5,10,4.549056
0.5,4,4.549488
0.5,4,4.54992
0.5,6,4.550547
0.5,6,4.551186
0.5,4,4.551621
0.5,4,4.552053
0.5,4,4.552479
0.5,8,4.553307
0.5,8,4.554143
0.5,4,4.554577
0.5,4,4.555009
0.5,4,4.555442
0.5,4,4.555873
0.5,4,4.556304
0.5,6,4.55693
0.5,4,4.557394
0.5,6,4.558021
0.5,4,4.558455
0.5,6,4.559093
0.5,4,4.559525
0.5,4,4.559957
0.5,6,4.560588
0.5,4,4.561018
0.5,9,4.561943
0.5,4,4.562377
0.5,4,4.562811
0.5,6,4.563442
0.5,4,4.563874
0.5,4,4.564304
0.5,4,4.564733
0.5,6,4.565366
0.5,4,4.565792
0.5,4,4.566222
0.5,4,4.566651
0.5,6,4.567281
0.5,4,4.567713
0.5,6,4.568339
0.5,4,4.568816
0.5,4,4.569242
0.5,4,4.569672
0.5,4,4.570104
0.5,4,4.570536
0.5,4,4.570966
0.5,4,4.571395
0.5,6,4.572022
0.5,4,4.572454
0.5,6,4.573085
0.5,4,4.573515
0.5,6,4.574143
0.5,4,4.574574
0.5,4,4.575007
0.5,4,4.575439
0.5,4,4.575868
0.5,4,4.576295
0.5,4,4.576726
0.5,6,4.577354
0.5,4,4.577785
0.5,4,4.578217
0.5,4,4.578648
0.5,4,4.579083
0.5,4,4.579512
0.5,4,4.579943
0.5,4,4.580375
0.5,4,4.580806
0.5,10,4.581836
0.5,4,4.582268
0.5,4,4.582698
0.5,6,4.583334
0.5,4,4.583766
0.5,4,4.584195
0.5,6,4.584827
0.5,6,4.585458
0.5,4,4.585888
0.5,4,4.586317
0.5,4,4.586791
0.5,6,4.587425
0.5,4,4.587854
0.5,4,4.588285
0.5,6,4.588912
0.5,4,4.589345
0.5,4,4.589777
0.5,6,4.590404
0.5,6,4.591042
0.5,4,4.591476
0.5,4,4.591907
0.5,4,4.592337
0.5,4,4.592768
0.5,4,4.593197
0.5,4,4.593628
0.5,4,4.594059
0.5,4,4.594491
0.5,4,4.594923
0.5,4,4.59536
0.5,6,4.595992
0.5,4,4.596426
0.5,4,4.596854
0.5,6,4.597741
0.5,4,4.598175
0.5,4,4.598608
0.5,4,4.599047
0.5,4,4.599484
0.5,4,4.599915
0.5,4,4.600346
0.5,4,4.600776
0.5,4,4.601207
0.5,6,4.601833
0.5,6,4.602465
0.5,8,4.603292
0.5,4,4.603725
0.5,4,4.604156
0.5,4,4.604588
0.5,6,4.60522
0.5,4,4.605652
0.5,4,4.606084
0.5,4,4.606514
0.5,4,4.606948
0.5,4,4.607383
0.5,8,4.608242
0.5,4,4.608674
0.5,6,4.609304
0.5,4,4.609736
0.5,4,4.610168
0.5,4,4.610598
0.5,4,4.611031
0.5,4,4.611465
0.5,4,4.611897
0.5,4,4.612327
0.5,6,4.612961
0.5,4,4.613393
0.5,6,4.614027
0.5,4,4.614461
0.5,4,4.614897
0.5,4,4.615329
0.5,4,4.61576
0.5,6,4.616392
0.5,4,4.616822
0.5,4,4.61725
0.5,4,4.617682
0.5,4,4.618113
0.5,4,4.618545
0.5,6,4.619179
0.5,4,4.619612
0.5,4,4.620043
0.5,4,4.620474
0.5,4,4.620907
0.5,6,4.621537
0.5,4,4.621965
0.5,4,4.622456
0.5,4,4.622979
0.5,4,4.623438
0.5,4,4.623915
0.5,4,4.624347
0.5,4,4.624905
0.5,4,4.625337
0.5,4,4.625771
0.5,6,4.626439
0.5,4,4.626909
0.5,4,4.627344
0.5,4,4.627776
0.5,4,4.628206
0.5,6,4.628834
0.5,6,4.629465
0.5,4,4.629897
0.5,4,4.630368
0.5,4,4.6308
0.5,4,4.63127
0.5,4,4.631721
0.5,6,4.632474
0.5,4,4.632907
0.5,6,4.633603
0.5,4,4.634032
0.5,4,4.634462
0.5,6,4.635102
0.5,4,4.635532
0.5,6,4.636164
0.5,4,4.6366
0.5,4,4.63703
0.5,4,4.637462
0.5,4,4.637895
0.5,4,4.638329
0.5,4,4.63876
0.5,4,4.639195
0.5,4,4.639631
0.5,6,4.640257
0.5,4,4.64069
0.5,6,4.641324
0.5,4,4.641751
0.5,6,4.642383
0.5,6,4.643019
0.5,4,4.643449
0.5,4,4.643879
0.5,4,4.644344
0.5,6,4.644978
0.5,6,4.645602
0.5,6,4.646236
0.5,10,4.647273
0.5,4,4.647706
0.5,4,4.648137
0.5,4,4.648567
0.5,4,4.648996
0.5,6,4.64963
0.5,4,4.650064
0.5,4,4.650496
0.5,4,4.65093
0.5,4,4.651362
0.5,6,4.651996
0.5,8,4.652856
0.5,4,4.653284
0.5,4,4.653715
0.5,4,4.654146
0.5,4,4.654579
0.5,6,4.655216
0.5,4,4.655651
0.5,4,4.656085
0.5,6,4.656718
0.5,4,4.657151
0.5,4,4.65758
0.5,4,4.658008
0.5,4,4.65844
0.5,4,4.658875
0.5,4,4.659308
0.5,6,4.659941
0.5,6,4.660575
0.5,6,4.661209
0.5,6,4.661842
0.5,4,4.662316
0.5,4,4.662748
0.5,6,4.663378
0.5,4,4.663812
0.5,4,4.664243
0.5,6,4.664905
0.5,4,4.665336
0.5,4,4.665764
0.5,4,4.666195
0.5,4,4.666627
0.5,4,4.667063
0.5,4,4.667498
0.5,4,4.667931
0.5,6,4.668562
0.5,6,4.669194
0.5,4,4.669626
0.5,4,4.670057
0.5,4,4.670486
0.5,4,4.67092
0.5,4,4.671354
0.5,4,4.671785
0.5,4,4.672215
0.5,4,4.672643
0.5,4,4.673074
0.5,6,4.673711
0.5,4,4.67414
0.5,4,4.674572
0.5,4,4.675008
0.5,4,4.675442
0.5,4,4.675871
0.5,4,4.676301
0.5,8,4.677134
0.5,4,4.677565
0.5,4,4.677997
0.5,4,4.678429
0.5,7,4.6792
0.5,6,4.679835
0.5,4,4.68027
0.5,4,4.680735
0.5,6,4.681365
0.5,6,4.68199
0.5,6,4.68262
0.5,4,4.683054
0.5,4,4.683485
0.5,4,4.683918
0.5,6,4.684546
0.5,4,4.684978
0.5,4,4.685408
0.5,4,4.685839
0.5,4,4.686294
0.5,6,4.687014
0.5,6,4.687709
0.5,4,4.688142
0.5,8,4.688974
0.5,4,4.689409
0.5,4,4.68984
0.5,4,4.69027
0.5,4,4.690701
0.5,4,4.691136
0.5,4,4.691571
0.5,4,4.692
0.5,4,4.692463
0.5,6,4.693098
0.5,4,4.693531
0.5,4,4.693964
0.5,6,4.694596
0.5,4,4.695067
0.5,4,4.695499
0.5,6,4.696126
0.5,4,4.696559
0.5,4,4.696991
0.5,4,4.697422
0.5,4,4.697853
0.5,4,4.698285
0.5,6,4.698919
0.5,6,4.699551
0.5,6,4.700225
0.5,4,4.700657
0.5,4,4.701088
0.5,4,4.701519
0.5,4,4.701953
0.5,8,4.702786
0.5,4,4.703223
0.5,4,4.703652
0.5,6,4.704285
0.5,4,4.704716
0.5,4,4.705147
0.5,4,4.705793
0.5,6,4.706432
0.5,4,4.706905
0.5,4,4.707338
0.5,4,4.707771
0.5,4,4.708204
0.5,6,4.708837
0.5,4,4.709268
0.5,6,4.709899
0.5,8,4.710731
0.5,4,4.711167
0.5,4,4.711601
0.5,6,4.712225
0.5,4,4.712655
0.5,4,4.713087
0.5,4,4.713516
0.5,6,4.714179
0.5,4,4.714613
0.5,4,4.715087
0.5,7,4.715815
0.5,4,4.716282
0.5,6,4.716913
0.5,4,4.717342
0.5,4,4.71777
0.5,4,4.718201
0.5,4,4.718631
0.5,4,4.71907
0.5,4,4.719582
0.5,6,4.720209
0.5,6,4.720842
0.5,6,4.721473
0.5,4,4.721906
0.5,4,4.722338
0.5,6,4.722971
0.5,4,4.723406
0.5,4,4.723876
0.5,6,4.724611
0.5,4,4.725036
0.5,6,4.725664
0.5,6,4.726363
0.5,6,4.727037
0.5,7,4.727768
0.5,4,4.728204
0.5,4,4.728633
0.5,4,4.729062
0.5,4,4.729492
0.5,4,4.729925
0.5,4,4.730356
0.5,4,4.730784
0.5,4,4.731257
0.5,4,4.731724
0.5,4,4.732154
0.5,4,4.732582
0.5,4,4.733013
0.5,4,4.733445
0.5,4,4.733874
0.5,6,4.7345
0.5,4,4.734968
0.5,4,4.7354
0.5,4,4.735829
0.5,4,4.73626
0.5,4,4.736689
0.5,6,4.737318
0.5,6,4.737993
0.5,4,4.738501
0.5,4,4.73897
0.5,6,4.739601
0.5,4,4.740031
0.5,4,4.740464
0.5,4,4.740895
0.5,4,4.741326
0.5,4,4.741758
0.5,4,4.742191
0.5,4,4.742622
0.5,6,4.743294
0.5,4,4.743819
0.5,4,4.744336
0.5,4,4.744768
0.5,4,4.745196
0.5,4,4.745625
0.5,4,4.746075
0.5,8,4.746961
0.5,4,4.747394
0.5,4,4.747826
0.5,4,4.748254
0.5,4,4.748689
0.5,4,4.749117
0.5,4,4.749547
0.5,4,4.749974
0.5,8,4.750802
0.5,4,4.75124
0.5,4,4.751671
0.5,4,4.752102
0.5,6,4.752729
0.5,4,4.753271
0.5,4,4.7537
0.5,4,4.754131
0.5,4,4.754589
0.5,6,4.755221
0.5,6,4.755853
0.5,4,4.756328
0.5,4,4.756761
0.5,4,4.757191
0.5,4,4.757622
0.5,10,4.758653
0.5,7,4.759386
0.5,6,4.760018
0.5,4,4.760449
0.5,6,4.761072
0.5,6,4.761703
0.5,4,4.762136
0.5,6,4.762809
0.5,4,4.763245
0.5,8,4.764074
0.5,4,4.764507
0.5,4,4.76494
0.5,4,4.76537
0.5,4,4.765802
0.5,4,4.766233
0.5,4,4.766664
0.5,4,4.767099
0.5,4,4.76753
0.5,4,4.767957
0.5,4,4.768386
0.5,4,4.768815
0.5,4,4.769246
0.5,4,4.769672
0.5,4,4.770099
0.5,4,4.770529
0.5,4,4.770962
0.5,6,4.77159
0.5,4,4.77202
0.5,4,4.772448
0.5,4,4.772878
0.5,4,4.773307
0.5,4,4.773738
0.5,4,4.774168
0.5,4,4.774598
0.5,4,4.775031
0.5,6,4.775701
0.5,4,4.776133
0.5,4,4.776564
0.5,4,4.776995
0.5,4,4.777422
0.5,4,4.777853
0.5,4,4.77828
0.5,4,4.778711
0.5,4,4.77915
0.5,4,4.779583
0.5,6,4.780205
0.5,6,4.780837
0.5,4,4.781266
0.5,4,4.781696
0.5,4,4.782127
0.5,6,4.78275
0.5,4,4.783187
0.5,4,4.783616
0.5,4,4.784041
0.5,4,4.784468
0.5,6,4.785098
0.5,4,4.78553
0.5,6,4.78616
0.5,4,4.786593
0.5,8,4.787496
0.5,6,4.788128
0.5,4,4.78856
0.5,6,4.789191
0.5,4,4.789622
0.5,4,4.790053
0.5,6,4.790684
0.5,4,4.791119
0.5,4,4.791552
0.5,4,4.791981
0.5,4,4.792411
0.5,4,4.79284
0.5,4,4.79327
0.5,6,4.793904
0.5,4,4.794332
0.5,6,4.794968
0.5,4,4.795401
0.5,4,4.795834
0.5,4,4.796263
0.5,4,4.796692
0.5,4,4.797122
0.5,4,4.797548
0.5,4,4.797976
0.5,4,4.798404
0.5,4,4.798836
0.5,4,4.799263
0.5,4,4.799696
0.5,4,4.800126
0.5,4,4.800554
0.5,4,4.800983
0.5,4,4.801412
0.5,4,4.801838
0.5,4,4.802264
0.5,6,4.802893
0.5,6,4.803526
0.5,4,4.803957
0.5,4,4.804388
0.5,4,4.804818
0.5,4,4.805248
0.5,4,4.805681
0.5,6,4.806312
0.5,4,4.806735
0.5,4,4.80717
0.5,4,4.807602
0.5,4,4.808029
0.5,6,4.808659
0.5,4,4.809089
0.5,4,4.80952
0.5,4,4.809948
0.5,4,4.810377
0.5,4,4.810813
0.5,6,4.811439
0.5,6,4.812067
0.5,4,4.812497
0.0,2,4.812722
0.5,4,4.81315
0.5,4,4.813622
0.5,4,4.814238
0.5,4,4.814669
0.5,4,4.815106
0.5,9,4.816035
0.5,4,4.816466
0.5,4,4.816896
0.5,4,4.817327
0.5,4,4.817755
0.5,6,4.818385
0.5,4,4.818819
0.5,4,4.81925
0.5,4,4.819684
0.5,6,4.820313
0.5,4,4.820742
0.5,4,4.82117
0.5,4,4.8216
0.5,4,4.822028
0.5,4,4.822456
0.5,4,4.822889
0.5,4,4.823322
0.5,4,4.823753
0.5,4,4.82418
0.5,8,4.825036
0.5,4,4.825466
0.5,6,4.826095
0.5,8,4.826926
0.5,4,4.82736
0.5,6,4.827984
0.5,4,4.828417
0.5,4,4.828846
0.5,4,4.829274
0.5,4,4.829703
0.5,4,4.830131
0.5,4,4.830559
0.5,10,4.831749
0.5,4,4.832197
0.5,4,4.832627
0.5,4,4.833059
0.5,4,4.833521
0.5,4,4.833951
0.5,4,4.83438
0.5,4,4.834809
0.5,4,4.835243
0.5,8,4.836068
0.5,4,4.836498
0.5,6,4.837131
0.5,6,4.83776
0.5,4,4.83819
0.5,6,4.838825
0.5,6,4.839455
0.5,4,4.839887
0.5,4,4.840352
0.5,4,4.84078
0.5,4,4.84121
0.5,4,4.841633
0.5,4,4.842062
0.5,4,4.842491
0.5,4,4.842925
0.5,4,4.84336
0.5,4,4.843791
0.5,4,4.84422
0.5,6,4.844849
0.5,6,4.845483
0.5,4,4.845917
0.5,4,4.846347
0.5,6,4.846982
0.5,6,4.847617
0.5,6,4.848248
0.5,4,4.848681
0.5,6,4.849314
0.5,6,4.849945
0.5,4,4.850375
0.5,6,4.851012
0.5,4,4.851638
0.5,4,4.852136
0.5,4,4.85258
0.5,4,4.85301
0.5,6,4.853643
0.5,6,4.854309
0.5,4,4.85474
0.5,4,4.855173
0.5,4,4.855606
0.5,6,4.85624
0.5,4,4.85667
0.5,4,4.857098
0.5,4,4.857528
0.5,6,4.858157
0.5,8,4.858991
0.5,4,4.859423
0.5,4,4.859854
0.5,4,4.860284
0.5,4,4.860714
0.5,4,4.861147
0.5,4,4.861573
0.5,4,4.862002
0.5,4,4.862434
0.5,4,4.862869
0.5,4,4.863303
0.5,4,4.863731
0.5,4,4.864161
0.5,4,4.864593
0.5,4,4.865024
0.5,4,4.865454
0.5,4,4.865883
0.5,4,4.866314
0.5,4,4.86674
0.5,4,4.867209
0.5,4,4.867641
0.5,4,4.868071
0.5,4,4.868497
0.5,4,4.868925
0.5,4,4.869355
0.5,4,4.869786
0.5,4,4.870216
0.5,4,4.870644
0.5,4,4.871079
0.5,4,4.871511
0.5,4,4.871941
0.5,4,4.872371
0.5,4,4.8728
0.5,4,4.87323
0.5,4,4.873661
0.5,4,4.87409
0.5,4,4.874518
0.5,6,4.875146
0.5,6,4.875778
0.5,4,4.876209
0.5,4,4.87664
0.5,4,4.877069
0.5,4,4.877495
0.5,4,4.877923
0.5,4,4.878356
0.5,8,4.87919
0.5,4,4.879622
0.5,4,4.880053
0.5,4,4.880485
0.5,6,4.881114
0.5,4,4.881544
0.5,4,4.881972
0.5,4,4.882401
0.5,4,4.882835
0.5,4,4.883268
0.5,4,4.883698
0.5,4,4.884129
0.5,6,4.884758
0.5,4,4.885187
0.5,8,4.886013
0.5,4,4.886447
0.5,4,4.886881
0.5,4,4.887311
0.5,6,4.887934
0.5,6,4.888563
0.5,6,4.88924
0.5,4,4.889671
0.5,6,4.890301
0.5,4,4.890734
0.5,4,4.891167
0.5,4,4.891599
0.5,4,4.892029
0.5,4,4.89246
0.5,6,4.893084
0.5,4,4.893514
0.5,4,4.893941
0.5,4,4.894371
0.5,6,4.895005
0.5,6,4.895639
0.5,4,4.896069
0.5,4,4.8965
0.5,6,4.89713
0.5,7,4.897858
0.5,4,4.898289
0.5,4,4.898718
0.5,6,4.899353
0.5,4,4.899788
0.5,4,4.900218
0.5,4,4.900649
0.5,7,4.901377
0.5,4,4.90181
0.5,4,4.902242
0.5,6,4.902874
0.5,4,4.903307
0.5,4,4.903737
0.5,7,4.904466
0.5,8,4.905292
0.5,4,4.905719
0.5,8,4.906551
0.5,4,4.906988
0.5,4,4.907423
0.5,6,4.908051
0.5,4,4.90848
0.5,4,4.908909
0.5,4,4.909338
0.5,8,4.91017
0.5,4,4.910598
0.5,4,4.911033
0.5,4,4.911463
0.5,4,4.911893
0.5,4,4.912324
0.5,4,4.912755
0.5,4,4.913184
0.5,4,4.913614
0.5,4,4.914044
0.5,4,4.914473
0.5,4,4.914907
0.5,4,4.915337
0.5,8,4.916162
0.5,4,4.916594
0.5,4,4.917024
0.5,6,4.917652
0.5,8,4.918486
0.5,4,4.918921
0.5,4,4.919353
0.5,8,4.920179
0.5,4,4.920609
0.5,4,4.921036
0.5,6,4.92185
0.5,6,4.922481
0.5,6,4.923154
0.5,4,4.92359
0.5,4,4.924021
0.5,6,4.924653
0.5,6,4.92528
0.5,6,4.925908
0.5,6,4.926539
0.5,6,4.927212
0.5,6,4.927843
0.5,4,4.928274
0.5,4,4.928705
0.5,6,4.929332
0.5,8,4.930163
0.5,4,4.930596
0.5,4,4.931032
0.5,4,4.931467
0.5,4,4.931934
0.5,4,4.932368
0.5,4,4.932799
0.5,4,4.93323
0.5,4,4.933662
0.5,4,4.934092
0.5,4,4.934524
0.5,4,4.934994
0.5,4,4.935428
0.5,4,4.935861
0.5,4,4.93629
0.5,4,4.936719
0.5,6,4.937342
0.5,4,4.937928
0.5,4,4.938399
0.5,10,4.939582
0.5,4,4.940017
0.5,6,4.940647
0.5,4,4.941113
0.5,7,4.941846
0.5,4,4.942276
0.5,4,4.942708
0.5,4,4.943144
0.5,8,4.94397
0.5,4,4.944403
0.5,6,4.945031
0.5,4,4.945458
0.5,6,4.946089
0.5,4,4.94652
0.5,4,4.946955
0.5,4,4.94742
0.5,4,4.947887
0.5,4,4.948317
0.5,8,4.949147
0.5,4,4.949577
0.5,6,4.950207
0.5,4,4.950636
0.5,6,4.951273
0.5,4,4.951708
0.5,4,4.95214
0.5,4,4.952572
0.5,4,4.953002
0.5,4,4.953465
0.5,6,4.9544
0.5,4,4.95487
0.5,4,4.955302
0.5,6,4.955929
0.5,4,4.956361
0.5,4,4.956791
0.5,7,4.957515
0.5,4,4.957982
0.5,4,4.958444
0.5,4,4.958964
0.5,4,4.959483
0.5,4,4.959926
0.5,4,4.960356
0.5,6,4.960984
0.5,4,4.96152
0.5,4,4.961951
0.5,8,4.96278
0.5,4,4.963269
0.5,4,4.963703
0.5,6,4.964337
0.5,6,4.965012
0.5,4,4.965448
0.5,4,4.96588
0.5,4,4.966314
0.5,4,4.966745
0.5,4,4.967228
0.5,4,4.967662
0.5,4,4.968092
0.5,6,4.968724
0.5,4,4.969156
0.5,4,4.969584
0.5,4,4.970012
0.5,4,4.97044
0.5,4,4.970914
0.5,4,4.971353
0.5,4,4.971786
0.5,4,4.972214
0.5,4,4.972646
0.5,4,4.973077
0.5,4,4.973507
0.5,4,4.973941
0.5,4,4.974371
0.5,4,4.974804
0.5,4,4.975276
0.5,4,4.975704
0.5,4,4.976135
0.5,4,4.976566
0.5,4,4.976996
0.5,4,4.977426
0.5,4,4.977851
0.5,4,4.978282
0.5,6,4.978914
0.5,6,4.979547
0.5,6,4.98018
0.5,4,4.980645
0.5,4,4.981075
0.5,4,4.981506
0.5,4,4.981932
0.5,6,4.982563
0.5,4,4.982997
0.5,6,4.983631
0.5,4,4.984067
0.5,4,4.984499
0.5,4,4.984932
0.5,4,4.985364
0.5,4,4.985793
0.5,4,4.986224
0.5,4,4.986654
0.5,4,4.98709
0.5,4,4.987522
0.5,4,4.987951
0.5,4,4.988383
0.5,4,4.988812
0.5,4,4.989242
0.5,4,4.989669
0.5,6,4.990301
0.5,4,4.990728
0.5,8,4.991562
0.5,4,4.99199
0.5,4,4.99242
0.5,6,4.993049
0.5,4,4.993482
0.5,4,4.993914
0.5,4,4.994345
0.5,4,4.994775
0.5,10,4.995811
0.5,4,4.996245
0.5,4,4.996677
0.5,4,4.997107
0.5,8,4.997941
0.5,4,4.998371
0.5,4,4.998802
0.5,4,4.999239
0.5,4,4.99967
0.5,4,5.000101
0.5,4,5.000528
0.5,8,5.001356
0.5,4,5.001787
0.5,4,5.002218
0.5,4,5.00269
0.5,4,5.003125
0.5,4,5.003557
0.5,6,5.004186
0.5,6,5.004816
0.5,4,5.00525
0.5,4,5.005683
0.5,4,5.006114
0.5,12,5.007349
0.5,4,5.007785
0.5,4,5.008216
0.5,4,5.008646
0.5,6,5.009275
0.5,4,5.009705
0.5,4,5.010137
0.5,4,5.010566
0.5,4,5.010996
0.5,4,5.011427
0.5,4,5.011861
0.5,4,5.012292
0.5,4,5.012722
0.5,4,5.013152
0.5,4,5.013582
0.5,6,5.014215
0.5,4,5.01465
0.5,4,5.015087
0.5,6,5.015724
0.5,6,5.016358
0.5,6,5.016993
0.5,4,5.017422
0.5,6,5.018055
0.5,4,5.018484
0.5,4,5.018919
0.5,4,5.019355
0.5,4,5.019783
0.5,6,5.020418
0.5,4,5.020849
0.5,6,5.021477
0.5,4,5.021909
0.5,4,5.022339
0.5,6,5.022971
0.5,4,5.023406
0.5,4,5.023837
0.5,4,5.024267
0.5,8,5.025099
0.5,4,5.025531
0.5,6,5.026161
0.5,4,5.026596
0.5,4,5.027031
0.5,4,5.027464
0.5,4,5.027895
0.5,6,5.02853
0.5,4,5.028961
0.5,4,5.029392
0.5,4,5.030042
0.5,4,5.030478
0.5,6,5.031155
0.5,10,5.032228
0.5,6,5.032859
0.5,4,5.033292
0.5,4,5.033724
0.5,6,5.034355
0.5,4,5.034788
0.5,4,5.035223
0.5,4,5.035655
0.5,6,5.036285
0.5,4,5.036717
0.5,4,5.037151
0.5,4,5.037585
0.5,4,5.038018
0.5,4,5.038446
0.5,4,5.038881
0.5,6,5.039514
0.5,4,5.039947
0.5,4,5.040496
0.5,4,5.040928
0.5,4,5.041361
0.5,4,5.041795
0.5,4,5.042227
0.5,6,5.042866
0.5,4,5.043298
0.5,4,5.043731
0.5,4,5.044161
0.5,6,5.044792
0.5,6,5.045426
0.5,7,5.046209
0.5,4,5.046728
0.5,4,5.047164
0.5,4,5.047596
0.5,4,5.048027
0.5,4,5.048492
0.5,4,5.04892
0.5,4,5.049351
0.5,4,5.049786
0.5,8,5.050623
0.5,4,5.051061
0.5,4,5.051494
0.5,4,5.051923
0.5,4,5.052354
0.5,6,5.052985
0.5,4,5.053418
0.5,6,5.054051
0.5,4,5.054483
0.5,4,5.054921
0.5,4,5.055356
0.5,6,5.056019
0.5,4,5.056449
0.5,4,5.056882
0.5,4,5.057315
0.5,4,5.05775
0.5,6,5.058381
0.5,4,5.058821
0.5,4,5.059257
0.5,6,5.059923
0.5,4,5.060356
0.5,4,5.060788
0.5,6,5.061421
0.5,4,5.061854
0.5,4,5.062285
0.5,6,5.062919
0.5,8,5.063751
0.5,4,5.064183
0.5,6,5.064815
0.5,4,5.065242
0.5,4,5.065673
0.5,4,5.066106
0.5,6,5.066877
0.5,8,5.067776
0.5,4,5.068209
0.5,4,5.06864
0.5,4,5.069108
0.5,4,5.06954
0.5,6,5.070168
0.5,6,5.070799
0.5,6,5.071432
0.5,4,5.071862
0.5,4,5.072292
0.5,4,5.072724
0.5,6,5.073358
0.5,6,5.07399
0.5,4,5.074422
0.5,4,5.074859
0.5,4,5.075294
0.5,6,5.075928
0.5,4,5.076396
0.5,6,5.077031
0.5,4,5.077463
0.5,4,5.077935
0.5,4,5.078368
0.5,4,5.078799
0.5,4,5.07924
0.5,6,5.079871
0.5,6,5.0805
0.5,4,5.080933
0.5,4,5.081363
0.5,4,5.081798
0.5,4,5.082232
0.5,6,5.082873
0.5,6,5.083511
0.5,4,5.083943
0.5,4,5.084376
0.5,6,5.085006
0.5,4,5.085438
0.5,4,5.085871
0.5,4,5.086305
0.5,4,5.086738
0.5,4,5.087174
0.5,6,5.087808
0.5,4,5.08824
0.5,4,5.088669
0.5,6,5.089299
0.5,4,5.089729
0.5,4,5.090158
0.5,4,5.090589
0.5,4,5.091023
0.5,4,5.091456
0.5,4,5.091887
0.5,4,5.092319
0.5,4,5.092753
0.5,4,5.093183
0.5,4,5.093617
0.5,4,5.094047
0.5,4,5.094479
0.5,6,5.095108
0.5,4,5.095542
0.5,4,5.095972
0.5,4,5.096403
0.5,4,5.096833
0.5,4,5.097261
0.5,7,5.097991
0.5,4,5.098425
0.5,4,5.098865
0.5,4,5.0993
0.5,4,5.099738
0.5,10,5.100767
0.5,4,5.101201
0.5,4,5.101636
0.5,10,5.102667
0.5,6,5.103307
0.5,4,5.103741
0.5,10,5.104772
0.5,4,5.105209
0.5,8,5.106044
0.5,4,5.106476
0.5,4,5.106912
0.5,4,5.107345
0.5,4,5.107778
0.5,6,5.108418
0.5,6,5.109054
0.5,4,5.10949
0.5,6,5.110121
0.5,4,5.110554
0.5,6,5.111192
0.5,6,5.111827
0.5,4,5.112258
0.5,4,5.112689
0.5,8,5.113518
0.5,4,5.113953
0.5,4,5.114385
0.5,6,5.115024
0.5,4,5.11546
0.5,4,5.11593
0.5,4,5.116363
0.5,4,5.116796
0.5,4,5.117227
0.5,4,5.117658
0.5,4,5.118088
0.5,4,5.118517
0.5,6,5.119154
0.5,4,5.119589
0.5,4,5.120021
0.5,4,5.120453
0.5,4,5.120885
0.5,4,5.121316
0.5,4,5.121748
0.5,4,5.122176
0.5,4,5.122607
0.5,4,5.123043
0.5,4,5.123477
0.5,6,5.124113
0.5,4,5.124547
0.5,4,5.124981
0.5,6,5.125614
0.5,8,5.126481
0.5,4,5.126915
0.5,7,5.127647
0.5,6,5.12828
0.5,8,5.129107
0.5,4,5.12954
0.5,4,5.129976
0.5,4,5.130407
0.5,4,5.130842
0.5,4,5.131277
0.5,4,5.131711
0.5,4,5.132143
0.5,6,5.132777
0.5,4,5.133208
0.5,6,5.133839
0.5,4,5.134268
0.5,4,5.1347
0.5,4,5.135137
0.5,4,5.135571
0.5,4,5.136002
0.5,6,5.136638
0.5,4,5.137072
0.5,4,5.137505
0.5,4,5.138195
0.5,4,5.138631
0.5,4,5.13907
0.5,4,5.139504
0.5,4,5.139936
0.5,4,5.140369
0.5,4,5.140801
0.5,4,5.141232
0.5,6,5.141863
0.5,6,5.142495
0.5,4,5.142933
0.5,6,5.143566
0.5,4,5.144001
0.5,4,5.144433
0.5,4,5.144865
0.5,4,5.145297
0.5,4,5.145727
0.5,4,5.146158
0.5,4,5.146588
0.5,4,5.147024
0.5,6,5.147658
0.5,4,5.14809
0.5,4,5.148556
0.5,4,5.148987
0.5,4,5.149415
0.5,4,5.149847
0.5,4,5.150277
0.5,4,5.150705
0.5,4,5.15114
0.5,6,5.151775
0.5,4,5.152206
0.5,4,5.152637
0.5,4,5.153067
0.5,4,5.153542
0.5,4,5.153996
0.5,6,5.154732
0.5,4,5.155182
0.5,6,5.155816
0.5,6,5.156466
0.5,4,5.156941
0.5,4,5.157372
0.5,4,5.1578
0.5,4,5.158229
0.5,7,5.159003
0.5,4,5.159438
0.5,4,5.15987
0.5,4,5.1603
0.5,4,5.160731
0.5,4,5.161161
0.5,4,5.16159
0.5,4,5.162019
0.5,4,5.162446
0.5,4,5.162876
0.5,4,5.16331
0.5,4,5.163741
0.5,6,5.164434
0.5,4,5.164864
0.5,4,5.165296
0.5,6,5.165927
0.5,4,5.166357
0.5,4,5.166789
0.5,4,5.167226
0.5,4,5.167659
0.5,4,5.168087
0.5,8,5.168924
0.5,6,5.169552
0.5,4,5.169983
0.5,6,5.170613
0.5,8,5.171444
0.5,4,5.171877
0.5,4,5.172309
0.5,4,5.172743
0.5,4,5.173178
0.5,4,5.173643
0.5,4,5.174075
0.5,4,5.174526
0.5,4,5.175014
0.5,4,5.175518
0.5,4,5.175951
0.5,4,5.176381
0.5,4,5.176812
0.5,4,5.177278
0.5,4,5.177707
0.5,4,5.178139
0.5,4,5.178569
0.5,4,5.179149
0.5,6,5.179781
0.5,8,5.180611
0.5,4,5.181044
0.5,4,5.181471
0.5,4,5.181902
0.5,4,5.182332
0.5,6,5.182967
0.5,4,5.1834
0.5,4,5.183829
0.5,6,5.184467
0.5,4,5.1849
0.5,4,5.185332
0.5,4,5.185765
0.5,4,5.186196
0.5,6,5.186835
0.5,4,5.187271
0.5,4,5.187702
0.5,4,5.18813
0.5,4,5.188563
0.5,4,5.188993
0.5,4,5.189461
0.5,4,5.189893
0.5,6,5.190523
0.5,8,5.19144
0.5,4,5.191876
0.5,6,5.19251
0.5,4,5.19294
0.5,4,5.19341
0.5,6,5.194045
0.5,4,5.194474
0.5,4,5.194906
0.5,4,5.195338
0.5,8,5.196167
0.5,8,5.196992
0.5,6,5.197622
0.5,4,5.198052
0.5,4,5.19848
0.5,4,5.198924
0.5,4,5.199358
0.5,4,5.19979
0.5,4,5.200217
0.5,6,5.200848
0.5,4,5.201281
0.5,4,5.201714
0.5,4,5.202145
0.5,6,5.202776
0.5,4,5.203212
0.5,4,5.203644
0.5,4,5.204074
0.5,4,5.204503
0.5,4,5.204935
0.5,4,5.205365
0.5,4,5.205793
0.5,4,5.206223
0.5,4,5.206652
0.5,4,5.20709
0.5,4,5.207522
0.5,4,5.207952
0.5,4,5.208382
0.5,4,5.208806
0.5,4,5.209235
0.5,4,5.209663
0.5,4,5.210095
0.5,6,5.210726
0.5,6,5.211359
0.5,4,5.21179
0.5,4,5.21222
0.5,4,5.212653
0.5,6,5.213284
0.5,4,5.21371
0.5,4,5.214143
0.5,4,5.214571
0.5,6,5.215203
0.5,6,5.215837
0.5,8,5.216667
0.5,6,5.217298
0.5,4,5.217725
0.5,6,5.218358
0.5,4,5.218793
0.5,4,5.219226
0.5,4,5.21966
0.5,6,5.220291
0.5,4,5.220723
0.5,4,5.221156
0.5,4,5.221586
0.5,8,5.222419
0.5,4,5.222855
0.5,8,5.223686
0.5,4,5.224116
0.5,4,5.224549
0.5,4,5.224982
0.5,4,5.225412
0.5,4,5.225842
0.5,4,5.226271
0.5,6,5.226899
0.5,4,5.227334
0.5,4,5.227768
0.5,4,5.228202
0.5,6,5.228834
0.5,4,5.229306
0.5,4,5.229741
0.5,4,5.230173
0.5,4,5.230603
0.5,4,5.231036
0.5,6,5.231668
0.5,4,5.232099
0.5,4,5.232531
0.5,6,5.233161
0.5,4,5.233591
0.5,4,5.23402
0.5,4,5.234454
0.5,4,5.234891
0.5,4,5.235326
0.5,8,5.236153
0.5,6,5.236787
0.5,4,5.23722
0.5,4,5.237652
0.5,6,5.238271
0.5,4,5.2387
0.5,8,5.239566
0.5,4,5.240002
0.5,4,5.240434
0.5,4,5.240866
0.5,4,5.241297
0.5,4,5.241727
0.5,6,5.242358
0.5,4,5.242787
0.5,4,5.243221
0.5,4,5.243655
0.5,4,5.244087
0.5,4,5.244522
0.5,4,5.244955
0.5,4,5.245389
0.5,4,5.245821
0.5,4,5.246486
0.5,6,5.247127
0.5,4,5.247563
0.5,4,5.247997
0.5,4,5.248429
0.5,4,5.248879
0.5,4,5.249325
0.5,4,5.249756
0.5,4,5.250189
0.5,4,5.250623
0.5,4,5.251057
0.5,4,5.251487
0.5,4,5.251921
0.5,4,5.252352
0.5,4,5.25278
0.5,4,5.253213
0.5,4,5.253647
0.5,6,5.254277
0.5,4,5.254707
0.5,6,5.255374
0.5,4,5.255806
0.5,4,5.256237
0.5,4,5.256737
0.5,6,5.257367
0.5,4,5.257801
0.5,4,5.258233
0.5,4,5.258662
0.5,6,5.259298
0.5,4,5.259731
0.5,4,5.260162
0.5,4,5.260594
0.5,4,5.261046
0.5,4,5.261526
0.5,4,5.262024
0.5,4,5.262454
0.5,4,5.262889
0.5,6,5.263553
0.5,4,5.263987
0.5,4,5.26442
0.5,4,5.264852
0.5,4,5.265284
0.5,4,5.265716
0.5,4,5.266145
0.5,6,5.266809
0.5,6,5.26746
0.5,4,5.267893
0.5,4,5.268323
0.5,4,5.268754
0.5,4,5.269182
0.5,4,5.269609
0.5,4,5.270041
0.5,4,5.270472
0.5,4,5.270907
0.5,4,5.271342
0.5,6,5.271991
0.5,4,5.272436
0.5,6,5.273063
0.5,4,5.273492
0.5,4,5.273922
0.5,8,5.274747
0.5,6,5.275387
0.5,4,5.27582
0.5,6,5.276452
0.5,6,5.277086
0.5,7,5.277817
0.5,4,5.278252
0.5,6,5.278886
0.5,6,5.279523
0.5,4,5.279957
0.5,6,5.280588
0.5,4,5.281021
0.5,4,5.281515
0.5,6,5.282256
0.5,8,5.283143
0.5,4,5.283577
0.5,4,5.28401
0.5,4,5.284478
0.0,2,5.284703
0.5,6,5.285325
0.5,4,5.285753
0.5,4,5.286183
0.5,6,5.286849
0.5,8,5.287679
0.5,6,5.288311
0.5,4,5.288742
0.5,4,5.289174
0.5,4,5.289606
0.5,4,5.290039
0.5,4,5.29047
0.5,10,5.291504
0.5,6,5.292141
0.5,4,5.292572
0.5,4,5.292999
0.5,6,5.293633
0.5,4,5.294065
0.5,4,5.294499
0.5,4,5.294968
0.5,4,5.295403
0.5,4,5.295834
0.5,4,5.296262
0.5,4,5.296694
0.5,4,5.297124
0.5,4,5.297554
0.5,4,5.297984
0.5,4,5.298413
0.5,4,5.298848
0.5,4,5.299282
0.5,4,5.299712
0.5,4,5.300145
0.5,4,5.300576
0.5,4,5.301007
0.5,4,5.301437
0.5,4,5.301898
0.5,4,5.30233
0.5,4,5.302842
0.5,4,5.303271
0.5,4,5.303699
0.5,4,5.304131
0.5,4,5.304588
0.5,8,5.305433
0.5,4,5.305867
0.5,6,5.306502
0.5,4,5.306939
0.5,4,5.307372
0.5,4,5.307805
0.5,6,5.308434
0.5,6,5.309067
0.5,4,5.309498
0.5,4,5.309929
0.5,4,5.310363
0.5,4,5.310795
0.5,4,5.311229
0.5,9,5.31216
0.5,4,5.312594
0.5,4,5.313021
0.5,6,5.313651
0.5,4,5.314083
0.5,4,5.314512
0.5,4,5.314948
0.5,4,5.315377
0.5,6,5.31601
0.5,4,5.316443
0.5,4,5.316875
0.5,7,5.317603
0.5,4,5.318069
0.5,4,5.318539
0.5,6,5.31931
0.5,4,5.319745
0.5,4,5.320178
0.5,4,5.320608
0.5,4,5.321075
0.5,4,5.32151
0.5,4,5.321943
0.5,4,5.322374
0.5,6,5.323044
0.5,4,5.323479
0.5,4,5.323911
0.5,4,5.324341
0.5,4,5.324769
0.5,4,5.3252
0.5,4,5.325634
0.5,4,5.326066
0.5,4,5.326498
0.5,4,5.326967
0.5,4,5.327399
0.5,6,5.328031
0.5,4,5.32846
0.5,4,5.328892
0.5,4,5.329323
0.5,4,5.329752
0.5,4,5.330183
0.5,4,5.330616
0.5,4,5.331051
0.5,6,5.331687
0.5,4,5.332118
0.5,7,5.332849
0.5,4,5.333326
0.5,6,5.333959
0.5,4,5.33442
0.5,6,5.335054
0.5,4,5.335487
0.5,4,5.335921
0.5,4,5.336351
0.5,6,5.336975
0.5,4,5.337408
0.5,4,5.33784
0.5,4,5.338273
0.5,4,5.338704
0.5,4,5.339138
0.5,4,5.339569
0.5,6,5.340199
0.5,4,5.340631
0.5,4,5.341061
0.5,6,5.341687
0.5,4,5.342118
0.5,4,5.342593
0.5,4,5.343029
0.5,6,5.343665
0.5,4,5.344098
0.5,6,5.344731
0.5,6,5.345359
0.5,4,5.345788
0.5,6,5.346416
0.5,4,5.346852
0.5,4,5.347284
0.5,4,5.347713
0.5,4,5.348145
0.5,4,5.348678
0.5,4,5.349104
0.5,4,5.349532
0.5,4,5.349961
0.5,4,5.350394
0.5,4,5.350827
0.5,4,5.351261
0.5,6,5.35189
0.5,4,5.352318
0.5,4,5.352748
0.5,4,5.353181
0.5,6,5.353817
0.5,4,5.35425
0.5,4,5.354907
0.5,4,5.355358
0.5,4,5.35579
0.5,6,5.356421
0.5,4,5.356854
0.5,8,5.357679
0.5,4,5.358111
0.5,4,5.358542
0.5,4,5.358978
0.5,4,5.359411
0.5,4,5.359842
0.5,6,5.360469
0.5,4,5.3609
0.5,6,5.361529
0.5,4,5.36196
0.5,4,5.362392
0.5,4,5.362827
0.5,6,5.363456
0.5,10,5.364484
0.5,6,5.365118
0.5,4,5.365583
0.5,4,5.366014
0.5,4,5.366443
0.5,4,5.366914
0.5,6,5.367547
0.5,4,5.36798
0.5,4,5.368412
0.5,6,5.369045
0.5,4,5.369477
0.5,4,5.369907
0.5,4,5.370338
0.5,4,5.370768
0.5,4,5.371201
0.5,6,5.371858
0.5,8,5.372812
0.5,6,5.373446
0.5,6,5.374079
0.5,4,5.374548
0.5,4,5.374982
0.5,4,5.375419
0.5,4,5.37585
0.5,4,5.376281
0.5,4,5.376709
0.5,6,5.377341
0.5,4,5.377768
0.5,4,5.3782
0.5,4,5.378628
0.5,6,5.379264
0.5,4,5.379697
0.5,4,5.380157
0.5,4,5.38061
0.5,4,5.381075
0.5,4,5.381505
0.5,4,5.381939
0.5,4,5.382373
0.5,7,5.383145
0.5,4,5.383579
0.5,4,5.384012
0.5,4,5.384442
0.5,6,5.385073
0.5,4,5.3855
0.5,6,5.386127
0.5,4,5.386557
0.5,8,5.387381
0.5,4,5.387811
0.5,4,5.388238
0.5,4,5.388665
0.5,4,5.389093
0.5,4,5.389519
0.5,4,5.389947
0.5,4,5.390377
0.5,4,5.390803
0.5,4,5.391234
0.5,4,5.391664
0.5,6,5.392317
0.5,7,5.393167
0.5,4,5.393599
0.5,4,5.39403
0.5,4,5.394464
0.5,6,5.395138
0.5,4,5.395571
0.5,4,5.396
0.5,4,5.396431
0.5,6,5.397061
0.5,4,5.397492
0.5,4,5.397925
0.5,4,5.398353
0.5,4,5.398784
0.5,6,5.399418
0.5,4,5.399847
0.5,4,5.400276
0.5,6,5.400905
0.5,8,5.401732
0.5,6,5.402363
0.5,4,5.402794
0.5,4,5.403228
0.5,4,5.403659
0.5,4,5.40409
0.5,4,5.404521
0.5,4,5.404952
0.5,4,5.405383
0.5,4,5.405816
0.5,4,5.406247
0.5,4,5.406672
0.5,4,5.407106
0.5,4,5.407531
0.5,4,5.407962
0.5,6,5.408592
0.5,4,5.409025
0.5,4,5.409456
0.5,6,5.410087
0.5,6,5.410716
0.5,4,5.411155
0.5,4,5.411589
0.5,6,5.412221
0.5,4,5.41265
0.5,4,5.41308
0.5,4,5.413513
0.5,4,5.413943
0.5,4,5.414372
0.5,4,5.414807
0.5,4,5.415276
0.5,9,5.416206
0.5,4,5.416633
0.5,4,5.417062
0.5,4,5.417491
0.5,4,5.417946
0.5,4,5.418393
0.5,10,5.419415
0.5,6,5.420045
0.5,4,5.420475
0.5,4,5.420905
0.5,6,5.421532
0.5,4,5.421961
0.5,4,5.422391
0.5,6,5.42303
0.5,4,5.423465
0.5,4,5.423896
0.5,4,5.424325
0.5,4,5.424756
0.5,8,5.425584
0.5,4,5.426011
0.5,6,5.426638
0.5,4,5.427072
0.5,4,5.427503
0.5,4,5.427932
0.5,8,5.42875
0.5,4,5.429181
0.5,8,5.43001
0.5,6,5.430641
0.5,6,5.431273
0.5,8,5.432102
0.5,4,5.432531
0.5,6,5.43316
0.5,4,5.433593
0.5,4,5.434022
0.5,4,5.434452
0.5,4,5.434884
0.5,4,5.435317
0.5,6,5.435954
0.5,4,5.436384
0.5,6,5.437016
0.5,4,5.437444
0.5,4,5.438043
0.5,4,5.438621
0.5,6,5.439257
0.5,4,5.439688
0.5,4,5.440117
0.5,4,5.440547
0.5,4,5.440979
0.5,4,5.441412
0.5,4,5.441844
0.5,12,5.443069
0.5,4,5.443503
0.5,4,5.443935
0.5,4,5.444366
0.5,4,5.444798
0.5,4,5.44523
0.5,6,5.445859
0.5,4,5.446291
0.5,6,5.446959
0.5,4,5.447392
0.5,4,5.44782
0.5,6,5.44845
0.5,6,5.449079
0.5,4,5.449508
0.5,4,5.44994
0.5,4,5.450371
0.5,4,5.450802
0.5,4,5.451238
0.5,4,5.451669
0.5,4,5.452096
0.5,4,5.452527
0.5,4,5.452955
0.5,4,5.453419
0.5,4,5.453849
0.5,4,5.454514
0.5,4,5.45498
0.5,4,5.455412
0.5,4,5.455884
0.5,6,5.456516
0.5,4,5.456949
0.5,4,5.457379
0.5,6,5.45801
0.5,4,5.458443
0.5,4,5.458882
0.5,4,5.459313
0.5,6,5.459941
0.5,4,5.460373
0.5,4,5.460803
0.5,8,5.461636
0.5,4,5.462068
0.5,8,5.463168
0.5,4,5.463607
0.5,4,5.464038
0.5,6,5.464666
0.5,4,5.465098
0.5,4,5.465564
0.5,4,5.465991
0.5,8,5.466823
0.5,4,5.467291
0.5,4,5.467722
0.5,4,5.468154
0.5,4,5.468584
0.5,4,5.469015
0.5,4,5.469444
0.5,8,5.47027
0.5,4,5.4707
0.5,6,5.471371
0.5,6,5.471997
0.5,4,5.472426
0.5,4,5.472859
0.5,6,5.473559
0.5,4,5.473989
0.5,4,5.474417
0.5,4,5.474848
0.5,4,5.475283
0.5,6,5.475913
0.5,4,5.476346
0.5,4,5.476775
0.5,4,5.477203
0.5,4,5.477634
0.5,4,5.478064
0.5,4,5.478497
0.5,4,5.478953
0.5,4,5.479434
0.5,6,5.480132
0.5,4,5.480559
0.5,6,5.481185
0.5,4,5.481648
0.5,6,5.482267
0.5,4,5.482696
0.5,4,5.483132
0.5,6,5.48376
0.5,4,5.484189
0.5,4,5.484619
0.5,4,5.48505
0.5,4,5.48548
0.5,4,5.485907
0.5,4,5.486336
0.5,4,5.486763
0.5,6,5.487398
0.5,4,5.48783
0.5,4,5.488261
0.5,4,5.488689
0.5,4,5.489185
0.5,4,5.489612
0.5,4,5.490041
0.5,4,5.490469
0.5,4,5.490935
0.5,4,5.491366
0.5,6,5.491993
0.5,4,5.492424
0.5,4,5.492855
0.5,4,5.493286
0.5,4,5.493759
0.5,4,5.494191
0.5,4,5.494622
0.5,4,5.495099
0.5,4,5.495529
0.5,6,5.496191
0.5,4,5.496623
0.5,6,5.497248
0.5,4,5.497679
0.5,6,5.498304
0.5,4,5.498735
0.5,4,5.499263
0.5,4,5.499777
0.5,4,5.500208
0.5,4,5.500636
0.5,4,5.501064
0.5,6,5.501723
0.5,4,5.502155
0.5,4,5.502586
0.5,4,5.50306
0.5,4,5.503492
0.5,4,5.503922
0.5,4,5.504352
0.5,4,5.504779
0.5,4,5.505208
0.5,4,5.505638
0.5,4,5.506068
0.5,4,5.506499
0.5,6,5.507133
0.5,6,5.507762
0.5,6,5.508388
0.5,4,5.508818
0.5,4,5.509247
0.5,4,5.509677
0.5,4,5.510108
0.5,4,5.51054
0.5,6,5.511212
0.5,6,5.511877
0.5,6,5.512501
0.5,6,5.513127
0.5,4,5.513557
0.5,6,5.514188
0.5,4,5.514619
0.5,6,5.515247
0.5,4,5.515681
0.5,4,5.516109
0.5,4,5.516538
0.5,4,5.516967
0.5,4,5.517397
0.5,8,5.518223
0.5,4,5.518656
0.5,4,5.51909
0.5,4,5.519522
0.5,8,5.520352
0.5,4,5.520806
0.5,4,5.52125
0.5,4,5.521682
0.5,6,5.522306
0.5,6,5.522935
0.5,4,5.523368
0.5,4,5.523795
0.5,6,5.524428
0.5,6,5.525055
0.5,4,5.525487
0.5,4,5.525917
0.5,6,5.526578
0.5,4,5.527145
0.5,4,5.527613
0.5,4,5.528041
0.5,4,5.528552
0.5,6,5.529217
0.5,4,5.529821
0.5,4,5.53031
0.5,4,5.530819
0.5,4,5.531348
0.5,4,5.531851
0.5,4,5.532305
0.5,4,5.53274
0.5,4,5.533181
0.5,4,5.533621
0.5,4,5.53406
0.5,4,5.534495
0.5,4,5.535006
0.5,6,5.535654
0.5,6,5.5363
0.5,4,5.536738
0.5,4,5.537178
0.5,4,5.537618
0.5,4,5.538058
0.5,4,5.538494
0.5,4,5.538989
0.5,4,5.53942
0.5,8,5.540248
0.5,4,5.54068
0.5,4,5.541111
0.5,4,5.54154
0.5,7,5.542266
0.5,4,5.542696
0.5,4,5.543176
0.5,4,5.543604
0.5,4,5.544034
0.5,4,5.544463
0.5,4,5.544893
0.5,6,5.545521
0.5,4,5.545952
0.5,4,5.546381
0.5,4,5.54684
0.5,4,5.547301
0.5,6,5.547928
0.5,4,5.548357
0.5,6,5.548986
0.5,4,5.549415
0.5,10,5.550439
0.5,4,5.55093
0.5,4,5.551363
0.5,4,5.55179
0.5,4,5.552216
0.5,4,5.552647
0.5,4,5.553075
0.5,4,5.553504
0.5,4,5.553931
0.5,4,5.554358
0.5,7,5.555129
0.5,4,5.555559
0.5,6,5.556188
0.5,4,5.556618
0.5,4,5.557046
0.5,8,5.557871
0.5,4,5.558305
0.5,4,5.558733
0.5,4,5.559201
0.5,4,5.55963
0.5,8,5.560453
0.5,4,5.560884
0.5,4,5.561314
0.5,6,5.561938
0.5,4,5.56237
0.5,4,5.562799
0.5,4,5.563235
0.5,4,5.563662
0.5,4,5.56409
0.5,6,5.564711
0.5,6,5.565332
0.5,6,5.565964
0.5,6,5.566592
0.5,4,5.567025
0.5,4,5.567457
0.5,4,5.567884
0.5,4,5.568314
0.5,4,5.568741
0.5,4,5.569263
0.5,4,5.569695
0.5,6,5.570325
0.5,4,5.570754
0.5,4,5.571192
0.5,4,5.571622
0.5,4,5.572347
0.5,4,5.572782
0.5,6,5.573413
0.5,4,5.573842
0.5,4,5.574273
0.5,4,5.574703
0.5,4,5.575148
0.5,4,5.575582
0.5,6,5.576208
0.5,7,5.576937
0.5,4,5.577368
0.5,4,5.577797
0.5,4,5.578226
0.5,4,5.578659
0.5,4,5.579091
0.5,4,5.579521
0.5,4,5.579948
0.5,6,5.58058
0.5,4,5.581012
0.5,6,5.581636
0.5,4,5.582067
0.5,4,5.582533
0.5,4,5.582968
0.5,6,5.583598
0.5,4,5.584028
0.5,4,5.58446
0.5,4,5.584889
0.5,4,5.585318
0.5,4,5.585746
0.5,4,5.586198
0.5,4,5.586677
0.5,4,5.587178
0.5,4,5.587607
0.5,6,5.588235
0.5,4,5.588698
0.5,4,5.589128
0.5,4,5.589557
0.5,9,5.590482
0.5,6,5.591151
0.5,4,5.591582
0.5,4,5.592011
0.5,4,5.59244
0.5,4,5.592871
0.5,4,5.5933
0.5,4,5.593727
0.5,4,5.594154
0.5,4,5.594583
0.5,4,5.595014
0.5,4,5.595443
0.5,4,5.595872
0.5,4,5.5963
0.5,4,5.596731
0.5,4,5.59716
0.5,4,5.597588
0.5,7,5.598348
0.5,4,5.598779
0.5,4,5.599246
0.5,8,5.600072
0.5,4,5.600501
0.5,4,5.600924
0.5,4,5.601353
0.5,4,5.601776
0.5,4,5.602224
0.5,4,5.602667
0.5,6,5.603302
0.5,4,5.603732
0.5,4,5.604162
0.5,8,5.60499
0.5,6,5.605614
0.5,6,5.606245
0.5,4,5.606731
0.5,4,5.60734
0.5,4,5.607772
0.5,4,5.6082
0.5,4,5.60863
0.5,6,5.609314
0.5,4,5.60976
0.5,4,5.61019
0.5,4,5.610616
0.5,4,5.611082
0.5,4,5.611513
0.5,10,5.61253
0.5,4,5.61296
0.5,4,5.61346
0.5,4,5.613893
0.5,4,5.614323
0.5,4,5.614753
0.5,4,5.615186
0.5,6,5.615884
0.5,4,5.616316
0.5,4,5.616744
0.5,4,5.617173
0.5,4,5.617603
0.5,4,5.618031
0.5,4,5.61846
0.5,4,5.618892
0.5,4,5.619325
0.5,4,5.619754
0.5,4,5.620183
0.5,4,5.620614
0.5,4,5.621043
0.5,4,5.621475
0.5,6,5.622107
0.5,4,5.622536
0.5,4,5.62297
0.5,4,5.623402
0.5,4,5.623866
0.5,4,5.624294
0.5,4,5.624722
0.5,6,5.625352
0.5,4,5.625779
0.5,4,5.626209
0.5,4,5.626635
0.5,4,5.627067
0.5,6,5.6277
0.5,6,5.628327
0.5,4,5.628759
0.5,4,5.62919
0.5,4,5.629618
0.5,4,5.630049
0.5,4,5.630479
0.5,4,5.63091
0.5,8,5.631743
0.5,6,5.632372
0.5,4,5.63284
0.5,4,5.633274
0.5,6,5.633905
0.5,4,5.634334
0.5,6,5.634969
0.5,4,5.635402
0.5,6,5.636029
0.5,4,5.636458
0.5,6,5.637087
0.5,4,5.637517
0.5,4,5.637947
0.5,4,5.638374
0.5,6,5.639006
0.5,4,5.639439
0.5,4,5.639868
0.5,6,5.640501
0.5,4,5.640932
0.5,4,5.641357
0.5,4,5.641787
0.5,4,5.642217
0.5,4,5.642647
0.5,4,5.643079
0.5,4,5.643509
0.5,4,5.643938
0.5,4,5.644372
0.5,4,5.644837
0.5,4,5.645266
0.5,4,5.645694
0.5,4,5.646123
0.5,4,5.646553
0.5,8,5.647383
0.5,8,5.648218
0.5,4,5.648648
0.5,6,5.649277
0.5,4,5.649708
0.5,4,5.650139
0.5,4,5.650571
0.5,4,5.651
0.5,6,5.651631
0.5,4,5.652062
0.5,4,5.65249
0.5,6,5.653119
0.5,4,5.653552
0.5,4,5.653982
0.5,4,5.654409
0.5,4,5.654844
0.5,6,5.655479
0.5,4,5.655911
0.5,4,5.656343
0.5,8,5.657169
0.5,4,5.657601
0.5,4,5.658029
0.5,4,5.658459
0.5,4,5.658889
0.5,4,5.659312
0.5,6,5.659936
0.5,4,5.660365
0.5,4,5.660794
0.5,4,5.661221
0.5,4,5.66165
0.5,4,5.662081
0.5,4,5.662513
0.5,4,5.662942
0.5,4,5.663375
0.5,4,5.663802
0.5,4,5.664231
0.5,8,5.665054
0.5,6,5.665679
0.5,6,5.66631
0.5,4,5.666742
0.5,4,5.667174
0.5,6,5.667805
0.5,6,5.668438
0.5,4,5.668868
0.5,4,5.669297
0.5,4,5.669726
0.5,4,5.670154
0.5,4,5.670584
0.5,8,5.671418
0.5,4,5.67185
0.5,4,5.672279
0.5,4,5.672707
0.5,4,5.673132
0.5,4,5.673559
0.5,4,5.673988
0.5,6,5.674614
0.5,6,5.675247
0.5,4,5.675678
0.5,4,5.676108
0.5,4,5.676538
0.5,4,5.676965
0.5,4,5.677392
0.5,4,5.677818
0.5,4,5.678248
0.5,8,5.679081
0.5,4,5.679513
0.5,4,5.680173
0.5,6,5.680804
0.5,4,5.681265
0.5,4,5.681714
0.5,4,5.682159
0.5,4,5.682658
0.5,6,5.683293
0.5,4,5.683723
0.5,4,5.684151
0.5,4,5.68458
0.5,4,5.68501
0.5,4,5.685441
0.5,6,5.686072
0.5,4,5.686502
0.5,4,5.686933
0.5,4,5.687367
0.5,6,5.687997
0.5,4,5.688428
0.5,4,5.688857
0.5,4,5.689286
0.5,4,5.689716
0.5,4,5.690144
0.5,4,5.690605
0.5,4,5.691075
0.5,4,5.691508
0.5,4,5.691936
0.5,4,5.692363
0.5,4,5.69279
0.5,4,5.693218
0.5,4,5.69365
0.5,4,5.694122
0.5,6,5.69486
0.5,4,5.695292
0.5,4,5.695722
0.5,6,5.696388
0.5,4,5.696817
0.5,4,5.697246
0.5,6,5.697866
0.5,4,5.698292
0.5,4,5.69872
0.5,4,5.699152
0.5,7,5.699881
0.5,4,5.700311
0.5,4,5.700739
0.5,8,5.701566
0.5,4,5.701995
0.5,4,5.702424
0.5,6,5.703057
0.5,4,5.703523
0.5,4,5.703955
0.5,4,5.704383
0.5,4,5.704813
0.5,4,5.705241
0.5,4,5.705671
0.5,4,5.706133
0.5,4,5.706559
0.5,4,5.707029
0.5,4,5.707457
0.5,6,5.708083
0.5,4,5.708512
0.5,4,5.70894
0.5,4,5.709372
0.5,4,5.709801
0.5,4,5.710229
0.5,7,5.710956
0.5,6,5.711581
0.5,4,5.712012
0.5,4,5.712441
0.5,4,5.71287
0.5,4,5.713302
0.5,4,5.713731
0.5,4,5.71416
0.5,4,5.714612
0.5,4,5.715098
0.5,4,5.715598
0.5,6,5.716226
0.5,6,5.716852
0.5,4,5.717314
0.5,4,5.717741
0.5,6,5.718369
0.5,4,5.718799
0.5,4,5.719268
0.5,10,5.72035
0.5,4,5.720782
0.5,4,5.721211
0.5,6,5.721838
0.5,4,5.72227
0.5,4,5.7227
0.5,4,5.723169
0.5,4,5.723601
0.5,4,5.72403
0.5,4,5.724462
0.5,4,5.724894
0.5,6,5.725521
0.5,4,5.72595
0.5,4,5.72638
0.5,4,5.726815
0.5,4,5.727249
0.5,4,5.727677
0.5,4,5.728106
0.5,4,5.728535
0.5,6,5.729161
0.5,6,5.72979
0.5,4,5.730223
0.5,6,5.730854
0.5,6,5.731482
0.5,4,5.731912
0.5,6,5.732543
0.5,4,5.732974
0.5,4,5.733403
0.5,8,5.734234
0.5,4,5.734664
0.5,6,5.735294
0.5,4,5.735723
0.5,4,5.736148
0.5,4,5.736613
0.5,4,5.73704
0.5,4,5.73747
0.5,4,5.737898
0.5,4,5.738328
0.5,4,5.738756
0.5,8,5.739585
0.5,4,5.740017
0.5,4,5.740445
0.5,4,5.740873
0.5,4,5.741302
0.5,4,5.741731
0.5,6,5.742357
0.5,4,5.74279
0.5,4,5.743224
0.5,4,5.743655
0.5,10,5.74468
0.5,4,5.745111
0.5,4,5.745542
0.5,6,5.746171
0.5,6,5.746794
0.5,6,5.747426
0.5,6,5.748059
0.5,4,5.748492
0.5,4,5.748922
0.5,4,5.74935
0.5,4,5.749781
0.5,4,5.750212
0.5,6,5.750845
0.5,4,5.751278
0.5,4,5.75171
0.5,4,5.752141
0.5,4,5.752569
0.5,8,5.753461
0.5,8,5.75429
0.5,6,5.754925
0.5,4,5.755358
0.5,4,5.755785
0.5,4,5.756213
0.5,4,5.756644
0.0,2,5.756869
0.5,4,5.757298
0.5,4,5.757726
0.5,6,5.758437
0.5,6,5.759071
0.5,4,5.759502
0.5,4,5.759932
0.5,4,5.760361
0.5,4,5.760791
0.5,4,5.761218
0.5,4,5.761649
0.5,4,5.762079
0.5,6,5.762706
0.5,4,5.76314
0.5,6,5.763771
0.5,4,5.764199
0.5,6,5.76483
0.5,4,5.76526
0.5,6,5.765883
0.5,4,5.766316
0.5,6,5.766952
0.5,4,5.767384
0.5,6,5.768006
0.5,4,5.76844
0.5,6,5.769067
0.5,4,5.769499
0.5,4,5.769928
0.5,4,5.77036
0.5,4,5.770791
0.5,4,5.771224
0.5,4,5.771653
0.5,4,5.772083
0.5,4,5.772513
0.5,4,5.772941
0.5,4,5.773374
0.5,6,5.774
0.5,6,5.774631
0.5,4,5.775067
0.5,4,5.775499
0.5,4,5.775927
0.5,4,5.776358
0.5,8,5.777181
0.5,8,5.778013
0.5,4,5.778443
0.5,4,5.778876
0.5,4,5.779323
0.5,8,5.780155
0.5,4,5.780586
0.5,6,5.781214
0.5,6,5.781845
0.5,6,5.782475
0.5,4,5.782906
0.5,4,5.783337
0.5,6,5.783971
0.5,4,5.7844
0.5,6,5.785028
0.5,4,5.785458
0.5,4,5.785888
0.5,6,5.786514
0.5,4,5.786947
0.5,4,5.787513
0.5,4,5.787998
0.5,4,5.788431
0.5,4,5.78886
0.5,4,5.789289
0.5,6,5.789921
0.5,6,5.790546
0.5,4,5.791018
0.5,4,5.791451
0.5,6,5.792077
0.5,4,5.792507
0.5,6,5.793138
0.5,4,5.793571
0.5,4,5.794002
0.5,8,5.794837
0.5,4,5.795269
0.5,4,5.7957
0.5,4,5.796173
0.5,4,5.796604
0.5,4,5.797033
0.5,6,5.797666
0.5,4,5.798132
0.5,4,5.798562
0.5,6,5.799232
0.5,4,5.799664
0.5,4,5.800092
0.5,6,5.800862
0.5,4,5.801294
0.5,6,5.801996
0.5,4,5.802496
0.5,4,5.802965
0.5,4,5.803394
0.5,4,5.803825
0.5,8,5.804683
0.5,6,5.805311
0.5,6,5.805937
0.5,4,5.806365
0.5,4,5.806793
0.5,4,5.807229
0.5,4,5.807663
0.5,4,5.808089
0.5,9,5.809018
0.5,4,5.809448
0.5,4,5.809883
0.5,6,5.810518
0.5,4,5.810953
0.5,6,5.811584
0.5,4,5.812014
0.5,4,5.812444
0.5,4,5.812874
0.5,4,5.813301
0.5,6,5.813958
0.5,4,5.814392
0.5,4,5.814849
0.5,4,5.815296
0.5,4,5.815726
0.5,4,5.816156
0.5,4,5.816621
0.5,4,5.817048
0.5,4,5.817479
0.5,4,5.817908
0.5,4,5.818341
0.5,6,5.818975
0.5,4,5.819409
0.5,4,5.81984
0.5,4,5.820271
0.5,4,5.8207
0.5,4,5.821131
0.5,4,5.821563
0.5,4,5.822017
0.5,4,5.822495
0.5,4,5.82303
0.5,6,5.823663
0.5,4,5.824093
0.5,4,5.824553
0.5,4,5.824982
0.5,4,5.825412
0.5,8,5.826241
0.5,4,5.826673
0.5,4,5.827109
0.5,4,5.827544
0.5,4,5.827976
0.5,4,5.828406
0.5,4,5.828836
0.5,4,5.82927
0.5,4,5.8297
0.5,4,5.830132
0.5,4,5.830566
0.5,4,5.831
0.5,4,5.831453
0.5,4,5.831897
0.5,4,5.832324
0.5,4,5.832757
0.5,4,5.833188
0.5,4,5.833651
0.5,6,5.8343
0.5,4,5.834799
0.5,6,5.83547
0.5,4,5.835902
0.5,4,5.836331
0.5,4,5.83676
0.5,6,5.837391
0.5,4,5.837824
0.5,4,5.838256
0.5,4,5.838688
0.5,6,5.839322
0.5,4,5.839756
0.5,4,5.840184
0.5,4,5.840613
0.5,4,5.841041
0.5,6,5.841672
0.5,4,5.842104
0.5,7,5.84284
0.5,4,5.843274
0.5,4,5.843705
0.5,4,5.844135
0.5,6,5.844766
0.5,4,5.845197
0.5,4,5.845627
0.5,4,5.846055
0.5,6,5.846688
0.5,8,5.847516
0.5,6,5.848149
0.5,4,5.84858
0.5,4,5.849011
0.5,4,5.849443
0.5,8,5.850273
0.5,7,5.851011
0.5,4,5.851444
0.5,4,5.851876
0.5,4,5.852309
0.5,6,5.852942
0.5,4,5.853374
0.5,6,5.854005
0.5,4,5.854436
0.5,4,5.854873
0.5,8,5.85571
0.5,4,5.856143
0.5,4,5.856575
0.5,4,5.857009
0.5,4,5.85744
0.5,4,5.857868
0.5,8,5.858701
0.5,4,5.859137
0.5,4,5.859574
0.5,4,5.860008
0.5,8,5.860833
0.5,4,5.861263
0.5,4,5.861691
0.5,4,5.862123
0.5,8,5.862957
0.5,4,5.863391
0.5,4,5.863823
0.5,4,5.864254
0.5,6,5.864887
0.5,8,5.865721
0.5,4,5.866155
0.5,4,5.866588
0.5,4,5.867026
0.5,4,5.867457
0.5,4,5.867889
0.5,4,5.86832
0.5,4,5.868755
0.5,6,5.869387
0.5,4,5.86982
0.5,4,5.870251
0.5,4,5.870682
0.5,7,5.871441
0.5,6,5.872091
0.5,7,5.872821
0.5,6,5.87345
0.5,4,5.873882
0.5,4,5.874315
0.5,6,5.874951
0.5,4,5.875384
0.5,4,5.875815
0.5,4,5.876248
0.5,4,5.87668
0.5,4,5.877111
0.5,4,5.877541
0.5,6,5.87817
0.5,4,5.878603
0.5,4,5.87904
0.5,7,5.879776
0.5,4,5.880211
0.5,4,5.880643
0.5,4,5.881075
0.5,4,5.881506
0.5,4,5.881975
0.5,4,5.882408
0.5,4,5.882845
0.5,4,5.88328
0.5,4,5.883713
0.5,6,5.884345
0.5,4,5.884775
0.5,4,5.885208
0.5,4,5.88564
0.5,4,5.886071
0.5,8,5.886905
0.5,4,5.887341
0.5,6,5.887972
0.5,4,5.888403
0.5,4,5.888827
0.5,4,5.889261
0.5,6,5.889896
0.5,6,5.890525
0.5,4,5.89096
0.5,4,5.891391
0.5,4,5.891824
0.5,6,5.89245
0.5,4,5.892952
0.5,4,5.893451
0.5,4,5.893881
0.5,4,5.894316
0.5,4,5.894742
0.5,6,5.895405
0.5,4,5.89607
0.5,4,5.896502
0.5,6,5.897133
0.5,6,5.897764
0.5,4,5.898194
0.5,4,5.898626
0.5,4,5.899062
0.5,6,5.899691
0.5,6,5.900326
0.5,9,5.901254
0.5,4,5.901688
0.5,4,5.902119
0.5,4,5.902551
0.5,8,5.903377
0.5,4,5.90381
0.5,4,5.904242
0.5,4,5.904673
0.5,4,5.905103
0.5,4,5.905532
0.5,4,5.905962
0.5,4,5.906426
0.5,4,5.90686
0.5,4,5.907294
0.5,6,5.907927
0.5,4,5.908358
0.5,4,5.908788
0.5,4,5.909244
0.5,8,5.910083
0.5,4,5.910514
0.5,4,5.910947
0.5,4,5.911382
0.5,4,5.911812
0.5,4,5.912243
0.5,4,5.912731
0.5,4,5.913231
0.5,4,5.913709
0.5,4,5.914138
0.5,4,5.914564
0.5,4,5.915017
0.5,4,5.915466
0.5,6,5.916098
0.5,6,5.916729
0.5,4,5.917162
0.5,4,5.917593
0.5,6,5.918221
0.5,4,5.918653
0.5,4,5.919122
0.5,4,5.919555
0.5,4,5.919985
0.5,4,5.920412
0.5,6,5.921033
0.5,4,5.921467
0.5,4,5.921968
0.5,4,5.922399
0.5,4,5.92285
0.5,4,5.923299
0.5,4,5.923755
0.5,4,5.924202
0.5,6,5.924838
0.5,4,5.925271
0.5,4,5.925702
0.5,4,5.926131
0.5,4,5.926561
0.5,4,5.927036
0.5,4,5.927468
0.5,4,5.927899
0.5,4,5.928326
0.5,4,5.928791
0.5,4,5.929221
0.5,4,5.929649
0.5,8,5.93048
0.5,6,5.931155
0.5,4,5.931587
0.5,4,5.932017
0.5,4,5.932446
0.5,4,5.932918
0.5,6,5.933656
0.5,4,5.934083
0.5,6,5.934711
0.5,4,5.935241
0.5,4,5.935674
0.5,4,5.936105
0.5,6,5.936733
0.5,4,5.937163
0.5,4,5.937593
0.5,4,5.938147
0.5,8,5.939174
0.5,4,5.93961
0.5,4,5.940042
0.5,4,5.940474
0.5,6,5.941106
0.5,4,5.941536
0.5,4,5.941968
0.5,6,5.942599
0.5,6,5.943239
0.5,4,5.943675
0.5,4,5.944107
0.5,4,5.944573
0.5,4,5.945005
0.5,6,5.945638
0.5,4,5.946069
0.5,4,5.946504
0.5,6,5.94718
0.5,4,5.947615
0.5,6,5.948248
0.5,6,5.948884
0.5,4,5.949313
0.5,10,5.950348
0.5,6,5.950987
0.5,4,5.951421
0.5,6,5.952049
0.5,4,5.95248
0.5,6,5.953113
0.5,4,5.953579
0.5,4,5.95401
0.5,4,5.954748
0.5,4,5.955182
0.5,4,5.955616
0.5,4,5.956046
0.5,4,5.956476
0.5,4,5.956905
0.5,4,5.957339
0.5,4,5.957768
0.5,4,5.958196
0.5,6,5.959024
0.5,4,5.959459
0.5,4,5.959893
0.5,4,5.960322
0.5,4,5.960753
0.5,6,5.961384
0.5,4,5.961813
0.5,6,5.962444
0.5,4,5.962879
0.5,4,5.963313
0.5,4,5.963745
0.5,4,5.964173
0.5,4,5.964711
0.5,7,5.965442
0.5,10,5.966472
0.5,4,5.966944
0.5,4,5.967378
0.5,4,5.967808
0.5,4,5.968239
0.5,4,5.96867
0.5,4,5.969103
0.5,6,5.969731
0.5,4,5.970165
0.5,4,5.970596
0.5,4,5.971032
0.5,4,5.971464
0.5,6,5.972094
0.5,4,5.972521
0.5,4,5.972951
0.5,6,5.97358
0.5,4,5.974012
0.5,4,5.974444
0.5,4,5.97488
0.5,6,5.975516
0.5,4,5.975949
0.5,4,5.976378
0.5,4,5.976808
0.5,4,5.977238
0.5,4,5.977668
0.5,4,5.978099
0.5,4,5.978534
0.5,4,5.97897
0.5,6,5.979601
0.5,4,5.980034
0.5,6,5.980664
0.5,4,5.981097
0.5,4,5.981531
0.5,4,5.981965
0.5,6,5.982598
0.5,4,5.983034
0.5,4,5.983469
0.5,4,5.983902
0.5,6,5.984534
0.5,4,5.985064
0.5,6,5.985699
0.5,4,5.98613
0.5,6,5.986761
0.5,9,5.987686
0.5,4,5.988118
0.5,4,5.98855
0.5,4,5.988982
0.5,4,5.989414
0.5,4,5.989841
0.5,4,5.990272
0.5,4,5.990703
0.5,4,5.991139
0.5,4,5.991575
0.5,4,5.992008
0.5,4,5.992439
0.5,6,5.993068
0.5,4,5.9935
0.5,4,5.993931
0.5,4,5.994364
0.5,4,5.994794
0.5,4,5.995227
0.5,4,5.995661
0.5,4,5.996089
0.5,4,5.996523
0.5,6,5.997158
0.5,6,5.997789
0.5,4,5.998219
0.5,4,5.998648
0.5,6,5.99928
0.5,6,5.999913
0.5,6,6.000539
0.5,4,6.000968
0.5,4,6.0014
0.5,6,6.00203
0.5,10,6.00307
0.5,4,6.003506
0.5,4,6.003938
0.5,6,6.004735
0.5,4,6.005225
0.5,6,6.005855
0.5,4,6.006288
0.5,4,6.006721
0.5,4,6.007152
0.5,6,6.007784
0.5,8,6.008612
0.5,4,6.009045
0.5,4,6.009474
0.5,6,6.010104
0.5,4,6.010534
0.5,4,6.01097
0.5,4,6.011405
0.5,6,6.012036
0.5,6,6.012656
0.5,4,6.013085
0.5,4,6.013516
0.5,4,6.013946
0.5,6,6.014571
0.5,4,6.015008
0.5,4,6.015477
0.5,4,6.015908
0.5,4,6.016336
0.5,6,6.016966
0.5,4,6.017398
0.5,4,6.01783
0.5,4,6.018259
0.5,4,6.01869
0.5,4,6.019123
0.5,4,6.01955
0.5,4,6.020049
0.5,6,6.020741
0.5,4,6.021172
0.5,4,6.021603
0.5,4,6.022036
0.5,4,6.0225
0.5,6,6.023178
0.5,4,6.023618
0.5,4,6.024051
0.5,4,6.024482
0.5,4,6.024914
0.5,4,6.025345
0.5,6,6.025979
0.5,4,6.026414
0.5,8,6.027251
0.5,4,6.027684
0.5,4,6.028114
0.5,4,6.028543
0.5,4,6.028972
0.5,4,6.029404
0.5,4,6.029832
0.5,6,6.030465
0.5,4,6.031011
0.5,8,6.031845
0.5,4,6.032278
0.5,4,6.032705
0.5,6,6.033334
0.5,4,6.033768
0.5,4,6.034202
0.5,4,6.034632
0.5,4,6.035068
0.5,6,6.035703
0.5,4,6.036134
0.5,4,6.036567
0.5,4,6.036999
0.5,4,6.03743
0.5,4,6.037856
0.5,4,6.038289
0.5,4,6.038716
0.5,4,6.039147
0.5,4,6.039577
0.5,4,6.040008
0.5,4,6.040514
0.5,4,6.04101
0.5,4,6.041476
0.5,4,6.041907
0.5,4,6.042337
0.5,6,6.04301
0.5,4,6.043442
0.5,4,6.043873
0.5,4,6.044304
0.5,4,6.044735
0.5,6,6.045365
0.5,4,6.045797
0.5,4,6.046229
0.5,4,6.046661
0.5,4,6.047096
0.5,8,6.047929
0.5,4,6.048361
0.5,6,6.048993
0.5,4,6.049423
0.5,4,6.049852
0.5,4,6.050286
0.5,4,6.050716
0.5,4,6.051153
0.5,6,6.051788
0.5,4,6.05222
0.5,4,6.052652
0.5,4,6.053081
0.5,4,6.053513
0.5,4,6.053943
0.5,4,6.054376
0.5,4,6.054809
0.5,6,6.055443
0.5,4,6.055878
0.5,4,6.056309
0.5,4,6.056742
0.5,4,6.057208
0.5,4,6.057641
0.5,4,6.058071
0.5,4,6.058503
0.5,4,6.058941
0.5,4,6.059374
0.5,8,6.060206
0.5,4,6.060687
0.5,4,6.061122
0.5,4,6.061554
0.5,6,6.062184
0.5,4,6.062617
0.5,9,6.063545
0.5,8,6.064388
0.5,4,6.064819
0.5,4,6.065253
0.5,4,6.065684
0.5,4,6.066116
0.5,6,6.066749
0.5,8,6.067587
0.5,4,6.068023
0.5,4,6.068456
0.5,4,6.068886
0.5,4,6.069317
0.5,4,6.069747
0.5,4,6.07018
0.5,4,6.070612
0.5,4,6.071047
0.5,4,6.071477
0.5,6,6.072104
0.5,8,6.072931
0.5,4,6.073362
0.5,8,6.074188
0.5,4,6.07462
0.5,6,6.075255
0.5,6,6.075892
0.5,4,6.076319
0.5,4,6.07675
0.5,4,6.077179
0.5,4,6.077608
0.5,4,6.078038
0.5,6,6.07867
0.5,4,6.079105
0.5,4,6.079537
0.5,4,6.079967
0.5,4,6.080402
0.5,6,6.081031
0.5,4,6.081463
0.5,4,6.081891
0.5,4,6.082322
0.5,4,6.082752
0.5,4,6.083187
0.5,4,6.083618
0.5,4,6.084047
0.5,8,6.084877
0.5,4,6.085309
0.5,4,6.085739
0.5,4,6.086169
0.5,4,6.086602
0.5,4,6.087041
0.5,4,6.087475
0.5,6,6.088106
0.5,4,6.08854
0.5,4,6.088971
0.5,4,6.089399
0.5,4,6.08983
0.5,4,6.090257
0.5,4,6.090687
0.5,4,6.091122
0.5,4,6.091553
0.5,4,6.091984
0.5,6,6.092612
0.5,4,6.093043
0.5,4,6.093473
0.5,6,6.094101
0.5,4,6.094534
0.5,6,6.09517
0.5,4,6.095605
0.5,4,6.096037
0.5,6,6.096668
0.5,4,6.0971
0.5,4,6.097528
0.5,6,6.098202
0.5,4,6.098633
0.5,4,6.099068
0.5,4,6.099503
0.5,4,6.099931
0.5,4,6.100362
0.5,4,6.100793
0.5,4,6.101228
0.5,4,6.101661
0.5,4,6.102089
0.5,4,6.102521
0.5,4,6.102955
0.5,6,6.10359
0.5,4,6.104022
0.5,4,6.104453
0.5,4,6.104885
0.5,4,6.105319
0.5,4,6.105753
0.5,6,6.106387
0.5,6,6.107019
0.5,4,6.107453
0.5,7,6.108186
0.5,4,6.108619
0.5,4,6.109049
0.5,4,6.10948
0.5,4,6.109914
0.5,4,6.110346
0.5,4,6.110777
0.5,4,6.111215
0.5,6,6.111849
0.5,4,6.11228
0.5,8,6.113348
0.5,4,6.113784
0.5,4,6.114218
0.5,4,6.114652
0.5,4,6.11509
0.5,4,6.115524
0.5,10,6.116554
0.5,6,6.117183
0.5,4,6.117617
0.5,4,6.118048
0.5,4,6.118482
0.5,6,6.119108
0.5,6,6.11974
0.5,4,6.120172
0.5,4,6.120604
0.5,4,6.121037
0.5,4,6.121469
0.5,4,6.121897
0.5,6,6.122526
0.5,4,6.122962
0.5,4,6.123427
0.5,4,6.123858
0.5,4,6.124291
0.5,4,6.124719
0.5,4,6.125149
0.5,4,6.12558
0.5,4,6.126011
0.5,6,6.126636
0.5,4,6.127143
0.5,4,6.127646
0.5,4,6.128075
0.5,6,6.128709
0.5,4,6.129139
0.5,4,6.129602
0.5,4,6.130033
0.5,4,6.130465
0.5,10,6.131496
0.5,6,6.132125
0.5,6,6.132756
0.5,6,6.133383
0.5,4,6.133816
0.5,8,6.134647
0.5,4,6.135079
0.5,4,6.135511
0.5,6,6.136224
0.5,4,6.136657
0.5,4,6.13709
0.5,8,6.137922
0.5,6,6.138575
0.5,4,6.139031
0.5,4,6.139464
0.5,4,6.139894
0.5,4,6.140325
0.5,4,6.140755
0.5,4,6.141186
0.5,4,6.141618
0.5,4,6.142048
0.5,4,6.14248
0.5,4,6.142959
0.5,6,6.143594
0.5,4,6.144024
0.5,4,6.144455
0.5,6,6.145087
0.5,4,6.145519
0.5,4,6.145948
0.5,4,6.14638
0.5,4,6.146835
0.5,4,6.147307
0.5,4,6.147794
0.5,4,6.148299
0.5,6,6.148929
0.5,6,6.14956
0.5,4,6.150026
0.5,4,6.150456
0.5,4,6.15093
0.5,6,6.151567
0.5,4,6.151999
0.5,7,6.15273
0.5,4,6.153164
0.5,6,6.153797
0.5,4,6.154227
0.5,4,6.154658
0.5,4,6.155094
0.5,6,6.155725
0.5,4,6.156155
0.5,4,6.156586
0.5,4,6.157016
0.5,4,6.157447
0.5,6,6.158077
0.5,4,6.158509
0.5,6,6.15914
0.5,6,6.159771
0.5,4,6.160201
0.5,6,6.160829
0.5,4,6.161258
0.5,4,6.16169
0.5,6,6.162319
0.5,4,6.162751
0.5,6,6.163384
0.5,4,6.163816
0.5,4,6.164246
0.5,4,6.164677
0.5,4,6.165108
0.5,4,6.16554
0.5,4,6.165972
0.5,4,6.166405
0.5,4,6.166841
0.5,4,6.167274
0.5,4,6.167702
0.5,6,6.168329
0.5,4,6.168756
0.5,6,6.169388
0.5,4,6.169821
0.5,4,6.170287
0.5,6,6.170923
0.5,4,6.171358
0.5,4,6.171787
0.5,6,6.17242
0.5,4,6.172851
0.5,6,6.173477
0.5,4,6.173951
0.5,4,6.174382
0.5,4,6.174817
0.5,7,6.175552
0.5,4,6.175984
0.5,6,6.176609
0.5,4,6.177041
0.5,4,6.177474
0.5,4,6.177905
0.5,7,6.17864
0.5,4,6.179077
0.5,8,6.179911
0.5,4,6.180346
0.5,6,6.180972
0.5,4,6.181402
0.5,4,6.181831
0.5,6,6.182463
0.5,4,6.182905
0.5,8,6.183738
0.5,4,6.18417
0.5,4,6.1846
0.5,4,6.185031
0.5,4,6.185461
0.5,4,6.185892
0.5,4,6.18632
0.5,4,6.186752
0.5,4,6.187181
0.5,4,6.187612
0.5,6,6.18824
0.5,4,6.188671
0.5,4,6.189103
0.5,4,6.189533
0.5,4,6.189961
0.5,8,6.190792
0.5,4,6.191226
0.5,7,6.191958
0.5,4,6.192391
0.5,6,6.193018
0.5,4,6.19345
0.5,4,6.193882
0.5,4,6.194316
0.5,4,6.19475
0.5,4,6.195187
0.5,4,6.195617
0.5,6,6.196331
0.5,4,6.196779
0.5,8,6.197604
0.5,4,6.198037
0.5,6,6.198666
0.5,4,6.199102
0.5,6,6.199734
0.5,4,6.200167
0.5,4,6.200598
0.5,6,6.201227
0.5,4,6.201661
0.5,4,6.202096
0.5,4,6.202528
0.5,4,6.202964
0.5,4,6.203398
0.5,4,6.203827
0.5,12,6.205055
0.5,4,6.20549
0.5,4,6.205921
0.5,4,6.206353
0.5,4,6.206784
0.5,4,6.207217
0.5,4,6.207649
0.5,4,6.208081
0.5,4,6.208507
0.5,4,6.208936
0.5,4,6.209367
0.5,6,6.209996
0.5,6,6.210628
0.5,6,6.211261
0.5,4,6.211735
0.5,4,6.212168
0.5,4,6.212602
0.5,8,6.213428
0.5,4,6.213863
0.5,4,6.214297
0.5,4,6.214729
0.5,6,6.215362
0.5,6,6.215999
0.5,4,6.216432
0.5,4,6.216863
0.5,6,6.217495
0.5,4,6.217927
0.5,6,6.218563
0.5,4,6.218997
0.5,4,6.219431
0.5,6,6.220062
0.5,6,6.220887
0.5,6,6.221523
0.5,4,6.221953
0.5,4,6.222383
0.5,4,6.222884
0.5,4,6.223316
0.5,4,6.223749
0.5,4,6.224181
0.5,4,6.224611
0.5,4,6.22504
0.5,4,6.225472
0.5,4,6.225904
0.5,4,6.226335
0.5,4,6.226762
0.5,4,6.227232
0.5,8,6.228062
0.5,6,6.228694
0.5,4,6.229128
0.5,6,6.229755
0.5,4,6.230188
0.5,4,6.230615
0.5,4,6.231087
0.5,4,6.231518
0.5,10,6.232544
0.5,6,6.233179
0.5,4,6.233613
0.5,4,6.234045
0.5,4,6.234495
0.5,4,6.23495
0.5,4,6.235452
0.5,4,6.235884
0.5,4,6.236315
0.5,4,6.236746
0.5,6,6.237408
0.5,6,6.238041
0.5,4,6.238472
0.5,4,6.239048
0.5,4,6.239512
0.5,4,6.23994
0.5,4,6.240369
0.5,4,6.240798
0.5,4,6.241228
0.5,4,6.241658
0.5,4,6.242087
0.5,4,6.242516
0.5,6,6.243149
0.5,4,6.243579
0.5,4,6.24401
0.5,4,6.244441
0.5,4,6.244872
0.5,6,6.245498
0.5,4,6.245931
0.5,4,6.246362
0.5,4,6.246851
0.5,4,6.2473
0.5,4,6.247729
0.5,4,6.248162
0.5,4,6.248592
0.5,4,6.249021
0.5,6,6.249694
0.5,4,6.250128
0.5,4,6.250557
0.5,6,6.251233
0.5,4,6.251699
0.5,4,6.252128
0.5,4,6.252558
0.5,4,6.252988
0.5,6,6.253621
0.5,4,6.254054
0.5,6,6.254703
0.5,4,6.255192
0.5,4,6.255693
0.5,4,6.256127
0.5,4,6.256555
0.5,4,6.256982
0.5,6,6.257646
0.5,4,6.258076
0.5,4,6.258507
0.5,4,6.258941
0.5,6,6.259574
0.5,4,6.260009
0.5,4,6.26044
0.5,4,6.260871
0.5,4,6.261302
0.5,4,6.261735
0.5,6,6.262367
0.5,6,6.262996
0.5,4,6.26343
0.5,4,6.263862
0.5,4,6.264293
0.5,4,6.26472
0.5,4,6.265151
0.5,4,6.265582
0.5,4,6.26601
0.5,4,6.26644
0.5,4,6.266876
0.5,4,6.267309
0.5,4,6.267774
0.5,4,6.268205
0.5,4,6.268636
0.5,4,6.269065
0.5,4,6.269495
0.5,6,6.270123
0.5,4,6.270554
0.5,6,6.271187
0.5,4,6.271621
0.5,4,6.272053
0.5,4,6.272485
0.5,4,6.272916
0.5,4,6.273345
0.5,4,6.273779
0.5,4,6.27421
0.5,4,6.274641
0.5,8,6.275478
0.5,6,6.276113
0.5,4,6.276545
0.5,6,6.27718
0.5,4,6.277614
0.5,4,6.278046
0.5,4,6.278477
0.5,4,6.278914
0.5,4,6.279348
0.5,4,6.279778
0.5,4,6.280211
0.5,4,6.280641
0.5,4,6.281069
0.5,4,6.281497
0.5,4,6.281927
0.5,4,6.282358
0.5,4,6.282786
0.5,6,6.283419
0.5,4,6.28385
0.5,4,6.284282
0.5,4,6.284715
0.5,4,6.285147
0.5,4,6.285575
0.5,4,6.286007
0.5,6,6.286641
0.5,4,6.287161
0.5,4,6.287598
0.5,8,6.288432
0.5,6,6.28906
0.5,4,6.289488
0.5,4,6.289919
0.5,4,6.290352
0.5,6,6.290992
0.5,6,6.291618
0.5,8,6.292449
0.5,4,6.292881
0.5,4,6.293311
0.5,4,6.293741
0.5,6,6.294373
0.5,4,6.294804
0.5,4,6.295242
0.5,8,6.29607
0.5,4,6.296501
0.5,4,6.296934
0.5,4,6.297366
0.5,4,6.2978
0.5,6,6.298427
0.5,6,6.299066
0.5,4,6.2995
0.5,4,6.29993
0.5,4,6.300361
0.5,4,6.300788
0.5,4,6.301218
0.5,4,6.301647
0.5,6,6.302277
0.5,4,6.302709
0.5,4,6.303145
0.5,4,6.303572
0.5,4,6.304
0.5,4,6.30443
0.5,6,6.305059
0.5,4,6.305491
0.5,4,6.305922
0.5,4,6.306352
0.5,6,6.306991
0.5,4,6.307425
0.5,4,6.307854
0.5,4,6.308285
0.5,4,6.308714
0.5,4,6.309145
0.5,8,6.309976
0.5,6,6.310608
0.5,6,6.311241
0.5,4,6.311674
0.5,4,6.312107
0.5,4,6.312539
0.5,4,6.312969
0.5,6,6.313598
0.5,4,6.314029
0.5,4,6.31446
0.5,4,6.314895
0.5,6,6.315531
0.5,6,6.316159
0.5,4,6.316588
0.5,4,6.31702
0.5,4,6.317452
0.5,4,6.317884
0.5,6,6.318514
0.5,4,6.318948
0.5,6,6.319583
0.5,4,6.320012
0.5,4,6.320443
0.5,4,6.320875
0.5,6,6.321506
0.5,4,6.321935
0.5,6,6.322564
0.5,4,6.322997
0.5,4,6.323429
0.5,4,6.323861
0.5,4,6.324292
0.5,6,6.324964
0.5,4,6.325397
0.5,4,6.325828
0.5,4,6.326257
0.5,6,6.326889
0.5,4,6.327323
0.5,6,6.327947
0.5,6,6.328769
0.5,4,6.329204
0.5,4,6.329638
0.5,4,6.33007
0.5,8,6.330899
0.5,4,6.331334
0.5,4,6.331763
0.5,4,6.332191
0.5,4,6.332623
0.5,4,6.333054
0.5,4,6.333483
0.5,4,6.333914
0.5,8,6.33474
0.5,4,6.335174
0.5,4,6.335606
0.5,6,6.336238
0.5,6,6.336873
0.5,4,6.337304
0.5,4,6.337737
0.5,4,6.338164
0.5,4,6.338593
0.5,6,6.339328
0.5,4,6.339761
0.5,4,6.340194
0.5,4,6.340626
0.5,4,6.341057
0.5,4,6.341488
0.5,6,6.342138
0.5,4,6.342617
0.5,4,6.34312
0.5,4,6.343553
0.5,4,6.343981
0.5,4,6.344411
0.5,4,6.344873
0.5,4,6.345304
0.5,6,6.345933
0.5,4,6.346361
0.5,4,6.34679
0.5,4,6.347224
0.5,4,6.347661
0.5,4,6.348093
0.5,8,6.348927
0.5,4,6.34936
0.5,4,6.349792
0.5,4,6.350224
0.5,4,6.350655
0.5,4,6.351087
0.5,4,6.351522
0.5,4,6.351956
0.5,6,6.352585
0.5,6,6.353216
0.5,8,6.354075
0.5,4,6.354538
0.5,4,6.355008
0.5,4,6.355441
0.5,4,6.355869
0.5,4,6.356302
0.5,4,6.356735
0.5,4,6.357169
0.5,6,6.357805
0.5,4,6.358238
0.5,6,6.358871
0.5,6,6.359506
0.5,4,6.359938
0.5,4,6.360369
0.5,8,6.361204
0.5,4,6.361638
0.5,4,6.362073
0.5,4,6.362593
0.5,6,6.363377
0.5,6,6.364012
0.5,4,6.364445
0.5,4,6.364878
0.5,4,6.36538
0.5,4,6.365811
0.5,4,6.36624
0.5,6,6.366874
0.5,8,6.367704
0.5,6,6.368333
0.5,4,6.368767
0.5,4,6.3692
0.5,4,6.369632
0.5,4,6.37006
0.5,6,6.370689
0.5,4,6.371119
0.5,6,6.37175
0.5,4,6.372183
0.5,4,6.372616
0.5,4,6.373048
0.5,4,6.373479
0.5,4,6.373909
0.5,4,6.374342
0.5,10,6.375475
0.5,6,6.376108
0.5,4,6.376535
0.5,4,6.376966
0.5,4,6.377399
0.5,4,6.377826
0.5,12,6.379052
0.5,4,6.379488
0.5,4,6.379955
0.5,6,6.380586
0.5,4,6.381015
0.5,4,6.381444
0.5,4,6.381875
0.5,4,6.382308
0.5,4,6.382739
0.5,4,6.383169
0.5,4,6.383601
0.5,4,6.384032
0.5,4,6.384462
0.5,4,6.384894
0.5,4,6.385324
0.5,7,6.386053
0.5,4,6.386484
0.5,6,6.387118
0.5,4,6.387552
0.5,6,6.388184
0.5,6,6.388817
0.5,6,6.389448
0.5,4,6.389879
0.5,6,6.390507
0.5,4,6.390939
0.5,4,6.39137
0.5,4,6.391804
0.5,4,6.392234
0.5,4,6.392663
0.5,4,6.39309
0.5,4,6.393521
0.5,6,6.394146
0.5,4,6.394579
0.5,6,6.395214
0.5,4,6.395649
0.5,4,6.39608
0.5,4,6.396511
0.5,4,6.396942
0.5,4,6.397375
0.5,4,6.397804
0.5,6,6.398431
0.5,4,6.398865
0.5,4,6.399298
0.5,4,6.39973
0.5,4,6.400161
0.5,4,6.400634
0.5,6,6.401263
0.5,6,6.401891
0.5,4,6.402322
0.5,4,6.402754
0.5,4,6.403188
0.5,6,6.403818
0.5,4,6.404248
0.5,4,6.404679
0.5,4,6.405108
0.5,4,6.405535
0.5,4,6.405963
0.5,4,6.406396
0.5,6,6.407033
0.5,4,6.407467
0.5,4,6.407894
0.5,6,6.408526
0.5,4,6.408955
0.5,4,6.409384
0.5,4,6.409809
0.5,4,6.410236
0.5,4,6.410665
0.5,4,6.411101
0.5,4,6.411536
0.5,6,6.412167
0.5,4,6.412597
0.5,8,6.413426
0.5,4,6.413854
0.5,4,6.414283
0.5,4,6.414712
0.5,6,6.415348
0.5,4,6.41578
0.5,4,6.416208
0.5,4,6.416637
0.5,6,6.417274
0.5,4,6.417703
0.5,4,6.418133
0.5,4,6.418565
0.5,4,6.419
0.5,6,6.419634
0.5,6,6.420264
0.5,4,6.420691
0.5,4,6.421121
0.5,4,6.421552
0.5,4,6.42198
0.5,6,6.42261
0.5,4,6.423046
0.5,4,6.423478
0.5,4,6.423901
0.5,4,6.424327
0.5,4,6.424756
0.5,6,6.425383
0.5,4,6.425811
0.5,4,6.426241
0.5,4,6.42667
0.5,4,6.427104
0.5,4,6.427536
0.5,6,6.428166
0.5,4,6.428597
0.5,4,6.429028
0.5,6,6.429654
0.5,4,6.430085
0.5,4,6.430515
0.5,4,6.430949
0.5,4,6.431377
0.5,4,6.431808
0.5,4,6.432235
0.5,6,6.43286
0.5,7,6.433587
0.5,6,6.434217
0.5,4,6.434647
0.5,4,6.435079
0.5,4,6.435509
0.5,4,6.43594
0.5,4,6.436634
0.5,4,6.437104
0.5,6,6.437775
0.5,4,6.438312
0.5,4,6.438763
0.5,4,6.439312
0.5,8,6.440165
0.5,4,6.44062
0.5,8,6.441448
0.5,8,6.442281
0.5,4,6.442713
0.5,4,6.443219
0.5,4,6.44365
0.5,4,6.444083
0.5,6,6.444715
0.5,6,6.445342
0.5,4,6.445773
0.5,4,6.446198
0.5,4,6.446629
0.5,6,6.447351
0.5,4,6.447783
0.5,6,6.448417
0.5,4,6.448848
0.5,4,6.449279
0.5,4,6.449747
0.5,6,6.450481
0.5,4,6.450985
0.5,4,6.451413
0.5,4,6.451844
0.5,4,6.45233
0.5,4,6.452777
0.5,4,6.453204
0.5,6,6.45387
0.5,4,6.454504
0.5,8,6.455479
0.5,4,6.455913
0.5,6,6.456537
0.5,4,6.456968
0.5,4,6.457401
0.5,4,6.457832
0.5,4,6.458261
0.5,4,6.458694
0.5,4,6.45917
0.5,4,6.459603
0.5,4,6.460035
0.5,4,6.4605
0.5,6,6.461131
0.5,4,6.46156
0.5,4,6.46199
0.5,4,6.462422
0.5,8,6.463328
0.5,4,6.46376
0.5,6,6.464386
0.5,6,6.465013
0.5,4,6.465446
0.5,4,6.465878
0.5,4,6.466306
0.5,4,6.466735
0.5,6,6.467409
0.5,6,6.468045
0.5,4,6.468474
0.5,4,6.468944
0.5,6,6.469575
0.5,10,6.470679
0.5,6,6.471388
0.5,4,6.471822
0.5,6,6.472452
0.5,4,6.472917
0.5,7,6.473643
0.5,4,6.474074
0.5,4,6.474502
0.5,4,6.474981
0.5,4,6.475413
0.5,4,6.475845
0.5,4,6.476338
0.5,4,6.47677
0.5,4,6.477203
0.5,6,6.477834
0.5,4,6.478265
0.5,4,6.478693
0.5,4,6.479125
0.5,7,6.479856
0.5,4,6.480286
0.5,4,6.480716
0.5,7,6.481446
0.5,4,6.481876
0.5,4,6.482307
0.5,4,6.482736
0.5,6,6.483369
0.5,4,6.4838
0.5,6,6.484428
0.5,6,6.485092
0.5,4,6.485524
0.5,4,6.485955
0.5,4,6.486384
0.5,4,6.486814
0.5,4,6.487246
0.5,8,6.488075
0.5,6,6.488702
0.5,4,6.489132
0.5,4,6.489565
0.5,8,6.490388
0.5,4,6.49082
0.5,4,6.491252
0.5,4,6.491684
0.5,4,6.492147
0.5,6,6.49278
0.5,4,6.493211
0.5,4,6.493676
0.5,4,6.494109
0.5,4,6.494537
0.5,4,6.494972
0.5,6,6.495607
0.5,6,6.496238
0.5,4,6.496669
0.5,6,6.497298
0.5,4,6.497728
0.5,4,6.498157
0.5,4,6.498587
0.5,4,6.499018
0.5,4,6.499453
0.5,6,6.500085
0.5,4,6.500515
0.5,8,6.501347
0.5,4,6.501777
0.5,4,6.502203
0.5,4,6.502635
0.5,4,6.503068
0.5,4,6.5035
0.5,4,6.503932
0.5,4,6.504362
0.5,4,6.504791
0.5,6,6.505419
0.5,4,6.505846
0.5,4,6.506277
0.5,4,6.506704
0.5,4,6.507212
0.5,6,6.507944
0.5,4,6.508376
0.5,4,6.508808
0.5,6,6.509457
0.5,4,6.509899
0.5,4,6.510329
0.5,4,6.510761
0.5,4,6.511196
0.5,6,6.511829
0.5,6,6.512456
0.5,4,6.512885
0.5,6,6.513513
0.5,4,6.51399
0.5,4,6.514422
0.5,4,6.514859
0.5,4,6.51529
0.5,4,6.515721
0.5,4,6.516154
0.5,4,6.516584
0.5,4,6.517012
0.5,4,6.517443
0.5,4,6.517873
0.5,4,6.518303
0.5,4,6.518728
0.5,4,6.519161
0.5,6,6.519791
0.5,4,6.520222
0.5,6,6.520851
0.5,4,6.521282
0.5,4,6.521713
0.5,4,6.522141
0.5,4,6.522573
0.5,4,6.523005
0.5,4,6.523435
0.5,4,6.523868
0.5,6,6.524503
0.5,6,6.525167
0.5,6,6.525799
0.5,4,6.52623
0.5,4,6.526659
0.5,4,6.527094
0.5,4,6.52753
0.5,4,6.527961
0.5,4,6.528394
0.5,4,6.528822
0.5,4,6.529248
0.5,4,6.529782
0.5,6,6.530415
0.5,6,6.531049
0.5,4,6.531482
0.5,6,6.532112
0.5,6,6.532743
0.5,4,6.533174
0.5,4,6.533612
0.5,4,6.534044
0.5,4,6.534475
0.5,4,6.534909
0.5,4,6.535376
0.5,4,6.535805
0.5,4,6.536236
0.5,4,6.536663
0.5,4,6.537096
0.5,4,6.537524
0.5,7,6.538258
0.5,4,6.538692
0.5,4,6.539128
0.5,4,6.539557
0.5,4,6.539983
0.5,4,6.540413
0.5,4,6.54084
0.5,4,6.541271
0.5,4,6.541702
0.5,4,6.542134
0.5,6,6.542764
0.5,6,6.543396
0.5,6,6.544029
0.5,4,6.544461
0.5,4,6.544889
0.5,4,6.545503
0.5,8,6.546364
0.5,6,6.547004
0.5,4,6.547439
0.5,4,6.547869
0.5,4,6.548304
0.5,4,6.548738
0.5,6,6.549366
0.5,4,6.549792
0.5,4,6.550223
0.5,4,6.550657
0.5,4,6.551094
0.5,4,6.551571
0.5,6,6.552266
0.5,4,6.552698
0.5,4,6.553131
0.5,4,6.553564
0.5,4,6.553994
0.5,4,6.554421
0.5,10,6.555451
0.5,4,6.555919
0.5,4,6.55635
0.5,4,6.556778
0.5,6,6.557411
0.5,4,6.557843
0.5,4,6.558273
0.5,4,6.558702
0.5,6,6.559331
0.5,4,6.559763
0.5,4,6.560193
0.5,4,6.560646
0.5,4,6.56113
0.5,4,6.561558
0.5,6,6.562253
0.5,4,6.562686
0.5,4,6.563121
0.5,6,6.563752
0.5,4,6.564183
0.5,8,6.565004
0.5,4,6.565435
0.5,4,6.565862
0.5,4,6.566291
0.5,4,6.566755
0.5,7,6.567487
0.5,6,6.568121
0.5,6,6.568753
0.5,4,6.569183
0.5,4,6.569612
0.5,4,6.570046
0.5,4,6.570477
0.5,4,6.570912
0.5,4,6.571382
0.5,6,6.572015
0.5,4,6.572445
0.5,4,6.572875
0.5,4,6.573305
0.5,4,6.573736
0.5,4,6.574168
0.5,4,6.574598
0.5,6,6.575233
0.5,8,6.576063
0.5,8,6.576894
0.5,4,6.577326
0.5,6,6.577954
0.5,8,6.578778
0.5,6,6.579412
0.5,6,6.580045
0.5,6,6.580675
0.5,8,6.58163
0.5,4,6.582077
0.5,4,6.582509
0.5,4,6.583013
0.5,4,6.583448
0.5,10,6.584478
0.5,4,6.584914
0.5,6,6.585543
0.5,4,6.585972
0.5,4,6.586403
0.5,4,6.586836
0.5,4,6.58727
0.5,4,6.587702
0.5,6,6.588331
0.5,4,6.588759
0.5,4,6.589189
0.5,4,6.589734
0.5,4,6.590165
0.5,4,6.590598
0.5,4,6.591032
0.5,6,6.591666
0.5,4,6.592099
0.5,6,6.592729
0.5,4,6.593158
0.5,4,6.593605
0.5,4,6.594049
0.5,4,6.59448
0.5,4,6.594916
0.5,4,6.595349
0.5,6,6.595977
0.5,6,6.596604
0.5,4,6.597034
0.5,4,6.597461
0.5,4,6.59789
0.5,4,6.598321
0.5,4,6.59875
0.5,6,6.599384
0.5,4,6.599818
0.5,4,6.600251
0.5,6,6.600881
0.5,4,6.60131
0.5,6,6.601939
0.5,4,6.602404
0.5,4,6.602838
0.5,6,6.603468
0.5,6,6.6041
0.5,6,6.604731
0.5,4,6.605159
0.5,4,6.605588
0.5,4,6.606016
0.5,6,6.606646
0.5,4,6.607082
0.5,4,6.607512
0.5,7,6.60824
0.5,4,6.608673
0.5,10,6.60971
0.5,4,6.610141
0.5,4,6.610571
0.5,4,6.611005
0.5,4,6.611434
0.5,4,6.611865
0.5,4,6.612291
0.5,4,6.612726
0.5,6,6.613354
0.5,4,6.613816
0.5,4,6.614246
0.5,4,6.614673
0.5,4,6.615107
0.5,4,6.615543
0.5,6,6.61617
0.5,4,6.616599
0.5,4,6.617028
0.5,4,6.617457
0.5,4,6.617887
0.5,6,6.618517
0.5,6,6.619151
0.5,4,6.619585
0.5,4,6.620012
0.5,4,6.62044
0.5,4,6.620871
0.5,4,6.621301
0.5,8,6.622124
0.5,4,6.622554
0.5,4,6.622988
0.5,8,6.623816
0.5,4,6.624247
0.5,4,6.624675
0.5,6,6.625304
0.5,4,6.625733
0.5,4,6.626164
0.5,4,6.626594
0.5,4,6.627029
0.5,4,6.627503
0.5,4,6.627933
0.5,4,6.628363
0.5,4,6.628794
0.5,4,6.629224
0.5,4,6.629654
0.5,4,6.630083
0.5,4,6.630509
0.5,4,6.630943
0.5,4,6.631369
0.5,6,6.632
0.5,6,6.632631
0.5,4,6.633056
0.5,6,6.633685
0.5,4,6.634116
0.5,4,6.634546
0.5,4,6.634981
0.5,4,6.635412
0.5,10,6.636436
0.5,4,6.636866
0.5,4,6.637292
0.5,6,6.637919
0.5,10,6.638945
0.5,4,6.639374
0.5,4,6.639806
0.5,4,6.640238
0.5,4,6.640666
0.5,4,6.641097
0.5,6,6.641728
0.5,6,6.642352
0.5,10,6.643382
0.5,4,6.643817
0.5,4,6.644248
0.5,4,6.644681
0.5,4,6.645108
0.5,6,6.645739
0.5,6,6.646368
0.5,4,6.646799
0.5,4,6.647233
0.5,4,6.647663
0.5,4,6.648092
0.5,4,6.648523
0.5,4,6.64895
0.5,4,6.64938
0.5,4,6.649807
0.5,8,6.650633
0.5,4,6.651066
0.5,4,6.651499
0.5,4,6.651928
0.5,6,6.652556
0.5,4,6.653259
0.5,4,6.653695
0.5,4,6.654129
0.5,4,6.654562
0.5,4,6.654999
0.5,4,6.655427
0.5,4,6.655856
0.5,4,6.656285
0.5,4,6.656716
0.5,4,6.657146
0.5,4,6.657576
0.5,6,6.658199
0.5,4,6.658631
0.5,6,6.65926
0.5,4,6.65969
0.5,4,6.660119
0.5,4,6.660546
0.5,6,6.661175
0.5,4,6.661602
0.5,4,6.66203
0.5,8,6.66286
0.5,6,6.663526
0.5,4,6.663957
0.5,6,6.664589
0.5,4,6.665046
0.5,4,6.665489
0.5,4,6.665921
0.5,4,6.666351
0.5,4,6.66678
0.5,6,6.667413
0.5,4,6.667845
0.5,4,6.668273
0.5,6,6.668902
0.5,6,6.669605
0.5,4,6.670038
0.5,4,6.670535
0.5,4,6.670967
0.5,6,6.671596
0.5,6,6.672229
0.5,4,6.67266
0.5,4,6.673085
0.5,6,6.673715
0.5,4,6.674144
0.5,4,6.674576
0.5,4,6.675013
0.5,4,6.675477
0.5,4,6.675908
0.5,8,6.676734
0.5,4,6.677166
0.5,4,6.677597
0.5,6,6.678226
0.5,4,6.678692
0.5,4,6.679161
0.5,4,6.679592
0.5,4,6.680013
0.5,4,6.680444
0.5,6,6.681109
0.5,4,6.681542
0.5,4,6.681973
0.5,4,6.682403
0.5,4,6.682853
0.5,4,6.683298
0.5,6,6.683927
0.5,4,6.684356
0.5,4,6.684788
0.5,4,6.685217
0.5,4,6.685648
0.5,4,6.686077
0.5,4,6.686508
0.5,4,6.686941
0.5,4,6.687374
0.5,4,6.687804
0.5,4,6.688236
0.5,6,6.688864
0.5,4,6.68929
0.5,4,6.689721
0.5,4,6.69015
0.5,4,6.690605
0.5,4,6.691093
0.5,8,6.69199
0.5,4,6.692423
0.5,6,6.693055
0.5,4,6.693482
0.5,4,6.693908
0.5,4,6.69434
0.5,4,6.69477
0.5,4,6.69524
0.5,4,6.695672
0.5,10,6.696699
0.5,4,6.697131
0.5,6,6.697793
0.5,4,6.698254
0.5,4,6.698686
0.5,4,6.699122
0.5,4,6.699554
0.5,4,6.699984
0.5,6,6.700612
0.5,4,6.701042
0.5,6,6.701667
0.5,4,6.702095
0.5,6,6.702724
0.5,4,6.703195
0.5,6,6.703823
0.5,4,6.704253
0.5,6,6.704882
0.5,4,6.705313
0.5,4,6.705743
0.5,9,6.706664
0.5,6,6.707294
0.5,4,6.707726
0.5,4,6.708152
0.5,4,6.708582
0.5,4,6.709013
0.5,4,6.709439
0.5,4,6.709865
0.5,4,6.710294
0.5,4,6.710721
0.5,6,6.711357
0.5,4,6.711792
0.5,4,6.712222
0.5,4,6.712653
0.5,9,6.713579
0.5,4,6.714011
0.5,4,6.714441
0.5,4,6.714874
0.5,4,6.715305
0.5,4,6.715732
0.5,6,6.716362
0.5,4,6.716791
0.5,6,6.717415
0.5,4,6.717843
0.5,4,6.718274
0.5,4,6.718697
0.5,4,6.719129
0.5,6,6.719754
0.5,6,6.720383
0.5,4,6.720813
0.5,6,6.721442
0.5,4,6.721877
0.5,4,6.722309
0.5,4,6.722737
0.5,4,6.72317
0.5,4,6.723601
0.5,6,6.724224
0.5,4,6.724649
0.5,4,6.725076
0.5,4,6.725537
0.5,4,6.725966
0.5,4,6.726396
0.5,8,6.727227
0.5,4,6.727656
0.5,4,6.728084
0.5,4,6.728507
0.5,4,6.728931
0.5,4,6.729359
0.5,4,6.729821
0.5,4,6.730248
0.5,4,6.730679
0.5,4,6.731111
0.5,4,6.73154
0.5,4,6.731968
0.5,4,6.732398
0.5,4,6.732827
0.5,4,6.733256
0.5,4,6.733688
0.5,6,6.734317
0.5,6,6.734951
0.5,4,6.735378
0.5,6,6.736003
0.5,4,6.73643
0.5,4,6.736857
0.5,4,6.737288
0.5,6,6.737918
0.5,4,6.738345
0.5,4,6.738769
0.5,6,6.739398
0.5,4,6.739831
0.5,4,6.740259
0.5,4,6.740731
0.5,6,6.741362
0.5,4,6.741795
0.5,6,6.74242
0.5,4,6.742851
0.5,4,6.743284
0.5,4,6.743713
0.5,4,6.74414
0.5,4,6.74457
0.5,4,6.744997
0.5,7,6.745726
0.5,6,6.746346
0.5,4,6.746773
0.5,7,6.74764
0.5,6,6.748269
0.5,4,6.7487
0.5,4,6.749127
0.5,4,6.749556
0.5,4,6.749982
0.5,4,6.750412
0.5,4,6.750845
0.5,6,6.751471
0.5,4,6.751901
0.5,4,6.752331
0.5,4,6.752764
0.5,6,6.753461
0.5,4,6.75389
0.5,4,6.75432
0.5,4,6.754746
0.5,4,6.755176
0.5,4,6.755604
0.5,4,6.756032
0.5,4,6.756462
0.5,4,6.756889
0.5,4,6.757318
0.5,6,6.757948
0.5,8,6.758773
0.5,6,6.759444
0.5,4,6.759876
0.5,4,6.760302
0.5,4,6.760937
0.5,4,6.761373
0.5,4,6.761798
0.5,4,6.762227
0.5,6,6.762893
0.5,4,6.763325
0.5,4,6.763757
0.5,4,6.764187
0.5,4,6.764616
0.5,4,6.765045
0.5,4,6.765476
0.5,4,6.765905
0.5,6,6.766537
0.5,4,6.766973
0.5,4,6.767405
0.5,4,6.767835
0.5,4,6.768264
0.5,8,6.76909
0.5,4,6.769521
0.5,4,6.769946
0.5,4,6.770376
0.5,4,6.770807
0.5,4,6.771274
0.5,4,6.771704
0.5,4,6.772133
0.5,4,6.772561
0.5,4,6.77299
0.5,4,6.773421
0.5,4,6.77385
0.5,4,6.774279
0.5,4,6.774709
0.5,4,6.775141
0.5,4,6.775571
0.5,4,6.776
0.5,4,6.776427
0.5,4,6.776855
0.5,4,6.777284
0.5,4,6.777714
0.5,6,6.778374
0.5,4,6.778879
0.5,4,6.779361
0.5,4,6.779794
0.5,4,6.780293
0.5,4,6.780724
0.5,4,6.781151
0.5,4,6.781583
0.5,6,6.782208
0.5,4,6.782635
0.5,4,6.783103
0.5,4,6.783534
0.5,8,6.784364
0.5,4,6.784794
0.5,4,6.785257
0.5,4,6.785684
0.5,4,6.786112
0.5,4,6.786576
0.5,4,6.787031
0.5,6,6.787679
0.5,4,6.78811
0.5,8,6.788938
0.5,4,6.789364
0.5,6,6.789992
0.5,6,6.790619
0.5,4,6.791094
0.5,4,6.791526
0.5,6,6.792154
0.5,4,6.792584
0.5,4,6.793012
0.5,8,6.793841
0.5,4,6.794273
0.5,4,6.794703
0.5,6,6.795336
0.5,4,6.795768
0.5,4,6.796198
0.5,4,6.796623
0.5,4,6.797054
0.5,4,6.797483
0.5,4,6.797915
0.5,4,6.798342
0.5,4,6.798772
0.5,6,6.799427
0.5,4,6.799913
0.5,4,6.800341
0.5,4,6.80084
0.5,4,6.801269
0.5,4,6.8017
0.5,4,6.802131
0.5,6,6.802758
0.5,4,6.803193
0.5,4,6.803627
0.5,4,6.804059
0.5,4,6.804489
0.5,4,6.804918
0.5,4,6.805349
0.5,4,6.805774
0.5,6,6.806401
0.5,4,6.806866
0.5,4,6.807297
0.5,4,6.807728
0.5,4,6.808159
0.5,4,6.808589
0.5,8,6.809411
0.5,4,6.809839
0.5,8,6.810659
0.5,6,6.81129
0.5,4,6.811721
0.5,4,6.81215
0.5,4,6.812582
0.5,6,6.81324
0.5,4,6.81367
0.5,4,6.814097
0.5,4,6.814517
0.5,4,6.814949
0.5,4,6.815378
0.5,4,6.815809
0.5,6,6.81648
0.5,8,6.817306
0.5,4,6.817737
0.5,4,6.818168
0.5,4,6.818598
0.5,4,6.819067
0.5,4,6.819496
0.5,6,6.820129
0.5,4,6.820557
0.5,4,6.82099
0.5,4,6.821423
0.5,4,6.821854
0.5,4,6.822286
0.5,10,6.823354
0.5,6,6.824021
0.5,4,6.824454
0.5,4,6.824886
0.5,4,6.825315
0.5,6,6.825943
0.5,4,6.82637
0.5,4,6.826796
0.5,6,6.82743
0.5,6,6.828058
0.5,4,6.828489
0.5,4,6.828919
0.5,4,6.829349
0.5,4,6.829777
0.5,4,6.830207
0.5,6,6.83084
0.5,4,6.831276
0.5,8,6.832107
0.5,4,6.832538
0.5,4,6.832969
0.5,4,6.833401
0.5,4,6.833831
0.5,6,6.834459
0.5,4,6.834891
0.5,4,6.835321
0.5,6,6.835953
0.5,4,6.836383
0.5,4,6.836812
0.5,8,6.837644
0.5,4,6.838073
0.5,4,6.838504
0.5,4,6.838941
0.5,4,6.839373
0.5,4,6.839803
0.5,4,6.840233
0.5,4,6.840662
0.5,6,6.841291
0.5,4,6.841721
0.5,4,6.842152
0.5,4,6.842582
0.5,4,6.843015
0.5,4,6.843446
0.5,4,6.843874
0.5,4,6.844306
0.5,4,6.844736
0.5,4,6.845163
0.5,4,6.845594
0.5,6,6.846225
0.5,4,6.846657
0.5,6,6.847288
0.5,4,6.847719
0.5,4,6.84815
0.5,4,6.848579
0.5,4,6.849011
0.5,4,6.84944
0.5,4,6.84987
0.5,4,6.850406
0.5,4,6.850841
0.5,4,6.851273
0.5,4,6.851702
0.5,4,6.852133
0.5,4,6.852562
0.5,4,6.852989
0.5,4,6.853419
0.5,6,6.854088
0.5,4,6.854522
0.5,4,6.854957
0.5,4,6.855389
0.5,6,6.85602
0.5,4,6.856451
0.5,4,6.856882
0.5,4,6.857313
0.5,4,6.857744
0.5,4,6.858174
0.5,6,6.858809
0.5,4,6.859243
0.5,4,6.859674
0.5,4,6.860105
0.5,4,6.860538
0.5,4,6.860969
0.5,4,6.861398
0.5,4,6.86183
0.5,6,6.862461
0.5,4,6.862896
0.5,4,6.863329
0.5,4,6.86376
0.5,6,6.864394
0.5,4,6.864823
0.5,4,6.865254
0.5,4,6.865685
0.5,6,6.866313
0.5,4,6.866742
0.5,4,6.867176
0.5,4,6.867605
0.5,4,6.868035
0.5,4,6.868649
0.5,4,6.869111
0.5,4,6.869545
0.5,4,6.869977
0.5,4,6.870405
0.5,6,6.871076
0.5,4,6.87151
0.5,6,6.872143
0.5,6,6.872772
0.5,4,6.873203
0.5,7,6.873929
0.5,4,6.874357
0.5,4,6.874788
0.5,4,6.875223
0.5,6,6.875853
0.5,6,6.876484
0.5,4,6.876912
0.5,4,6.87734
0.5,4,6.877769
0.5,6,6.878399
0.5,4,6.878853
0.5,4,6.879332
0.5,4,6.879762
0.5,4,6.880192
0.5,6,6.880818
0.5,4,6.881246
0.5,4,6.881673
0.5,4,6.882101
0.5,4,6.882529
0.5,8,6.883359
0.5,6,6.883986
0.5,4,6.884414
0.5,4,6.88484
0.5,4,6.885271
0.5,4,6.885699
0.5,4,6.886127
0.5,4,6.886554
0.5,4,6.887061
0.5,6,6.887695
0.5,4,6.888195
0.5,4,6.888624
0.5,6,6.889251
0.5,4,6.889683
0.5,4,6.890108
0.5,4,6.890538
0.5,4,6.890974
0.5,4,6.891402
0.5,4,6.891871
0.5,4,6.892304
0.5,6,6.892966
0.5,4,6.893395
0.5,4,6.893825
0.5,4,6.894289
0.5,4,6.894714
0.5,4,6.895183
0.5,4,6.895613
0.5,4,6.896042
0.5,4,6.896473
0.5,4,6.8969
0.5,4,6.897331
0.5,4,6.89776
0.5,4,6.898189
0.5,4,6.898617
0.5,4,6.899094
0.5,6,6.899724
0.5,4,6.900152
0.5,4,6.900583
0.5,4,6.901013
0.5,4,6.901442
0.5,4,6.901873
0.5,4,6.902301
0.5,4,6.90273
0.5,4,6.903206
0.5,4,6.903641
0.5,4,6.904108
0.5,4,6.904536
0.5,4,6.904968
0.5,6,6.905597
0.5,4,6.906028
0.5,4,6.906456
0.5,4,6.906922
0.5,6,6.907591
0.5,8,6.908423
0.5,4,6.908853
0.5,4,6.90934
0.5,4,6.909784
0.5,8,6.910681
0.5,4,6.911112
0.5,4,6.911543
0.5,6,6.91217
0.5,4,6.9126
0.5,4,6.913027
0.5,6,6.913654
0.5,4,6.914083
0.5,6,6.914712
0.5,4,6.915148
0.5,6,6.915777
0.5,4,6.916207
0.5,4,6.916673
0.5,4,6.917103
0.5,6,6.917734
0.5,6,6.918363
0.5,6,6.918989
0.5,4,6.919417
0.5,4,6.919846
0.5,4,6.920276
0.5,4,6.920703
0.5,4,6.921134
0.5,10,6.922162
0.5,6,6.922789
0.5,4,6.923222
0.5,4,6.923653
0.5,4,6.924114
0.5,4,6.924543
0.5,6,6.925174
0.5,4,6.925605
0.5,6,6.926232
0.5,4,6.926661
0.5,4,6.927133
0.5,4,6.927566
0.5,6,6.928198
0.5,6,6.928828
0.5,4,6.929259
0.5,4,6.929736
0.5,4,6.93016
0.5,6,6.930789
0.5,4,6.93126
0.5,4,6.93169
0.5,4,6.93212
0.5,8,6.932954
0.5,4,6.933384
0.5,4,6.933813
0.5,4,6.934241
0.5,4,6.93467
0.5,4,6.93514
0.5,4,6.935572
0.5,4,6.936034
0.5,6,6.936665
0.5,6,6.937294
0.5,4,6.937724
0.5,6,6.938522
0.5,4,6.93899
0.5,6,6.93962
0.5,6,6.94025
0.5,4,6.940681
0.5,4,6.941108
0.5,4,6.941533
0.5,4,6.941962
0.5,4,6.942392
0.5,4,6.942827
0.5,4,6.943255
0.5,6,6.943888
0.5,4,6.94432
0.5,4,6.944751
0.5,4,6.945185
0.5,6,6.94581
0.5,4,6.946241
0.5,4,6.946672
0.5,8,6.947505
0.5,4,6.947937
0.5,4,6.948368
0.5,4,6.948798
0.5,4,6.949228
0.5,4,6.949656
0.5,4,6.950085
0.5,4,6.950514
0.5,6,6.951183
0.5,4,6.951616
0.5,4,6.952047
0.5,6,6.952675
0.5,4,6.953104
0.5,4,6.953526
0.5,6,6.95419
0.5,4,6.954782
0.5,4,6.95523
0.5,4,6.955662
0.5,4,6.956093
0.5,4,6.956524
0.5,4,6.956955
0.5,8,6.957782
0.5,6,6.958414
0.5,4,6.958848
0.5,4,6.959283
0.5,4,6.959708
0.5,4,6.960138
0.5,4,6.96057
0.5,4,6.960999
0.5,4,6.96143
0.5,4,6.961863
0.5,4,6.962293
0.5,4,6.962718
0.5,4,6.963153
0.5,6,6.963782
0.5,4,6.964211
0.5,4,6.964638
0.5,8,6.965459
0.5,4,6.965891
0.5,4,6.96632
0.5,4,6.966748
0.5,4,6.967183
0.5,4,6.967707
0.5,4,6.96814
0.5,4,6.968569
0.5,4,6.968996
0.5,4,6.969425
0.5,6,6.970057
0.5,6,6.97068
0.5,4,6.971118
0.5,4,6.971552
0.5,4,6.971981
0.5,4,6.972411
0.5,4,6.972843
0.5,4,6.973273
0.5,6,6.973902
0.5,4,6.974335
0.5,4,6.974767
0.5,4,6.975204
0.5,4,6.975636
0.5,4,6.976067
0.5,4,6.976497
0.5,4,6.977134
0.5,4,6.977571
0.5,4,6.978
0.5,7,6.978728
0.5,6,6.979403
0.5,4,6.979834
0.5,4,6.980263
0.5,8,6.981091
0.5,8,6.981916
0.5,4,6.982344
0.5,4,6.982774
0.5,4,6.983219
0.5,7,6.983952
0.5,4,6.984385
0.5,4,6.984817
0.5,4,6.985253
0.5,4,6.985685
0.5,4,6.986117
0.5,8,6.986953
0.5,4,6.98742
0.5,4,6.987851
0.5,6,6.988483
0.5,4,6.988914
0.5,4,6.989344
0.5,4,6.989772
0.5,10,6.9908
0.5,4,6.99124
0.5,4,6.991674
0.5,6,6.992301
0.5,4,6.992729
0.5,4,6.993158
0.5,4,6.993588
0.5,4,6.994019
0.5,4,6.994446
0.5,4,6.994879
0.5,4,6.995311
0.5,4,6.995742
0.5,4,6.996171
0.5,8,6.99705
0.5,7,6.997831
0.5,4,6.998325
0.5,4,6.998753
0.5,4,6.999227
0.5,4,6.999661
0.5,4,7.00009
0.5,4,7.000521
0.5,4,7.000952
0.5,4,7.001382
0.5,4,7.001809
0.5,4,7.002241
0.5,10,7.003448
0.5,4,7.003914
0.5,4,7.004341
0.5,6,7.004972
0.5,4,7.00551
0.5,4,7.005941
0.5,4,7.006368
0.5,6,7.007003
0.5,4,7.007436
0.5,4,7.007866
0.5,4,7.008298
0.5,8,7.009128
0.5,9,7.010055
0.5,4,7.010487
0.5,4,7.010922
0.5,4,7.011353
0.5,6,7.011978
0.5,4,7.012407
0.5,4,7.012836
0.5,4,7.013268
0.5,4,7.0137
0.5,4,7.014127
0.5,4,7.014553
0.5,4,7.015024
0.5,4,7.015459
0.5,4,7.015887
0.5,8,7.016713
0.5,4,7.017144
0.5,4,7.017576
0.5,4,7.018008
0.5,4,7.018497
0.5,4,7.018969
0.5,4,7.019417
0.5,4,7.019917
0.5,6,7.020548
0.5,6,7.021179
0.5,8,7.022011
0.5,4,7.022443
0.5,4,7.022877
0.5,4,7.02331
0.5,6,7.023939
0.5,4,7.024371
0.5,4,7.024804
0.5,4,7.025237
0.5,8,7.026066
0.5,4,7.026497
0.5,4,7.026932
0.5,6,7.027566
0.5,4,7.028003
0.5,6,7.028635
0.5,6,7.029269
0.5,4,7.029702
0.5,4,7.030133
0.5,4,7.030564
0.5,4,7.031038
0.5,4,7.031469
0.5,4,7.0319
0.5,4,7.032332
0.5,4,7.032765
0.5,4,7.033196
0.5,6,7.03383
0.5,4,7.034264
0.5,4,7.034697
0.5,6,7.035328
0.5,8,7.036155
0.5,6,7.036783
0.5,4,7.037217
0.5,6,7.037848
0.5,4,7.03828
0.5,6,7.038913
0.5,6,7.039577
0.5,4,7.040009
0.5,4,7.040437
0.5,4,7.040869
0.5,4,7.041301
0.5,4,7.041734
0.5,4,7.042164
0.5,6,7.042795
0.5,4,7.043345
0.5,4,7.043776
0.5,4,7.044209
0.5,4,7.044638
0.5,4,7.045066
0.5,4,7.045494
0.5,6,7.046127
0.5,4,7.046557
0.5,4,7.047029
0.5,4,7.047459
0.5,4,7.047892
0.5,4,7.048326
0.5,4,7.048754
0.5,4,7.049185
0.5,6,7.049817
0.5,4,7.050251
0.5,6,7.050919
0.5,4,7.051352
0.5,4,7.051784
0.5,4,7.052215
0.5,4,7.052648
0.5,6,7.053278
0.5,4,7.05371
0.5,4,7.054142
0.5,4,7.054573
0.5,4,7.055007
0.5,4,7.05544
0.5,4,7.055872
0.5,4,7.0563
0.5,6,7.05693
0.5,4,7.057361
0.5,4,7.057792
0.5,4,7.058223
0.5,8,7.059051
0.5,4,7.059485
0.5,4,7.059916
0.5,4,7.060348
0.5,6,7.060982
0.5,4,7.061413
0.5,4,7.061849
0.5,4,7.062281
0.5,6,7.062917
0.5,4,7.063351
0.5,4,7.063783
0.5,6,7.064416
0.5,4,7.064847
0.5,4,7.065279
0.5,4,7.065711
0.5,6,7.066341
0.5,6,7.066975
0.5,6,7.06761
0.5,6,7.068241
0.5,4,7.068672
0.5,4,7.069102
0.5,4,7.069532
0.5,4,7.069961
0.5,4,7.070389
0.5,4,7.070824
0.5,4,7.071257
0.5,4,7.071688
0.5,4,7.072119
0.5,4,7.072551
0.5,4,7.072981
0.5,9,7.073906
0.5,4,7.074337
0.5,4,7.074767
0.5,4,7.0752
0.5,4,7.075633
0.5,4,7.076068
0.5,4,7.076497
0.5,4,7.076927
0.5,4,7.077355
0.5,6,7.077986
0.5,4,7.078419
0.5,4,7.078854
0.5,4,7.079285
0.5,4,7.079716
0.5,4,7.080147
0.5,6,7.080872
0.5,4,7.081306
0.5,4,7.081738
0.5,6,7.082368
0.5,4,7.0828
0.5,4,7.083272
0.5,4,7.083701
0.5,4,7.084129
0.5,4,7.084559
0.5,6,7.085401
0.5,4,7.085832
0.5,6,7.086463
0.5,4,7.086934
0.5,6,7.087564
0.5,4,7.087995
0.5,4,7.088427
0.5,4,7.088859
0.5,4,7.089289
0.5,4,7.089774
0.5,4,7.090254
0.5,4,7.090687
0.5,4,7.091221
0.5,4,7.091656
0.5,4,7.092088
0.5,8,7.092914
0.5,4,7.093347
0.5,6,7.093972
0.5,4,7.094402
0.5,4,7.094875
0.5,4,7.095307
0.5,4,7.095754
0.5,4,7.096276
0.5,4,7.096739
0.5,4,7.09717
0.5,6,7.097801
0.5,4,7.098231
0.5,6,7.09886
0.5,4,7.099295
0.5,6,7.099928
0.5,4,7.100359
0.5,4,7.10079
0.5,8,7.101616
0.5,4,7.102047
0.5,4,7.102477
0.5,8,7.103312
0.5,4,7.103745
0.5,4,7.104173
0.5,4,7.104602
0.5,4,7.105034
0.5,4,7.105464
0.5,6,7.106091
0.5,4,7.106522
0.5,8,7.107356
0.5,6,7.107991
0.5,4,7.108423
0.5,4,7.108852
0.5,6,7.109484
0.5,4,7.109914
0.5,8,7.110741
0.5,7,7.111582
0.5,4,7.112019
0.5,6,7.112718
0.5,4,7.113148
0.5,4,7.113579
0.5,7,7.11431
0.5,4,7.114742
0.5,6,7.115447
0.5,4,7.115881
0.5,4,7.116313
0.5,6,7.116943
0.5,4,7.117372
0.5,7,7.118099
0.5,4,7.118558
0.5,4,7.119013
0.5,4,7.11948
0.5,6,7.12011
0.5,4,7.120536
0.5,4,7.120967
0.5,4,7.121429
0.5,4,7.121857
0.5,4,7.122283
0.5,4,7.122712
0.5,6,7.123381
0.5,4,7.123813
0.5,4,7.124241
0.5,4,7.12467
0.5,4,7.125098
0.5,4,7.125529
0.5,4,7.125959
0.5,6,7.126591
0.5,4,7.127026
0.5,4,7.127456
0.5,4,7.127887
0.5,4,7.128316
0.5,4,7.128745
0.5,4,7.129174
0.5,4,7.129604
0.5,4,7.130031
0.5,6,7.130657
0.5,4,7.131091
0.5,4,7.131524
0.5,8,7.132411
0.5,4,7.132891
0.5,4,7.133318
0.5,4,7.133817
0.5,8,7.134678
0.5,4,7.135112
0.5,6,7.135743
0.5,4,7.136177
0.5,6,7.136805
0.5,4,7.137235
0.5,4,7.137661
0.5,4,7.13809
0.5,8,7.138924
0.5,4,7.139356
0.5,4,7.139787
0.5,4,7.14022
0.5,4,7.140652
0.5,8,7.14148
0.5,4,7.14191
0.5,4,7.142338
0.5,4,7.142768
0.5,4,7.143203
0.5,6,7.143869
0.5,4,7.144296
0.5,4,7.144727
0.5,4,7.145157
0.5,4,7.145586
0.5,6,7.146207
0.5,4,7.146637
0.5,6,7.147308
0.5,4,7.14774
0.5,4,7.148171
0.5,4,7.148601
0.5,4,7.149031
0.5,6,7.149661
0.5,4,7.15009
0.5,4,7.150555
0.5,4,7.150988
0.5,4,7.151417
0.5,4,7.151845
0.5,4,7.152272
0.5,4,7.1527
0.5,4,7.153131
0.5,6,7.153792
0.5,6,7.154422
0.5,4,7.154855
0.5,4,7.155287
0.5,6,7.155917
0.5,4,7.156455
0.5,4,7.156887
0.5,4,7.157316
0.5,4,7.157746
0.5,4,7.158174
0.5,4,7.158604
0.5,4,7.159076
0.5,4,7.159506
0.5,6,7.160136
0.5,4,7.160567
0.5,4,7.160995
0.5,4,7.161425
0.5,4,7.161857
0.5,4,7.162285
0.5,4,7.162714
0.5,6,7.163345
0.5,6,7.163978
0.5,4,7.164412
0.5,4,7.164845
0.5,6,7.165477
0.5,4,7.165908
0.5,4,7.166341
0.5,4,7.166768
0.5,4,7.167236
0.5,4,7.167668
0.5,4,7.1681
0.5,4,7.168529
0.5,8,7.169356
0.5,4,7.169784
0.5,4,7.170213
0.5,4,7.170645
0.5,6,7.171273
0.5,4,7.171707
0.5,4,7.172137
0.5,4,7.172566
0.5,4,7.172997
0.5,4,7.173429
0.5,6,7.174058
0.5,4,7.174485
0.5,6,7.175165
0.5,4,7.175598
0.5,4,7.176026
0.5,4,7.176455
0.5,6,7.177122
0.5,4,7.177555
0.5,4,7.177987
0.5,4,7.178413
0.5,4,7.178845
0.5,6,7.179478
0.5,4,7.179906
0.5,4,7.180336
0.5,4,7.180765
0.5,4,7.181194
0.5,4,7.181622
0.5,4,7.182048
0.5,6,7.182678
0.5,4,7.183114
0.5,8,7.183939
0.5,4,7.18437
0.5,4,7.184803
0.5,4,7.185234
0.5,4,7.185664
0.5,4,7.186095
0.5,4,7.186525
0.5,8,7.187358
0.5,4,7.187791
0.5,4,7.188223
0.5,4,7.188655
0.5,6,7.189288
0.5,4,7.18972
0.5,4,7.190149
0.5,6,7.190776
0.5,6,7.191406
0.5,4,7.191838
0.5,4,7.192267
0.5,4,7.192696
0.5,4,7.193128
0.5,6,7.193992
0.5,4,7.19451
0.5,6,7.195181
0.5,6,7.195835
0.5,4,7.196275
0.5,4,7.196714
0.5,6,7.197364
0.5,4,7.197812
0.5,6,7.198464
0.5,6,7.199107
0.5,4,7.19954
0.5,10,7.200571
0.5,4,7.201005
0.5,6,7.201638
0.5,6,7.202272
0.5,4,7.202706
0.5,10,7.203743
0.5,4,7.204209
0.5,4,7.204641
0.5,4,7.205072
0.5,6,7.205705
0.5,4,7.206139
0.5,4,7.20657
0.5,8,7.2074
0.5,4,7.207831
0.5,4,7.208261
0.5,4,7.208687
0.5,4,7.209115
0.5,4,7.209545
0.5,4,7.209978
0.5,4,7.210406
0.5,4,7.210842
0.5,4,7.211274
0.5,4,7.211705
0.5,4,7.212135
0.5,6,7.212766
0.5,4,7.213197
0.5,4,7.213628
0.5,4,7.214062
0.5,4,7.214494
0.5,4,7.214931
0.5,6,7.215569
0.5,4,7.215999
0.5,4,7.216429
0.5,4,7.216861
0.5,4,7.217292
0.5,4,7.217722
0.5,4,7.218152
0.5,4,7.218581
0.5,4,7.219015
0.5,4,7.219464
0.5,4,7.219916
0.5,4,7.220379
0.5,4,7.22083
0.5,4,7.221272
0.5,4,7.2217
0.5,4,7.222163
0.5,6,7.222793
0.5,4,7.223228
0.5,4,7.223684
0.5,4,7.224128
0.5,4,7.224561
0.5,4,7.224992
0.5,6,7.225621
0.5,4,7.226054
0.5,4,7.22652
0.5,4,7.226985
0.5,4,7.227416
0.5,4,7.227847
0.5,4,7.228278
0.5,4,7.228709
0.5,6,7.229399
0.5,4,7.229919
0.5,4,7.230347
0.5,4,7.230846
0.5,4,7.23128
0.5,4,7.23171
0.5,4,7.232248
0.5,4,7.232677
0.5,4,7.233107
0.5,9,7.234036
0.5,4,7.234468
0.5,4,7.234906
0.5,4,7.235341
0.5,4,7.235772
0.5,6,7.236401
0.5,4,7.236831
0.5,4,7.237264
0.5,4,7.237695
0.5,4,7.238127
0.5,4,7.238557
0.5,4,7.238993
0.5,4,7.239424
0.5,4,7.239857
0.5,4,7.240289
0.5,6,7.24095
0.5,6,7.241578
0.5,4,7.242012
0.5,6,7.242642
0.5,4,7.243074
0.5,6,7.243706
0.5,4,7.244137
0.5,4,7.244571
0.5,6,7.245202
0.5,4,7.245633
0.5,4,7.246063
0.5,4,7.246491
0.5,6,7.247122
0.5,4,7.247555
0.5,8,7.248387
0.5,4,7.248818
0.5,6,7.249452
0.5,4,7.249883
0.5,6,7.250508
0.5,6,7.251174
0.5,4,7.251609
0.5,4,7.25204
0.5,4,7.252469
0.5,6,7.253095
0.5,4,7.253526
0.5,4,7.253958
0.5,4,7.254386
0.5,4,7.254818
0.5,4,7.255256
0.5,4,7.255688
0.5,4,7.256121
0.5,6,7.256752
0.5,4,7.257182
0.5,6,7.257809
0.5,4,7.258237
0.5,4,7.258665
0.5,4,7.259099
0.5,6,7.259734
0.5,4,7.260167
0.5,4,7.260597
0.5,6,7.261223
0.5,6,7.26185
0.5,4,7.262284
0.5,4,7.262716
0.5,4,7.263149
0.5,4,7.263583
0.5,4,7.264014
0.5,6,7.26468
0.5,4,7.265111
0.5,4,7.265541
0.5,4,7.265972
0.5,4,7.266402
0.5,6,7.267036
0.5,4,7.267468
0.5,4,7.267899
0.5,4,7.26833
0.5,4,7.268756
0.5,4,7.269185
0.5,6,7.269908
0.5,4,7.270355
0.5,4,7.270787
0.5,4,7.27122
0.5,4,7.271652
0.5,4,7.272081
0.5,4,7.272512
0.5,6,7.273146
0.5,4,7.273576
0.5,8,7.274403
0.5,4,7.274839
0.5,4,7.275275
0.5,4,7.275706
0.5,4,7.276136
0.5,4,7.276566
0.5,4,7.276997
0.5,4,7.277427
0.5,4,7.277856
0.5,4,7.27829
0.5,4,7.278723
0.5,4,7.279158
0.5,4,7.279592
0.5,4,7.280023
0.5,6,7.280651
0.5,6,7.28128
0.5,4,7.281714
0.5,8,7.282546
0.5,4,7.282982
0.5,6,7.283615
0.5,4,7.28405
0.5,4,7.284482
0.5,4,7.284912
0.5,4,7.285345
0.5,4,7.285775
0.5,4,7.286204
0.5,4,7.286633
0.5,6,7.287266
0.5,4,7.287702
0.5,6,7.288333
0.5,4,7.288762
0.5,4,7.289187
0.5,6,7.289811
0.5,4,7.290242
0.5,4,7.29067
0.5,4,7.291107
0.5,6,7.291736
0.5,4,7.292165
0.5,4,7.292595
0.5,4,7.293025
0.5,4,7.293459
0.5,6,7.294088
0.5,4,7.294518
0.5,4,7.294952
0.5,4,7.295386
0.5,4,7.295818
0.5,4,7.29625
0.5,4,7.29668
0.5,6,7.297304
0.5,6,7.297933
0.5,4,7.298363
0.5,4,7.29879
0.5,4,7.299226
0.5,4,7.299657
0.5,6,7.300289
0.5,4,7.300723
0.5,4,7.301153
0.5,4,7.301893
0.5,4,7.30233
0.5,4,7.302763
0.5,6,7.303433
0.5,4,7.303867
0.5,6,7.304498
0.5,4,7.304929
0.5,4,7.305361
0.5,6,7.305994
0.5,4,7.306427
0.5,4,7.306898
0.5,4,7.307331
0.5,4,7.307808
0.5,4,7.308241
0.5,6,7.30887
0.5,6,7.309503
0.5,4,7.309938
0.5,4,7.310373
0.5,4,7.3108
0.5,4,7.31123
0.5,7,7.31196
0.5,4,7.312427
0.5,6,7.313055
0.5,4,7.313488
0.5,6,7.31412
0.5,4,7.31455
0.5,6,7.315186
0.5,4,7.315622
0.5,4,7.316052
0.5,4,7.316482
0.5,4,7.316985
0.5,4,7.317416
0.5,4,7.317899
0.5,4,7.318344
0.5,4,7.318774
0.5,4,7.319209
0.5,4,7.319643
0.5,6,7.32027
0.5,4,7.3207
0.5,4,7.321131
0.5,4,7.321561
0.5,6,7.322192
0.5,6,7.322858
0.5,4,7.323294
0.5,4,7.323725
0.5,4,7.324156
0.5,4,7.324583
0.5,4,7.325016
0.5,4,7.325446
0.5,4,7.325877
0.5,4,7.32631
0.5,4,7.326739
0.5,4,7.327207
0.5,6,7.327841
0.5,4,7.328272
0.5,6,7.328897
0.5,4,7.32933
0.5,6,7.329952
0.5,6,7.330581
0.5,4,7.331014
0.5,4,7.331449
0.5,6,7.332076
0.5,4,7.332508
0.5,4,7.332938
0.5,4,7.333367
0.5,4,7.333798
0.5,4,7.334229
0.5,6,7.334861
0.5,7,7.335594
0.5,4,7.336025
0.5,4,7.336455
0.5,6,7.337105
0.5,6,7.337793
0.5,8,7.338655
0.5,4,7.339202
0.5,4,7.339633
0.5,4,7.340064
0.5,4,7.340496
0.5,4,7.340926
0.5,4,7.341356
0.5,4,7.341788
0.5,6,7.342416
0.5,4,7.342849
0.5,4,7.343282
0.5,6,7.343912
0.5,4,7.344341
0.5,4,7.344806
0.5,4,7.345238
0.5,4,7.345708
0.5,4,7.346137
0.5,6,7.346766
0.5,6,7.347401
0.5,4,7.347837
0.5,4,7.348267
0.5,4,7.348698
0.5,6,7.349328
0.5,6,7.349988
0.5,4,7.350419
0.5,6,7.351058
0.5,4,7.351493
0.5,4,7.351922
0.5,4,7.352353
0.5,4,7.352783
0.5,4,7.353212
0.5,4,7.353642
0.5,4,7.354072
0.5,4,7.354502
0.5,4,7.35494
0.5,4,7.355375
0.5,4,7.355806
0.5,4,7.356237
0.5,6,7.3569
0.5,4,7.357327
0.5,4,7.357759
0.5,8,7.358583
0.5,4,7.359019
0.5,4,7.359451
0.5,4,7.359884
0.5,4,7.360316
0.5,4,7.360749
0.5,4,7.361182
0.5,6,7.361842
0.5,4,7.362275
0.5,11,7.363409
0.5,4,7.363842
0.5,4,7.364274
0.5,8,7.365108
0.5,6,7.365741
0.5,6,7.366368
0.5,4,7.366799
0.5,4,7.367233
0.5,4,7.367666
0.5,4,7.368096
0.5,6,7.368724
0.5,4,7.369157
0.5,4,7.369591
0.5,8,7.370421
0.5,4,7.370858
0.5,6,7.371493
0.5,4,7.371924
0.5,4,7.372355
0.5,4,7.372785
0.5,4,7.373215
0.5,4,7.373647
0.5,4,7.374078
0.5,4,7.374508
0.5,4,7.374938
0.5,4,7.375372
0.5,4,7.375804
0.5,4,7.376234
0.5,4,7.376665
0.5,4,7.377097
0.5,4,7.377525
0.5,6,7.378157
0.5,4,7.378589
0.5,4,7.379024
0.5,4,7.379455
0.5,4,7.379889
0.5,6,7.38052
0.5,4,7.380954
0.5,6,7.381581
0.5,4,7.382013
0.5,4,7.382444
0.5,4,7.38288
0.5,4,7.383356
0.5,4,7.383782
0.5,6,7.384414
0.5,4,7.384844
0.5,4,7.385275
0.5,4,7.385704
0.5,4,7.386136
0.5,4,7.386565
0.5,4,7.387
0.5,4,7.387432
0.5,4,7.387863
0.5,6,7.388494
0.5,4,7.388927
0.5,6,7.389559
0.5,4,7.389988
0.5,4,7.390417
0.5,10,7.391444
0.5,4,7.391878
0.5,4,7.392306
0.5,8,7.393135
0.5,4,7.393566
0.5,4,7.393999
0.5,6,7.39463
0.5,4,7.395065
0.5,4,7.395497
0.5,4,7.395929
0.5,4,7.396358
0.5,6,7.39699
0.5,4,7.397424
0.5,4,7.397855
0.5,4,7.398286
0.5,4,7.398718
0.5,4,7.399154
0.5,4,7.399588
0.5,4,7.40002
0.5,4,7.400453
0.5,4,7.400882
0.5,4,7.401313
0.5,4,7.401744
0.5,4,7.402176
0.5,4,7.402611
0.5,4,7.403044
0.5,6,7.403679
0.5,4,7.40411
0.5,4,7.404541
0.5,4,7.404974
0.5,4,7.405406
0.5,4,7.405836
0.5,4,7.406267
0.5,4,7.406693
0.5,4,7.407126
0.5,6,7.407758
0.5,6,7.408391
0.5,4,7.408826
0.5,4,7.409258
0.5,6,7.410197
0.5,4,7.41063
0.5,6,7.411268
0.5,4,7.411702
0.5,4,7.412134
0.5,4,7.412564
0.5,4,7.412993
0.5,4,7.41342
0.5,4,7.413849
0.5,6,7.414473
0.5,8,7.415301
0.5,6,7.415934
0.5,4,7.416366
0.5,6,7.41699
0.5,6,7.417618
0.5,6,7.418242
0.5,6,7.418875
0.5,4,7.419308
0.5,4,7.419742
0.5,6,7.420406
0.5,10,7.421479
0.5,4,7.421914
0.5,4,7.422347
0.5,4,7.422778
0.5,4,7.423213
0.5,4,7.423645
0.5,4,7.424076
0.5,4,7.424505
0.5,6,7.425139
0.5,4,7.425602
0.5,4,7.426151
0.5,4,7.42658
0.5,4,7.427116
0.5,4,7.427545
0.5,4,7.427979
0.5,4,7.428411
0.5,6,7.429036
0.5,4,7.429466
0.5,4,7.429897
0.5,6,7.43053
0.5,6,7.431158
0.5,4,7.431589
0.5,4,7.432054
0.5,4,7.432483
0.5,4,7.432913
0.5,4,7.433345
0.5,6,7.433979
0.5,6,7.434609
0.5,4,7.435044
0.5,4,7.43551
0.5,8,7.436341
0.5,4,7.436774
0.5,4,7.437206
0.5,4,7.437635
0.5,4,7.438259
0.5,4,7.438923
0.5,4,7.439358
0.5,4,7.439788
0.5,4,7.440219
0.5,4,7.440652
0.5,4,7.441081
0.5,4,7.441512
0.5,4,7.441942
0.5,4,7.44237
0.5,4,7.442801
0.5,4,7.443239
0.5,4,7.443671
0.5,4,7.444101
0.5,4,7.444528
0.5,4,7.44496
0.5,4,7.445392
0.5,6,7.446025
0.5,4,7.446488
0.5,4,7.446955
0.5,8,7.447785
0.5,4,7.448243
0.5,4,7.448724
0.5,4,7.449156
0.5,4,7.449621
0.5,4,7.450086
0.5,6,7.450719
0.5,4,7.451233
0.5,4,7.451663
0.5,6,7.452296
0.5,7,7.453022
0.5,4,7.453451
0.5,4,7.453918
0.5,4,7.454649
0.5,4,7.455183
0.5,4,7.455653
0.5,4,7.456081
0.5,4,7.456513
0.5,6,7.457147
0.5,4,7.45758
0.5,4,7.458011
0.5,4,7.458441
0.5,4,7.458913
0.5,4,7.459346
0.5,4,7.459779
0.5,4,7.460212
0.5,4,7.460643
0.5,4,7.461076
0.5,4,7.461507
0.5,4,7.461936
0.5,4,7.46237
0.5,6,7.463051
0.5,6,7.463681
0.5,4,7.464145
0.5,4,7.464577
0.5,4,7.465009
0.5,4,7.465441
0.5,6,7.466075
0.5,4,7.466503
0.5,4,7.466977
0.5,6,7.467607
0.5,4,7.468039
0.5,4,7.46847
0.5,4,7.4689
0.5,4,7.469333
0.5,6,7.469965
0.5,4,7.470396
0.5,4,7.470828
0.5,4,7.471264
0.5,6,7.471896
0.5,4,7.472329
0.5,8,7.47316
0.5,6,7.474524
0.5,4,7.474966
0.5,4,7.475399
0.5,4,7.475832
0.5,6,7.476459
0.5,4,7.476891
0.5,4,7.477318
0.5,6,7.477942
0.5,6,7.478571
0.5,4,7.479008
0.5,4,7.479439
0.5,4,7.479872
0.5,4,7.480301
0.5,6,7.480934
0.5,4,7.481366
0.5,4,7.481794
0.5,6,7.482418
0.5,4,7.482852
0.5,4,7.483283
0.5,4,7.483715
0.5,4,7.484144
0.5,4,7.484571
0.5,4,7.485001
0.5,4,7.48543
0.5,6,7.486054
0.5,4,7.486485
0.5,4,7.48692
0.5,6,7.487556
0.5,6,7.488189
0.5,4,7.488619
0.5,4,7.489049
0.5,4,7.489477
0.5,4,7.489907
0.5,4,7.490335
0.5,6,7.490971
0.5,8,7.491794
0.5,4,7.492227
0.5,4,7.492659
0.5,4,7.49309
0.5,4,7.493521
0.5,4,7.493955
0.5,4,7.494386
0.5,6,7.495079
0.5,4,7.495513
0.5,4,7.495943
0.5,4,7.496375
0.5,4,7.496849
0.5,8,7.497679
0.5,4,7.498112
0.5,4,7.498543
0.5,4,7.498979
0.5,6,7.499608
0.5,4,7.500041
0.5,4,7.500469
0.5,4,7.5009
0.5,6,7.501528
0.5,4,7.501959
0.5,4,7.502388
0.5,4,7.502823
0.5,4,7.503256
0.5,6,7.503887
0.5,4,7.50432
0.5,4,7.504752
0.5,4,7.505183
0.5,4,7.505614
0.5,12,7.506856
0.5,4,7.507288
0.5,4,7.507717
0.5,7,7.508452
0.5,10,7.509484
0.5,4,7.509917
0.5,4,7.510349
0.5,4,7.510779
0.5,4,7.511215
0.5,6,7.511845
0.5,4,7.512274
0.5,4,7.512704
0.5,6,7.513335
0.5,4,7.513764
0.5,6,7.51439
0.5,8,7.515223
0.5,4,7.515657
0.5,4,7.516085
0.5,4,7.516514
0.5,4,7.516946
0.5,6,7.517572
0.5,4,7.518004
0.5,4,7.518431
0.5,4,7.518867
0.5,6,7.519754
0.5,4,7.520189
0.5,4,7.520624
0.5,4,7.521054
0.5,4,7.521483
0.5,4,7.521911
0.5,4,7.522341
0.5,4,7.522771
0.5,4,7.523207
0.5,6,7.523843
0.5,6,7.524477
0.5,4,7.524907
0.5,4,7.525339
0.5,4,7.525768
0.5,8,7.526592
0.5,4,7.527028
0.5,4,7.527462
0.5,8,7.52829
0.5,6,7.52892
0.5,6,7.529585
0.5,6,7.53025
0.5,7,7.530983
0.5,4,7.53142
0.5,4,7.531853
0.5,4,7.532284
0.5,4,7.532716
0.5,4,7.533144
0.5,4,7.533574
0.5,4,7.534004
0.5,4,7.534479
0.5,4,7.534919
0.5,6,7.535547
0.5,6,7.536181
0.5,4,7.536668
0.5,4,7.537149
0.5,6,7.537835
0.5,4,7.538283
0.5,7,7.539015
0.5,4,7.539449
0.5,4,7.53988
0.5,4,7.540311
0.5,4,7.540743
0.0,4,7.54117
0.5,6,7.541797
0.5,8,7.542655
0.5,4,7.543089
0.5,4,7.543522
0.5,4,7.543953
0.5,4,7.54438
0.5,4,7.544814
0.5,6,7.545479
0.5,6,7.54611
0.5,7,7.546845
0.5,4,7.547279
0.5,4,7.547712
0.5,4,7.548144
0.5,6,7.548778
0.5,4,7.54921
0.5,4,7.549641
0.5,4,7.550074
0.5,4,7.550506
0.5,4,7.550978
0.5,4,7.551411
0.5,4,7.55184
0.5,6,7.552464
0.5,4,7.552894
0.5,4,7.553324
0.5,4,7.553756
0.5,4,7.554186
0.5,4,7.554616
0.5,4,7.555052
0.5,6,7.555685
0.5,4,7.556114
0.5,4,7.556541
0.5,4,7.55697
0.5,4,7.557436
0.5,6,7.558065
0.5,6,7.558695
0.5,6,7.559372
0.5,4,7.559808
0.5,4,7.560263
0.5,4,7.560743
0.5,4,7.56117
0.5,4,7.561666
0.5,4,7.562094
0.5,4,7.562526
0.5,6,7.56316
0.5,4,7.563593
0.5,4,7.564024
0.5,4,7.564456
0.5,4,7.564891
0.5,4,7.565321
0.5,6,7.565954
0.5,6,7.566586
0.5,4,7.567019
0.5,4,7.567486
0.5,8,7.568319
0.5,4,7.568751
0.5,6,7.569379
0.5,4,7.569807
0.5,4,7.570239
0.5,4,7.570672
0.5,6,7.571301
0.5,8,7.572158
0.5,6,7.572813
0.5,6,7.573447
0.5,4,7.57388
0.5,4,7.574312
0.5,4,7.574778
0.5,6,7.575411
0.5,4,7.575843
0.5,4,7.576272
0.5,6,7.576905
0.5,4,7.577335
0.5,6,7.577964
0.5,4,7.578399
0.5,4,7.578831
0.5,4,7.579263
0.5,4,7.579695
0.5,4,7.580124
0.5,4,7.580555
0.5,4,7.580983
0.5,7,7.58171
0.5,4,7.582141
0.5,6,7.582775
0.5,4,7.58321
0.5,4,7.583643
0.5,4,7.58407
0.5,4,7.584502
0.5,4,7.584933
0.5,4,7.585364
0.5,6,7.586001
0.5,4,7.586432
0.5,4,7.586905
0.5,8,7.587738
0.5,4,7.588171
0.5,6,7.588805
0.5,4,7.589235
0.5,4,7.589666
0.5,4,7.590095
0.5,4,7.590525
0.5,4,7.590961
0.5,6,7.591593
0.5,4,7.592021
0.5,4,7.592452
0.5,4,7.592883
0.5,4,7.593316
0.5,4,7.593749
0.5,4,7.59418
0.5,4,7.594612
0.5,6,7.595247
0.5,4,7.59568
0.5,6,7.596313
0.5,6,7.596945
0.5,4,7.597373
0.5,4,7.597804
0.5,4,7.598236
0.5,4,7.598667
0.5,4,7.599099
0.5,4,7.59953
0.5,4,7.59996
0.5,6,7.600589
0.5,4,7.60102
0.5,4,7.60145
0.5,4,7.60188
0.5,4,7.602311
0.5,4,7.602741
0.5,4,7.603173
0.5,4,7.603606
0.5,4,7.604036
0.5,6,7.604664
0.5,4,7.605096
0.5,4,7.605529
0.5,4,7.605953
0.5,4,7.606378
0.5,4,7.606814
0.5,4,7.607246
0.5,4,7.607675
0.5,6,7.608305
0.5,4,7.608737
0.5,4,7.60917
0.5,6,7.609804
0.5,4,7.61028
0.5,4,7.610714
0.5,4,7.611151
0.5,4,7.611583
0.5,6,7.612215
0.5,4,7.612647
0.5,4,7.613076
0.5,6,7.613705
0.5,8,7.614539
0.5,4,7.614978
0.5,4,7.615413
0.5,4,7.615948
0.5,6,7.616581
0.5,4,7.617012
0.5,4,7.617445
0.5,4,7.617876
0.5,4,7.618309
0.5,6,7.618945
0.5,4,7.619379
0.5,4,7.619811
0.5,4,7.620244
0.5,4,7.620672
0.5,7,7.621402
0.5,4,7.621835
0.5,6,7.622468
0.5,4,7.622892
0.5,4,7.623328
0.5,4,7.623759
0.5,6,7.624388
0.5,4,7.624819
0.5,4,7.625251
0.5,4,7.625684
0.5,4,7.626112
0.5,4,7.626545
0.5,4,7.627131
0.5,4,7.627649
0.5,4,7.628079
0.5,4,7.62851
0.5,4,7.628938
0.5,4,7.629368
0.5,4,7.629797
0.5,4,7.630225
0.5,4,7.630656
0.5,6,7.631293
0.5,6,7.631931
0.5,4,7.632362
0.5,4,7.632793
0.5,6,7.633425
0.5,8,7.634255
0.5,4,7.634687
0.5,4,7.635123
0.5,4,7.635554
0.5,4,7.635983
0.5,4,7.636412
0.5,4,7.636844
0.5,6,7.637476
0.5,6,7.638139
0.5,6,7.638766
0.5,6,7.6394
0.5,4,7.639832
0.5,4,7.640263
0.5,4,7.640696
0.5,4,7.641127
0.5,4,7.641557
0.5,6,7.642188
0.5,4,7.642619
0.5,4,7.643058
0.5,6,7.64369
0.5,8,7.64452
0.5,6,7.645155
0.5,4,7.645588
0.5,4,7.646019
0.5,4,7.646449
0.5,6,7.647081
0.5,4,7.647518
0.5,6,7.648306
0.5,4,7.648789
0.5,6,7.649439
0.5,4,7.649921
0.5,6,7.650548
0.5,4,7.651021
0.5,4,7.65145
0.5,6,7.652078
0.5,8,7.652941
0.5,4,7.653371
0.5,6,7.654001
0.5,4,7.654433
0.5,4,7.654902
0.5,4,7.655335
0.5,8,7.656192
0.5,4,7.656624
0.5,8,7.657456
0.5,4,7.657889
0.5,4,7.658322
0.5,4,7.658755
0.5,4,7.659187
0.5,4,7.659621
0.5,4,7.660052
0.5,4,7.660484
0.5,4,7.660914
0.5,6,7.661544
0.5,4,7.661976
0.5,4,7.662405
0.5,4,7.662874
0.5,6,7.663507
0.5,4,7.663938
0.5,4,7.664369
0.5,4,7.664799
0.5,6,7.665421
0.5,4,7.665851
0.5,4,7.666282
0.5,4,7.666715
0.5,4,7.66715
0.5,6,7.667785
0.5,6,7.668412
0.5,4,7.668847
0.5,4,7.669307
0.5,8,7.670131
0.5,4,7.670563
0.5,4,7.671033
0.5,6,7.671667
0.5,4,7.672097
0.5,4,7.67253
0.5,4,7.672961
0.5,4,7.673416
0.5,4,7.673896
0.5,4,7.674329
0.5,6,7.675032
0.5,4,7.675467
0.5,4,7.6759
0.5,6,7.67653
0.5,4,7.676961
0.5,4,7.677394
0.5,4,7.677824
0.5,7,7.678553
0.5,4,7.678991
0.5,4,7.679424
0.5,4,7.679855
0.5,4,7.680286
0.5,4,7.680751
0.5,4,7.68118
0.5,6,7.681807
0.5,4,7.682239
0.5,4,7.682669
0.5,4,7.683138
0.5,4,7.683572
0.5,4,7.684003
0.5,4,7.684469
0.5,4,7.684899
0.5,4,7.685328
0.5,4,7.685801
0.5,4,7.686234
0.5,4,7.686667
0.5,4,7.687099
0.5,4,7.687533
0.5,4,7.687962
0.5,12,7.689187
0.5,6,7.689853
0.5,6,7.690482
0.5,4,7.690918
0.5,4,7.691351
0.5,4,7.691783
0.5,4,7.692214
0.5,6,7.692844
0.5,4,7.693274
0.5,4,7.693705
0.5,4,7.694137
0.5,4,7.694569
0.5,4,7.695073
0.5,4,7.695505
0.5,4,7.695937
0.5,4,7.696437
0.5,4,7.696864
0.5,4,7.697288
0.5,4,7.697718
0.5,4,7.698148
0.5,8,7.698987
0.5,4,7.699421
0.5,4,7.699855
0.5,4,7.700286
0.5,6,7.700919
0.5,4,7.701354
0.5,4,7.70186
0.5,6,7.702491
0.5,4,7.702925
0.5,4,7.703391
0.5,4,7.703824
0.5,4,7.704255
0.5,6,7.70488
0.5,4,7.705315
0.5,6,7.705948
0.5,4,7.70638
0.5,4,7.706838
0.5,4,7.707287
0.5,6,7.707921
0.5,4,7.708354
0.5,4,7.708783
0.5,4,7.709213
0.5,6,7.70984
0.5,4,7.710268
0.5,4,7.710699
0.5,4,7.711135
0.5,6,7.71177
0.5,4,7.7122
0.5,4,7.712631
0.5,4,7.713062
0.5,6,7.713693
0.5,4,7.714127
0.5,4,7.714559
0.5,8,7.71539
0.5,4,7.715825
0.5,4,7.716258
0.5,4,7.716687
0.5,4,7.717117
0.5,4,7.717546
0.5,8,7.718379
0.5,4,7.718813
0.5,4,7.719249
0.5,4,7.719682
0.5,4,7.720111
0.5,4,7.720539
0.5,8,7.72137
0.5,6,7.722001
0.5,4,7.722435
0.5,4,7.722872
0.5,6,7.723546
0.5,6,7.72418
0.5,4,7.72461
0.5,4,7.725041
0.5,6,7.725669
0.5,6,7.726302
0.5,6,7.726931
0.5,8,7.727765
0.5,4,7.728194
0.5,4,7.728626
0.5,4,7.729056
0.5,4,7.729483
0.5,6,7.730118
0.5,4,7.730551
0.5,4,7.730986
0.5,4,7.731417
0.5,6,7.732082
0.5,6,7.73271
0.5,4,7.733138
0.5,6,7.733767
0.5,6,7.734397
0.5,4,7.734832
0.5,6,7.735708
0.5,4,7.736144
0.5,4,7.736576
0.5,4,7.737006
0.5,4,7.737437
0.5,4,7.737867
0.5,4,7.738293
0.5,4,7.738727
0.5,4,7.739199
0.5,4,7.739632
0.5,6,7.740263
0.5,4,7.740762
0.5,4,7.74123
0.5,4,7.741663
0.5,4,7.742094
0.5,6,7.742721
0.5,4,7.743158
0.5,4,7.743593
0.5,4,7.744028
0.5,4,7.744461
0.5,4,7.74489
0.5,4,7.745358
0.5,4,7.745859
0.5,4,7.746292
0.5,4,7.746726
0.5,4,7.747199
0.5,4,7.747633
0.5,6,7.748264
0.5,6,7.748894
0.5,6,7.749552
0.5,4,7.749999
0.5,6,7.750696
0.5,4,7.751171
0.5,4,7.751603
0.5,4,7.752069
0.5,4,7.752503
0.5,4,7.752935
0.5,4,7.753433
0.5,4,7.753864
0.5,4,7.754299
0.5,6,7.754968
0.5,4,7.755403
0.5,4,7.755833
0.5,4,7.756265
0.5,4,7.756698
0.5,4,7.757129
0.5,8,7.757964
0.5,4,7.758395
0.5,4,7.758831
0.5,4,7.759265
0.5,4,7.759698
0.5,4,7.760129
0.5,4,7.760557
0.5,4,7.760984
0.5,8,7.761891
0.5,4,7.762322
0.5,4,7.762751
0.5,4,7.763227
0.5,6,7.763887
0.5,4,7.764404
0.5,4,7.764835
0.5,4,7.765266
0.5,4,7.765699
0.5,4,7.766131
0.5,4,7.766562
0.5,6,7.767193
0.5,4,7.767626
0.5,4,7.768058
0.5,4,7.768484
0.5,4,7.768915
0.5,4,7.769346
0.5,4,7.769777
0.5,4,7.77028
0.5,4,7.770765
0.5,8,7.771649
0.5,6,7.772286
0.5,4,7.772752
0.5,4,7.773183
0.5,4,7.773614
0.5,4,7.774046
0.5,4,7.774477
0.5,4,7.774946
0.5,4,7.775381
0.5,4,7.775816
0.5,4,7.776245
0.5,4,7.776675
0.5,4,7.777106
0.5,6,7.777731
0.5,4,7.778164
0.5,8,7.778996
0.5,10,7.78002
0.5,6,7.780648
0.5,4,7.781079
0.5,4,7.781511
0.5,4,7.781942
0.5,4,7.782373
0.5,4,7.782802
0.5,4,7.78324
0.5,4,7.783671
0.5,4,7.784103
0.5,4,7.784534
0.5,4,7.784966
0.5,6,7.785598
0.5,6,7.786232
0.5,9,7.787197
0.5,4,7.78763
0.5,4,7.788062
0.5,4,7.788492
0.5,4,7.788923
0.5,6,7.789555
0.5,4,7.789983
0.5,6,7.790609
0.5,4,7.791042
0.5,4,7.791473
0.5,9,7.792397
0.5,4,7.792827
0.5,4,7.793256
0.5,4,7.79369
0.5,4,7.794124
0.5,6,7.794755
0.5,4,7.795192
0.5,6,7.795825
0.5,6,7.796452
0.5,4,7.796885
0.5,4,7.797315
0.5,4,7.797738
0.5,4,7.798168
0.5,4,7.7986
0.5,4,7.799077
0.5,4,7.799513
0.5,8,7.800345
0.5,4,7.800778
0.5,4,7.801206
0.5,4,7.801637
0.5,6,7.802269
0.5,4,7.8027
0.5,4,7.803133
0.5,4,7.803565
0.5,4,7.803995
0.5,4,7.804427
0.5,4,7.804857
0.5,4,7.805288
0.5,4,7.80572
0.5,4,7.806151
0.5,6,7.806785
0.5,4,7.807224
0.5,4,7.807662
0.5,4,7.808097
0.5,4,7.808527
0.5,4,7.80896
0.5,6,7.809588
0.5,4,7.810019
0.5,6,7.81065
0.5,4,7.811085
0.5,4,7.811518
0.5,4,7.811949
0.5,4,7.812381
0.5,4,7.812816
0.5,4,7.813247
0.5,4,7.813678
0.5,4,7.814107
0.5,4,7.814538
0.5,4,7.814973
0.5,6,7.815606
0.5,6,7.816235
0.5,6,7.816868
0.5,4,7.8173
0.5,6,7.817933
0.5,6,7.818564
0.5,4,7.819
0.5,4,7.819432
0.5,4,7.819865
0.5,4,7.820297
0.5,6,7.820927
0.5,4,7.821358
0.5,6,7.821987
0.5,6,7.822614
0.5,4,7.823049
0.5,4,7.823481
0.5,4,7.823911
0.5,4,7.824344
0.5,4,7.824777
0.5,4,7.825208
0.5,6,7.82584
0.5,4,7.826266
0.5,6,7.826899
0.5,4,7.827332
0.5,6,7.827964
0.5,6,7.828599
0.5,6,7.829232
0.5,4,7.829665
0.5,4,7.830096
0.5,6,7.830728
0.5,8,7.831567
0.5,4,7.831999
0.5,4,7.83243
0.5,6,7.833063
0.5,4,7.833495
0.5,4,7.833926
0.5,4,7.83436
0.5,4,7.834876
0.5,4,7.83531
0.5,4,7.83574
0.5,4,7.836171
0.5,6,7.836843
0.5,6,7.837478
0.5,6,7.83811
0.5,4,7.838542
0.5,4,7.838979
0.5,4,7.839413
0.5,4,7.839848
0.5,4,7.840281
0.0,4,7.840708
0.5,6,7.841339
0.5,6,7.841974
0.5,4,7.842406
0.5,6,7.84304
0.5,4,7.843472
0.5,4,7.844136
0.5,4,7.844569
0.5,4,7.845001
0.5,4,7.845432
0.5,4,7.845863
0.5,4,7.846296
0.5,6,7.846933
0.5,8,7.847759
0.5,6,7.848389
0.5,4,7.848821
0.5,4,7.849252
0.5,4,7.849687
0.5,4,7.850122
0.5,4,7.850555
0.5,4,7.85099
0.5,4,7.851417
0.5,4,7.851848
0.5,4,7.85228
0.5,8,7.853107
0.5,4,7.85354
0.5,4,7.853973
0.5,6,7.854633
0.5,4,7.855105
0.5,4,7.855535
0.5,4,7.855961
0.5,4,7.85639
0.5,4,7.856837
0.5,4,7.857314
0.5,4,7.857811
0.5,4,7.858242
0.5,6,7.858911
0.5,4,7.859366
0.5,4,7.859848
0.5,4,7.86028
0.5,4,7.860711
0.5,4,7.861141
0.5,4,7.861574
0.5,6,7.862203
0.5,4,7.862634
0.5,4,7.863071
0.5,4,7.863504
0.5,4,7.863936
0.5,6,7.864566
0.5,4,7.865
0.5,4,7.865431
0.5,4,7.86586
0.5,6,7.866493
0.5,4,7.866932
0.5,6,7.867596
0.5,4,7.868032
0.5,4,7.868465
0.5,4,7.868895
0.5,4,7.869324
0.5,6,7.869986
0.5,6,7.870619
0.5,6,7.871287
0.5,4,7.871723
0.5,4,7.872156
0.5,4,7.872586
0.5,4,7.87302
0.5,4,7.873452
0.5,10,7.87453
0.5,4,7.874972
0.5,4,7.875406
0.5,6,7.876035
0.5,4,7.876467
0.5,4,7.876898
0.5,6,7.877583
0.5,4,7.878096
0.5,4,7.878523
0.5,4,7.878994
0.5,4,7.879429
0.5,6,7.880094
0.5,4,7.880528
0.5,4,7.880961
0.5,6,7.881596
0.5,6,7.882228
0.5,4,7.882661
0.5,4,7.883097
0.5,6,7.883733
0.5,4,7.884163
0.5,4,7.884593
0.5,4,7.885025
0.5,4,7.885458
0.5,6,7.886088
0.5,4,7.88652
0.5,4,7.886989
0.5,4,7.887423
0.5,6,7.888056
0.5,6,7.888689
0.5,4,7.889121
0.5,6,7.889751
0.5,4,7.890183
0.5,4,7.89061
0.5,4,7.891047
0.5,4,7.89148
0.5,4,7.891909
0.5,4,7.89234
0.5,4,7.892772
0.5,6,7.893406
0.5,4,7.89384
0.5,4,7.894273
0.5,7,7.895007
0.5,6,7.895639
0.5,4,7.896071
0.5,6,7.896702
0.5,4,7.897136
0.5,8,7.897964
0.5,6,7.898596
0.5,4,7.899032
0.5,6,7.899699
0.5,4,7.900133
0.5,4,7.900565
0.5,4,7.900996
0.5,4,7.901428
0.5,4,7.90186
0.5,4,7.902291
0.5,4,7.902722
0.5,4,7.903157
0.5,4,7.903589
0.5,4,7.904021
0.5,4,7.904449
0.5,6,7.905077
0.5,4,7.905508
0.5,4,7.905939
0.5,4,7.906372
0.5,4,7.906803
0.5,4,7.907238
0.5,4,7.90767
0.5,4,7.908103
0.5,4,7.908533
0.5,4,7.908964
0.5,4,7.909394
0.5,4,7.909825
0.5,4,7.910259
0.5,4,7.910691
0.5,6,7.911326
0.5,6,7.911959
0.5,8,7.912836
0.5,6,7.913472
0.5,4,7.9139
0.5,6,7.91453
0.5,6,7.915167
0.5,11,7.916292
0.5,4,7.916723
0.5,4,7.917155
0.5,4,7.917586
0.5,4,7.918016
0.5,6,7.918645
0.5,6,7.919281
0.5,4,7.919711
0.5,4,7.92014
0.5,4,7.920571
0.5,4,7.921003
0.5,4,7.921434
0.5,4,7.921864
0.5,4,7.922297
0.5,4,7.922728
0.5,4,7.923161
0.5,6,7.923794
0.5,4,7.924223
0.5,4,7.924651
0.5,6,7.92528
0.5,6,7.92591
0.5,4,7.926339
0.5,4,7.926771
0.5,4,7.927207
0.5,4,7.927641
0.5,4,7.928074
0.5,6,7.928699
0.5,4,7.929132
0.5,6,7.929762
0.5,4,7.930194
0.5,8,7.931027
0.5,4,7.931458
0.5,4,7.931889
0.5,4,7.932318
0.5,4,7.93275
0.5,4,7.933181
0.5,11,7.934307
0.5,4,7.934739
0.5,4,7.935174
0.5,4,7.935607
0.5,4,7.936037
0.5,4,7.936467
0.5,4,7.93689
0.5,4,7.937319
0.5,4,7.937748
0.5,6,7.938444
0.5,4,7.938988
0.5,4,7.93942
0.5,4,7.939851
0.5,4,7.94028
0.5,4,7.94071
0.5,4,7.941141
0.5,6,7.941766
0.5,6,7.942396
0.5,6,7.943072
0.5,4,7.943505
0.5,4,7.943935
0.5,6,7.944564
0.5,4,7.944992
0.5,4,7.945423
0.5,4,7.945849
0.5,4,7.946281
0.5,8,7.947113
0.5,4,7.947545
0.5,4,7.947977
0.5,4,7.948406
0.5,6,7.949032
0.5,4,7.949463
0.5,8,7.950338
0.5,4,7.950771
0.5,4,7.951207
0.5,4,7.95179
0.5,4,7.952303
0.5,4,7.95274
0.5,4,7.95317
0.5,4,7.953599
0.5,6,7.954264
0.5,4,7.954751
0.5,6,7.955505
0.5,6,7.956139
0.5,8,7.956968
0.5,4,7.957399
0.5,6,7.95803
0.5,4,7.95846
0.5,4,7.958896
0.5,4,7.959328
0.5,4,7.959756
0.5,4,7.960181
0.5,4,7.960609
0.5,6,7.961232
0.5,4,7.961661
0.5,12,7.962956
0.5,4,7.96339
0.5,4,7.963819
0.5,4,7.964247
0.5,4,7.964678
0.5,4,7.965148
0.5,4,7.965664
0.5,6,7.966309
0.5,4,7.966739
0.5,6,7.967441
0.5,4,7.967872
0.5,4,7.968303
0.5,4,7.968737
0.5,4,7.969167
0.5,4,7.969596
0.5,4,7.970027
0.5,4,7.970455
0.0,6,7.97112
0.5,4,7.971549
0.5,4,7.971981
0.5,6,7.972613
0.5,4,7.973046
0.5,4,7.973477
0.5,4,7.973907
0.5,4,7.974338
0.5,4,7.97477
0.5,4,7.975204
0.5,4,7.975637
0.5,4,7.976068
0.5,4,7.976496
0.5,4,7.976925
0.5,6,7.977554
0.5,4,7.978021
0.5,4,7.978454
0.5,6,7.979124
0.5,6,7.979756
0.5,4,7.980221
0.5,4,7.980653
0.5,4,7.981084
0.5,7,7.981812
0.5,4,7.982244
0.5,4,7.982675
0.5,4,7.983111
0.5,4,7.983542
0.5,4,7.983972
0.5,4,7.984402
0.5,4,7.984833
0.5,4,7.985264
0.5,4,7.985754
0.5,4,7.98627
0.5,6,7.986903
0.5,4,7.987335
0.5,7,7.988173
0.5,4,7.988623
0.5,6,7.989254
0.5,4,7.989685
0.5,4,7.990115
0.5,4,7.990549
0.5,4,7.990981
0.5,4,7.991416
0.5,4,7.991845
0.5,4,7.992274
0.5,4,7.992703
0.5,6,7.993334
0.5,4,7.993765
0.5,4,7.994197
0.5,4,7.994627
0.5,4,7.995063
0.5,4,7.995496
0.5,4,7.995927
0.5,4,7.99639
0.5,4,7.996823
0.5,4,7.997262
0.5,4,7.997695
0.5,4,7.998126
0.5,6,7.998759
0.5,4,7.999233
0.5,4,7.999666
0.5,4,8.000098
0.5,4,8.000528
0.5,4,8.000956
0.5,4,8.001387
0.5,4,8.001814
0.5,4,8.002241
0.5,6,8.002874
0.5,4,8.003307
0.5,4,8.003737
0.5,4,8.004169
0.5,4,8.0046
0.5,6,8.00523
0.5,4,8.005663
0.5,4,8.006091
0.5,4,8.006523
0.5,8,8.007358
0.5,4,8.007793
0.5,4,8.008226
0.5,4,8.008657
0.5,4,8.009084
0.5,6,8.009712
0.5,4,8.010142
0.5,4,8.010574
0.5,6,8.011212
0.5,4,8.011647
0.5,8,8.012475
0.5,4,8.012903
0.5,4,8.013333
0.5,4,8.013765
0.5,4,8.014197
0.5,4,8.014629
0.5,4,8.015064
0.5,4,8.015498
0.5,4,8.015931
0.5,4,8.016361
0.5,4,8.016788
0.5,6,8.01742
0.5,4,8.017851
0.5,4,8.018284
0.5,4,8.018713
0.5,4,8.019145
0.5,4,8.019576
0.5,4,8.020008
0.5,4,8.020438
0.5,6,8.02107
0.5,4,8.0215
0.5,4,8.021931
0.5,6,8.022562
0.5,4,8.022999
0.5,6,8.023631
0.5,4,8.024061
0.5,4,8.024492
0.5,6,8.02512
0.5,4,8.025579
0.5,4,8.026027
0.5,4,8.026458
0.5,4,8.026888
0.5,4,8.02732
0.5,4,8.027748
0.5,4,8.028178
0.5,4,8.02861
0.5,6,8.029235
0.5,4,8.029667
0.5,4,8.030099
0.5,4,8.030531
0.5,4,8.030967
0.5,4,8.0314
0.5,6,8.032032
0.5,4,8.032467
0.5,4,8.0329
0.5,4,8.033333
0.5,8,8.034163
0.5,4,8.034594
0.5,4,8.03503
0.5,7,8.035761
0.5,6,8.036395
0.5,6,8.037025
0.5,4,8.037458
0.5,4,8.037887
0.5,4,8.038318
0.5,4,8.03875
0.5,4,8.039188
0.5,4,8.039621
0.5,4,8.040049
0.5,4,8.04048
0.5,4,8.040907
0.5,4,8.041337
0.5,4,8.041768
0.5,4,8.042196
0.5,4,8.042623
0.5,4,8.043056
0.5,4,8.043493
0.5,4,8.043922
0.5,4,8.044353
0.5,6,8.044987
0.5,4,8.04542
0.5,4,8.04585
0.5,4,8.04628
0.5,4,8.04671
0.5,4,8.047146
0.5,4,8.047579
0.5,4,8.04801
0.5,4,8.048441
0.5,4,8.048868
0.5,4,8.0493
0.5,4,8.049731
0.5,4,8.050159
0.5,4,8.050589
0.5,4,8.05102
0.5,4,8.05145
0.5,4,8.051877
0.5,4,8.052309
0.5,4,8.052737
0.5,4,8.053165
0.5,7,8.053894
0.5,6,8.054527
0.5,4,8.054963
0.5,4,8.055396
0.5,6,8.056027
0.5,4,8.05646
0.5,8,8.05728
0.5,6,8.057911
0.5,6,8.058543
0.5,4,8.058979
0.5,4,8.059412
0.5,8,8.060473
0.5,4,8.060905
0.5,6,8.061534
0.5,4,8.061966
0.5,6,8.062597
0.5,4,8.063068
0.5,4,8.063586
0.5,4,8.064023
0.5,4,8.064451
0.5,4,8.06488
0.5,4,8.065309
0.5,6,8.065939
0.5,4,8.06637
0.5,4,8.066802
0.5,4,8.067235
0.5,4,8.067666
0.5,4,8.068097
0.5,4,8.068527
0.5,4,8.068956
0.5,4,8.069381
0.5,4,8.06981
0.5,4,8.070242
0.5,4,8.070705
0.5,4,8.071176
0.5,4,8.071607
0.5,4,8.072057
0.5,4,8.072526
0.5,4,8.073036
0.5,4,8.073465
0.5,4,8.073892
0.5,4,8.074326
0.5,4,8.074793
0.5,4,8.07526
0.5,6,8.075888
0.5,6,8.07652
0.5,4,8.076953
0.5,4,8.07738
0.5,4,8.077811
0.5,4,8.078243
0.5,4,8.07867
0.5,4,8.079104
0.5,6,8.079739
0.5,4,8.08017
0.5,6,8.0808
0.5,8,8.081627
0.5,4,8.082059
0.5,4,8.082492
0.5,6,8.083126
0.5,8,8.083957
0.5,4,8.084388
0.5,4,8.084819
0.5,4,8.085245
0.5,6,8.085871
0.5,4,8.086326
0.5,6,8.087007
0.5,4,8.087442
0.5,4,8.087873
0.5,4,8.088303
0.5,6,8.088936
0.5,4,8.089368
0.5,6,8.090002
0.5,4,8.090432
0.5,6,8.091067
0.5,4,8.091501
0.5,6,8.092206
0.5,6,8.092905
0.5,6,8.093537
0.5,4,8.094003
0.5,4,8.094466
0.5,4,8.094902
0.5,6,8.095537
0.5,4,8.095971
0.5,4,8.096402
0.5,4,8.096833
0.5,6,8.097466
0.5,4,8.097898
0.5,4,8.098331
0.5,4,8.098757
0.5,4,8.099193
0.5,6,8.099821
0.5,4,8.100253
0.5,4,8.100687
0.5,4,8.101138
0.5,4,8.101589
0.5,6,8.102221
0.5,4,8.102655
0.5,4,8.10309
0.5,6,8.10372
0.5,6,8.104352
0.5,4,8.104783
0.5,4,8.105211
0.5,6,8.10584
0.5,4,8.106272
0.5,4,8.106697
0.5,4,8.107131
0.5,4,8.107565
0.5,4,8.107995
0.5,8,8.108855
0.5,4,8.109289
0.5,4,8.109721
0.5,4,8.110153
0.5,4,8.110586
0.5,6,8.111217
0.5,4,8.111651
0.5,4,8.112082
0.5,6,8.112713
0.5,4,8.113146
0.5,4,8.113578
0.5,4,8.11401
0.5,4,8.11444
0.5,4,8.114878
0.5,4,8.115313
0.5,4,8.115744
0.5,4,8.116175
0.5,4,8.116608
0.5,4,8.117041
0.5,6,8.117673
0.5,4,8.118103
0.5,4,8.118534
0.5,4,8.11897
0.5,6,8.119605
0.5,4,8.120039
0.5,4,8.120472
0.5,4,8.120904
0.5,4,8.121335
0.5,4,8.121763
0.5,6,8.122392
0.5,6,8.123027
0.5,4,8.123464
0.5,4,8.123898
0.5,4,8.124328
0.5,6,8.124961
0.5,4,8.125391
0.5,4,8.125824
0.5,4,8.126256
0.5,4,8.126685
0.5,4,8.127119
0.5,4,8.127553
0.5,4,8.127985
0.5,4,8.128414
0.5,6,8.129038
0.5,4,8.129467
0.5,4,8.129898
0.5,4,8.130327
0.5,6,8.130964
0.5,4,8.1314
0.5,4,8.131834
0.5,4,8.132267
0.5,4,8.132699
0.5,6,8.133325
0.5,4,8.13376
0.5,6,8.134389
0.5,6,8.135022
0.5,6,8.135653
0.5,4,8.136083
0.5,4,8.136514
0.5,4,8.136946
0.5,4,8.137374
0.5,4,8.137802
0.5,6,8.13843
0.5,6,8.139103
0.5,4,8.139537
0.5,4,8.139972
0.5,4,8.140405
0.5,4,8.140836
0.5,4,8.141266
0.5,4,8.141698
0.5,4,8.142129
0.5,4,8.142558
0.5,4,8.142995
0.5,4,8.143429
0.5,6,8.144062
0.5,6,8.144691
0.5,4,8.145119
0.5,8,8.145954
0.5,4,8.146388
0.5,4,8.146821
0.5,4,8.147254
0.5,4,8.147681
0.5,4,8.148113
0.5,4,8.148543
0.5,4,8.148971
0.5,6,8.149599
0.5,4,8.150031
0.5,4,8.150462
0.5,6,8.151088
0.5,4,8.15152
0.5,4,8.151951
0.5,6,8.15258
0.5,4,8.153013
0.5,6,8.153641
0.5,6,8.154269
0.5,4,8.154701
0.5,4,8.155135
0.5,4,8.155565
0.5,4,8.155997
0.5,4,8.156427
0.5,4,8.156856
0.5,4,8.157288
0.5,4,8.157718
0.5,4,8.158149
0.5,4,8.15858
0.5,4,8.159016
0.5,6,8.159652
0.5,4,8.160083
0.5,4,8.160511
0.5,4,8.160943
0.5,6,8.161574
0.5,4,8.162006
0.5,4,8.162435
0.5,4,8.162866
0.5,6,8.163497
0.5,6,8.164128
0.5,4,8.16456
0.5,4,8.164991
0.5,8,8.165823
0.5,8,8.166651
0.5,4,8.167094
0.5,4,8.167528
0.5,4,8.168195
0.5,4,8.168629
0.5,6,8.169262
0.5,4,8.169695
0.5,4,8.170126
0.5,8,8.170965
0.5,4,8.171396
0.5,4,8.171826
0.5,6,8.172455
0.5,4,8.172888
0.5,4,8.17332
0.5,4,8.173751
0.5,8,8.174585
0.5,6,8.175223
0.5,4,8.175655
0.5,6,8.176285
0.5,4,8.176745
0.5,4,8.177197
0.5,4,8.177629
0.5,6,8.178258
0.5,4,8.178728
0.5,10,8.179761
0.5,8,8.18059
0.5,4,8.181022
0.5,4,8.18145
0.5,4,8.181881
0.5,4,8.182309
0.5,6,8.182945
0.5,4,8.183376
0.5,4,8.183808
0.5,4,8.184239
0.5,4,8.184667
0.5,4,8.185095
0.5,4,8.185528
0.5,4,8.185956
0.5,4,8.186385
0.5,4,8.186818
0.5,4,8.187252
0.5,4,8.187682
0.5,6,8.188309
0.5,4,8.18874
0.5,4,8.189169
0.5,4,8.1896
0.5,4,8.19003
0.5,4,8.190459
0.5,4,8.190891
0.5,6,8.191523
0.5,4,8.19195
0.5,4,8.192379
0.5,4,8.192809
0.5,4,8.193239
0.5,4,8.193669
0.5,4,8.194098
0.5,6,8.194725
0.5,4,8.195161
0.5,4,8.195592
0.5,6,8.196279
0.5,4,8.196758
0.5,4,8.197187
0.5,4,8.197652
0.5,4,8.198082
0.5,6,8.198711
0.5,4,8.199187
0.5,4,8.199622
0.5,6,8.200365
0.5,4,8.200863
0.5,4,8.201295
0.5,6,8.201927
0.5,4,8.202359
0.5,4,8.20283
0.5,4,8.203265
0.5,4,8.203699
0.5,4,8.204131
0.5,7,8.204862
0.5,6,8.205494
0.5,4,8.205926
0.5,6,8.206557
0.5,4,8.206995
0.5,4,8.207428
0.5,4,8.207858
0.5,12,8.209083
0.5,6,8.209716
0.5,4,8.210147
0.5,6,8.210778
0.5,4,8.211211
0.5,6,8.211844
0.5,4,8.212276
0.5,4,8.212707
0.5,4,8.213138
0.5,4,8.213571
0.5,4,8.214001
0.5,7,8.214826
0.5,4,8.215261
0.5,4,8.215693
0.5,6,8.216328
0.5,6,8.216958
0.5,4,8.21739
0.5,4,8.21782
0.5,6,8.218452
0.5,4,8.218884
0.5,4,8.219318
0.5,4,8.219748
0.5,4,8.220179
0.5,8,8.221004
0.5,6,8.221636
0.5,4,8.222098
0.5,4,8.222525
0.5,4,8.22296
0.5,6,8.223592
0.5,4,8.224023
0.5,4,8.224452
0.5,4,8.224881
0.5,4,8.225313
0.5,4,8.225743
0.5,6,8.226375
0.5,4,8.226809
0.5,6,8.227442
0.5,4,8.227874
0.5,6,8.228501
0.5,4,8.228933
0.5,4,8.229364
0.5,4,8.229797
0.5,4,8.230226
0.5,4,8.230654
0.5,4,8.23109
0.5,4,8.231521
0.5,4,8.231954
0.5,8,8.232784
0.5,4,8.233216
0.5,4,8.233649
0.5,4,8.234081
0.5,4,8.234513
0.5,4,8.234949
0.5,4,8.235383
0.5,7,8.236116
0.5,6,8.236748
0.5,6,8.237383
0.5,4,8.237817
0.5,4,8.238244
0.5,4,8.238673
0.5,4,8.239108
0.5,6,8.239744
0.5,4,8.240178
0.5,4,8.240608
0.5,6,8.241239
0.5,6,8.241868
0.5,4,8.242301
0.5,4,8.242732
0.5,4,8.243165
0.5,4,8.243597
0.5,4,8.244027
0.5,8,8.244856
0.5,4,8.245287
0.5,4,8.245718
0.5,4,8.246146
0.5,4,8.246575
0.5,4,8.247008
0.5,6,8.247638
0.5,6,8.248269
0.5,4,8.248694
0.5,4,8.249125
0.5,6,8.249755
0.5,4,8.250185
0.5,6,8.250817
0.5,6,8.25145
0.5,6,8.252082
0.5,4,8.252561
0.5,4,8.252992
0.5,4,8.253423
0.5,4,8.253857
0.5,6,8.254486
0.5,4,8.254919
0.5,4,8.255351
0.5,4,8.25578
0.5,4,8.256212
0.5,4,8.256642
0.5,4,8.257071
0.5,4,8.257499
0.5,4,8.257928
0.5,4,8.258355
0.5,4,8.258781
0.5,4,8.259216
0.5,6,8.25985
0.5,4,8.260282
0.5,4,8.260712
0.5,6,8.26134
0.5,6,8.261966
0.5,4,8.262395
0.5,4,8.262831
0.5,4,8.263263
0.5,6,8.263893
0.5,4,8.264323
0.5,4,8.264752
0.5,4,8.265183
0.5,4,8.26561
0.5,6,8.26624
0.5,7,8.266974
0.5,4,8.267409
0.5,8,8.268241
0.5,4,8.268672
0.5,4,8.2691
0.5,4,8.269532
0.5,4,8.269964
0.5,4,8.270396
0.5,4,8.27083
0.5,4,8.271264
0.5,4,8.271696
0.5,4,8.272125
0.5,4,8.272553
0.5,4,8.272983
0.5,4,8.273412
0.5,6,8.27404
0.5,4,8.27447
0.5,6,8.275104
0.5,4,8.275771
0.5,4,8.276206
0.5,4,8.276639
0.5,6,8.277271
0.5,4,8.277701
0.5,4,8.27813
0.5,4,8.278563
0.5,4,8.278997
0.5,4,8.279428
0.5,4,8.279859
0.5,4,8.28029
0.5,9,8.28121
0.5,4,8.281638
0.5,4,8.282067
0.5,4,8.282494
0.5,4,8.282929
0.5,6,8.283562
0.5,4,8.283995
0.5,4,8.284425
0.5,4,8.284856
0.5,4,8.285285
0.5,6,8.285916
0.5,4,8.286345
0.5,4,8.286775
0.5,4,8.28721
0.5,6,8.28784
0.5,8,8.288676
0.5,8,8.289505
0.5,4,8.289937
0.5,4,8.29041
0.5,4,8.290845
0.5,4,8.291311
0.5,4,8.291741
0.5,6,8.292366
0.5,6,8.292994
0.5,4,8.293427
0.5,6,8.294061
0.5,4,8.294488
0.5,4,8.294964
0.5,6,8.295597
0.5,4,8.296031
0.5,6,8.296658
0.5,4,8.297087
0.5,4,8.297519
0.5,4,8.297951
0.5,4,8.29838
0.5,6,8.299014
0.5,4,8.299448
0.5,4,8.299877
0.5,10,8.300933
0.5,4,8.301362
0.5,4,8.301791
0.5,6,8.30242
0.5,8,8.303253
0.5,4,8.303709
0.5,4,8.30418
0.5,4,8.304692
0.5,7,8.305412
0.5,4,8.305845
0.5,4,8.306309
0.5,4,8.306737
0.5,7,8.307507
0.5,4,8.30794
0.5,4,8.308369
0.5,15,8.309889
0.5,6,8.310519
0.5,6,8.311154
0.5,6,8.311781
0.5,4,8.312213
0.5,6,8.312843
0.5,4,8.313275
0.5,4,8.313705
0.5,4,8.314133
0.5,4,8.314565
0.5,4,8.315
0.5,11,8.316124
0.5,4,8.316556
0.5,8,8.317383
0.5,8,8.318212
0.5,4,8.318675
0.5,6,8.319309
0.5,4,8.319742
0.5,4,8.320169
0.5,4,8.320596
0.5,4,8.321025
0.5,4,8.32145
0.5,4,8.321883
0.5,6,8.32251
0.5,4,8.322947
0.5,10,8.323973
0.5,4,8.324405
0.5,4,8.324835
0.5,6,8.325464
0.5,4,8.325894
0.5,4,8.32632
0.5,4,8.326751
0.5,4,8.327184
0.5,4,8.327619
0.5,4,8.328089
0.5,4,8.328519
0.5,4,8.328949
0.5,8,8.329781
0.5,6,8.330413
0.5,4,8.330848
0.5,4,8.331282
0.5,4,8.331711
0.5,4,8.332144
0.5,6,8.332774
0.5,4,8.333203
0.5,4,8.333636
0.5,4,8.334068
0.5,4,8.3345
0.5,4,8.334932
0.5,4,8.335366
0.5,4,8.335796
0.5,6,8.336428
0.5,6,8.33706
0.5,4,8.337491
0.5,4,8.337925
0.5,6,8.338559
0.5,6,8.339196
0.5,4,8.33963
0.5,4,8.340063
0.5,4,8.340495
0.5,6,8.341128
0.5,6,8.341756
0.5,4,8.342189
0.5,4,8.342621
0.5,7,8.343356
0.5,4,8.343791
0.5,6,8.344423
0.5,6,8.345054
0.5,4,8.345484
0.5,4,8.345915
0.5,4,8.346347
0.5,6,8.346983
0.5,4,8.347415
0.5,4,8.347847
0.5,4,8.34828
0.5,4,8.348711
0.5,6,8.349341
0.5,9,8.350266
0.5,4,8.3507
0.5,4,8.351139
0.5,6,8.35177
0.5,4,8.352307
0.5,10,8.353338
0.5,4,8.35377
0.5,8,8.354598
0.5,6,8.355234
0.5,4,8.355668
0.5,4,8.356102
0.5,4,8.356533
0.5,4,8.356966
0.5,4,8.357397
0.5,4,8.357826
0.5,4,8.358257
0.5,4,8.358686
0.5,4,8.35912
0.5,4,8.359553
0.5,4,8.359983
0.5,4,8.360414
0.5,4,8.360842
0.5,4,8.361272
0.5,4,8.361705
0.5,4,8.362134
0.5,4,8.362564
0.5,4,8.362999
0.5,7,8.363726
0.5,6,8.364358
0.5,4,8.364792
0.5,4,8.365221
0.5,4,8.365677
0.5,4,8.366129
0.5,4,8.366562
0.5,4,8.367001
0.5,4,8.367435
0.5,4,8.367866
0.5,4,8.368298
0.5,4,8.368732
0.5,4,8.369164
0.5,4,8.369596
0.5,6,8.370229
0.5,4,8.370662
0.5,4,8.371097
0.5,4,8.371533
0.5,4,8.371966
0.5,4,8.372394
0.5,4,8.372825
0.5,4,8.373259
0.5,8,8.374092
0.5,6,8.374724
0.5,4,8.375162
0.5,4,8.375597
0.5,4,8.376024
0.5,4,8.376456
0.5,4,8.376888
0.5,4,8.377319
0.5,4,8.377751
0.5,4,8.378183
0.5,6,8.378818
0.5,4,8.379253
0.5,4,8.379686
0.5,4,8.380122
0.5,4,8.380556
0.5,4,8.380987
0.5,4,8.38142
0.5,4,8.381853
0.5,4,8.382286
0.5,4,8.38288
0.5,6,8.383585
0.5,4,8.384019
0.5,4,8.384451
0.5,4,8.384884
0.5,6,8.385517
0.5,6,8.386149
0.5,4,8.386586
0.5,4,8.387024
0.5,6,8.387661
0.5,4,8.38809
0.5,4,8.388524
0.5,4,8.388957
0.5,4,8.389389
0.5,4,8.389818
0.5,6,8.390446
0.5,6,8.391119
0.5,4,8.391553
0.5,4,8.391983
0.5,6,8.392617
0.5,4,8.393049
0.5,4,8.393513
0.5,4,8.393946
0.5,4,8.394378
0.5,6,8.395019
0.5,4,8.395457
0.5,4,8.395889
0.5,4,8.396322
0.5,4,8.396756
0.5,4,8.397186
0.5,4,8.39762
0.5,4,8.398052
0.5,4,8.398486
0.5,4,8.398922
0.5,4,8.399356
0.5,4,8.399788
0.5,6,8.40042
0.5,4,8.40085
0.5,6,8.401479
0.5,4,8.401909
0.5,4,8.402343
0.5,4,8.402776
0.5,4,8.403209
0.5,4,8.403684
0.5,4,8.404119
0.5,4,8.404552
0.5,4,8.404978
0.5,4,8.405408
0.5,4,8.405837
0.5,8,8.406671
0.5,6,8.40741
0.5,6,8.408115
0.5,4,8.408547
0.5,4,8.409009
0.5,4,8.409464
0.5,4,8.409947
0.5,4,8.410376
0.5,4,8.410812
0.5,4,8.411283
0.5,4,8.411714
0.5,4,8.412153
0.5,4,8.412586
0.5,4,8.413018
0.5,6,8.413649
0.5,8,8.41448
0.5,4,8.414915
0.5,4,8.415347
0.5,4,8.41578
0.5,4,8.416212
0.5,4,8.416644
0.5,6,8.417272
0.5,4,8.417703
0.5,6,8.418336
0.5,6,8.418967
0.5,4,8.4194
0.5,6,8.420029
0.5,4,8.420456
0.5,4,8.420887
0.5,4,8.421321
0.5,4,8.421749
0.5,6,8.422381
0.5,4,8.422815
0.5,4,8.42325
0.5,6,8.42388
0.5,4,8.42431
0.5,4,8.42474
0.5,4,8.425172
0.5,6,8.425799
0.5,4,8.426232
0.5,9,8.427162
0.5,4,8.427598
0.5,4,8.428102
0.5,4,8.428601
0.5,4,8.429032
0.5,4,8.429462
0.5,4,8.429891
0.5,4,8.430342
0.5,4,8.430785
0.5,4,8.431219
0.5,4,8.431686
0.5,4,8.432114
0.5,6,8.432746
0.5,4,8.433178
0.5,4,8.433609
0.5,6,8.434239
0.5,6,8.434875
0.5,4,8.435305
0.5,4,8.435734
0.5,4,8.436165
0.5,4,8.436597
0.5,4,8.437027
0.5,4,8.437456
0.5,4,8.437888
0.5,4,8.438355
0.5,4,8.438917
0.5,6,8.439586
0.5,6,8.440222
0.5,6,8.440853
0.5,4,8.441326
0.5,4,8.441761
0.5,4,8.442194
0.5,6,8.442855
0.5,6,8.443504
0.5,4,8.443932
0.5,4,8.444362
0.5,4,8.444793
0.5,4,8.445226
0.5,4,8.445657
0.5,4,8.446086
0.5,4,8.446517
0.5,4,8.447007
0.5,4,8.447441
0.5,4,8.447872
0.5,4,8.448303
0.5,4,8.448735
0.5,6,8.44936
0.5,8,8.450185
0.5,8,8.451019
0.5,4,8.45145
0.5,4,8.451879
0.5,8,8.452708
0.5,4,8.453138
0.5,4,8.45357
0.5,4,8.454033
0.5,4,8.454467
0.5,7,8.455472
0.5,4,8.455905
0.5,4,8.456336
0.5,4,8.456767
0.5,4,8.457199
0.5,6,8.45783
0.5,4,8.458261
0.5,4,8.458697
0.5,4,8.459131
0.5,4,8.459564
0.5,4,8.459995
0.5,6,8.46063
0.5,6,8.461261
0.5,4,8.461692
0.5,4,8.46212
0.5,10,8.463154
0.5,4,8.463589
0.5,8,8.46442
0.5,4,8.464851
0.5,6,8.465482
0.5,4,8.465913
0.5,8,8.466746
0.5,4,8.467182
0.5,4,8.467616
0.5,6,8.46825
0.5,4,8.468683
0.5,6,8.469316
0.5,8,8.470148
0.5,4,8.470582
0.5,8,8.471415
0.5,4,8.471847
0.5,4,8.472277
0.5,4,8.472708
0.5,4,8.47314
0.5,4,8.473572
0.5,4,8.474003
0.5,4,8.474437
0.5,6,8.475075
0.5,4,8.475509
0.5,4,8.475937
0.5,4,8.47637
0.5,4,8.476803
0.5,4,8.477234
0.5,4,8.477666
0.5,6,8.478299
0.5,4,8.478733
0.5,6,8.47941
0.5,4,8.479845
0.5,4,8.480275
0.5,4,8.480708
0.5,4,8.481138
0.5,6,8.481767
0.5,4,8.482198
0.5,4,8.482629
0.5,4,8.483065
0.5,4,8.483496
0.5,4,8.483928
0.5,4,8.484359
0.5,4,8.484791
0.5,4,8.485224
0.5,4,8.485658
0.5,4,8.48609
0.5,4,8.486524
0.5,4,8.486959
0.5,4,8.487389
0.5,4,8.487822
0.5,4,8.488253
0.5,4,8.488683
0.5,4,8.489114
0.5,4,8.489544
0.5,4,8.489978
0.5,4,8.49041
0.5,6,8.491045
0.5,4,8.491709
0.5,4,8.492138
0.5,4,8.49257
0.5,4,8.493001
0.5,4,8.493431
0.5,4,8.493863
0.5,4,8.494294
0.5,4,8.494725
0.5,4,8.495161
0.5,6,8.495795
0.5,4,8.49623
0.5,4,8.496661
0.5,4,8.497092
0.5,6,8.497724
0.5,6,8.498354
0.5,4,8.498782
0.5,4,8.499218
0.5,6,8.499852
0.5,6,8.500478
0.5,4,8.50091
0.5,4,8.501341
0.5,4,8.501773
0.5,4,8.50224
0.5,4,8.502669
0.5,4,8.503142
0.5,4,8.503574
0.5,4,8.504007
0.5,6,8.504638
0.5,6,8.50527
0.5,4,8.5057
0.5,4,8.506132
0.5,4,8.506561
0.5,4,8.506999
0.5,6,8.507632
0.5,4,8.508062
0.5,4,8.508491
0.5,4,8.508919
0.5,6,8.50955
0.5,4,8.509982
0.5,4,8.510412
0.5,8,8.511244
0.5,6,8.511884
0.5,4,8.512317
0.5,4,8.512751
0.5,4,8.513181
0.5,4,8.513614
0.5,4,8.514041
0.5,4,8.514492
0.5,4,8.514946
0.5,4,8.515445
0.5,4,8.515879
0.5,8,8.516714
0.5,4,8.517259
0.5,4,8.517726
0.5,6,8.518358
0.5,4,8.51879
0.5,4,8.519264
0.5,8,8.520097
0.5,4,8.52053
0.5,4,8.520962
0.5,6,8.521594
0.5,6,8.522225
0.5,4,8.522656
0.5,4,8.523092
0.5,4,8.523523
0.5,6,8.524153
0.5,6,8.524781
0.5,4,8.525211
0.5,6,8.525838
0.5,4,8.526271
0.5,4,8.526702
0.5,4,8.527135
0.5,4,8.527591
0.5,4,8.528036
0.5,4,8.528466
0.5,4,8.528891
0.5,4,8.529319
0.5,4,8.529747
0.5,6,8.53038
0.5,4,8.530814
0.5,4,8.53125
0.5,4,8.531681
0.5,8,8.532508
0.5,4,8.53294
0.5,4,8.533371
0.5,4,8.533799
0.5,8,8.534631
0.5,4,8.535121
0.5,4,8.535631
0.5,4,8.536112
0.5,4,8.536579
0.5,4,8.537011
0.5,6,8.537677
0.5,6,8.538308
0.5,4,8.538738
0.5,4,8.539174
0.5,4,8.539608
0.5,4,8.540039
0.5,8,8.540875
0.5,4,8.541306
0.5,6,8.541938
0.5,4,8.542371
0.5,4,8.542802
0.5,4,8.543239
0.5,8,8.544068
0.5,4,8.544498
0.5,4,8.544932
0.5,6,8.545568
0.5,6,8.546202
0.5,4,8.546634
0.5,4,8.547065
0.5,7,8.547794
0.5,4,8.548226
0.5,4,8.548658
0.5,4,8.549088
0.5,4,8.549518
0.5,4,8.549948
0.5,4,8.550378
0.5,8,8.551211
0.5,4,8.551644
0.5,4,8.552073
0.5,4,8.552497
0.5,4,8.552927
0.5,4,8.553358
0.5,4,8.55379
0.5,6,8.55442
0.5,4,8.554896
0.5,4,8.55533
0.5,4,8.55576
0.5,4,8.556191
0.5,8,8.557025
0.5,4,8.557455
0.5,6,8.558079
0.5,4,8.558512
0.5,6,8.559144
0.5,4,8.559577
0.5,4,8.560043
0.5,4,8.560473
0.5,4,8.560903
0.5,4,8.561333
0.5,4,8.561762
0.5,4,8.56219
0.5,4,8.562621
0.5,4,8.563055
0.5,6,8.56369
0.5,6,8.564319
0.5,8,8.565152
0.5,4,8.565578
0.5,4,8.566007
0.5,6,8.566638
0.5,4,8.567074
0.5,6,8.567702
0.5,6,8.568336
0.5,4,8.568766
0.5,4,8.569196
0.5,4,8.569627
0.5,4,8.570058
0.5,6,8.57069
0.5,4,8.57112
0.5,6,8.571753
0.5,4,8.572185
0.5,4,8.572617
0.5,4,8.573045
0.5,4,8.573473
0.5,4,8.573902
0.5,4,8.574332
0.5,8,8.575162
0.5,4,8.575594
0.5,4,8.576024
0.5,4,8.576454
0.5,6,8.577085
0.5,4,8.577517
0.5,4,8.577944
0.5,4,8.578375
0.5,6,8.579003
0.5,4,8.579439
0.5,4,8.57987
0.5,6,8.580502
0.5,6,8.581135
0.5,4,8.58157
0.5,4,8.582005
0.5,4,8.582439
0.5,4,8.582879
0.5,6,8.583514
0.5,4,8.583948
0.5,4,8.58438
0.5,6,8.585011
0.5,4,8.585447
0.5,4,8.585879
0.5,4,8.58631
0.5,4,8.58674
0.5,4,8.587176
0.5,4,8.587607
0.5,6,8.588237
0.5,6,8.588866
0.5,4,8.589296
0.5,8,8.590122
0.5,4,8.590552
0.5,6,8.591184
0.5,4,8.591615
0.5,4,8.592044
0.5,8,8.592919
0.5,4,8.593354
0.5,4,8.593788
0.5,6,8.594418
0.5,4,8.594855
0.5,4,8.595284
0.5,4,8.595713
0.5,4,8.596145
0.5,4,8.596577
0.5,7,8.597301
0.5,4,8.597733
0.5,4,8.598165
0.5,4,8.598594
0.5,6,8.599385
0.5,6,8.600037
0.5,6,8.600681
0.5,4,8.601123
0.5,6,8.601774
0.5,6,8.602421
0.5,4,8.60288
0.5,4,8.603316
0.5,4,8.603747
0.5,4,8.604178
0.5,4,8.604609
0.5,4,8.605041
0.5,4,8.605475
0.5,4,8.605905
0.5,4,8.606334
0.5,4,8.606766
0.5,4,8.607238
0.5,4,8.607671
0.5,4,8.6081
0.5,4,8.608528
0.5,4,8.60896
0.5,4,8.60939
0.5,4,8.609854
0.5,6,8.610484
0.5,8,8.61136
0.5,4,8.611793
0.5,4,8.612224
0.5,4,8.612656
0.5,8,8.613488
0.5,4,8.613922
0.5,4,8.614354
0.5,4,8.614785
0.5,4,8.615256
0.5,4,8.61569
0.5,4,8.616124
0.5,6,8.616753
0.5,4,8.617182
0.5,10,8.618216
0.5,4,8.618649
0.5,8,8.619484
0.5,6,8.620117
0.5,4,8.620548
0.5,4,8.620978
0.5,4,8.621406
0.5,6,8.622037
0.5,6,8.622738
0.5,4,8.623241
0.5,6,8.623876
0.5,6,8.624505
0.5,4,8.624971
0.5,4,8.625437
0.5,6,8.626065
0.5,4,8.626498
0.5,4,8.626971
0.5,4,8.627407
0.5,4,8.627841
0.5,6,8.62847
0.5,4,8.628901
0.5,4,8.629331
0.5,6,8.629962
0.5,4,8.630437
0.5,4,8.630908
0.5,4,8.631341
0.5,4,8.631772
0.5,4,8.632202
0.5,6,8.632826
0.5,6,8.633453
0.5,4,8.633885
0.5,4,8.634316
0.5,4,8.634746
0.5,4,8.635177
0.5,4,8.63561
0.5,4,8.636045
0.5,4,8.636477
0.5,6,8.63711
0.5,6,8.637738
0.5,4,8.638167
0.5,4,8.638599
0.5,4,8.639035
0.5,4,8.639465
0.5,6,8.640097
0.5,4,8.640564
0.5,4,8.640993
0.5,4,8.641422
0.5,4,8.641852
0.5,4,8.642286
0.5,8,8.64318
0.5,6,8.643862
0.5,4,8.644294
0.5,8,8.645159
0.5,4,8.645588
0.5,4,8.646018
0.5,4,8.646447
0.5,4,8.646919
0.5,4,8.647353
0.5,4,8.647779
0.5,4,8.648211
0.5,4,8.64864
0.5,4,8.64907
0.5,4,8.649501
0.5,4,8.649931
0.5,4,8.650359
0.5,4,8.650789
0.5,8,8.651624
0.5,4,8.652057
0.5,4,8.652486
0.5,6,8.653114
0.5,4,8.653545
0.5,4,8.653971
0.5,4,8.654401
0.5,4,8.654836
0.5,4,8.655271
0.5,4,8.655702
0.5,4,8.656132
0.5,4,8.656597
0.5,4,8.657023
0.5,4,8.657453
0.5,4,8.657882
0.5,4,8.658308
0.5,4,8.658736
0.5,4,8.659206
0.5,4,8.659638
0.5,8,8.660466
0.5,6,8.661096
0.5,4,8.661526
0.5,4,8.661959
0.5,6,8.662595
0.5,4,8.663031
0.5,4,8.663466
0.5,4,8.663898
0.5,4,8.66433
0.5,4,8.664762
0.5,4,8.665195
0.5,4,8.665623
0.5,4,8.666054
0.5,4,8.666487
0.5,4,8.666924
0.5,6,8.667558
0.5,4,8.668018
0.5,4,8.668468
0.5,4,8.6689
0.5,4,8.669332
0.5,6,8.669964
0.5,4,8.670393
0.5,6,8.671028
0.5,6,8.671664
0.5,4,8.672096
0.5,4,8.672529
0.5,6,8.673161
0.5,4,8.673593
0.5,6,8.674222
0.5,6,8.674856
0.5,4,8.67529
0.5,4,8.675721
0.5,4,8.676152
0.5,6,8.676783
0.5,4,8.677214
0.5,4,8.677643
0.5,4,8.678073
0.5,4,8.678499
0.5,6,8.679211
0.5,6,8.679841
0.5,4,8.680271
0.5,4,8.680699
0.5,4,8.681123
0.5,4,8.68155
0.5,4,8.681976
0.5,4,8.682405
0.5,4,8.682835
0.5,4,8.683269
0.5,6,8.683895
0.5,6,8.684526
0.5,6,8.685158
0.5,4,8.685586
0.5,4,8.686018
0.5,4,8.686447
0.5,8,8.687279
0.5,4,8.687708
0.5,4,8.688139
0.5,4,8.68857
0.5,4,8.688999
0.5,4,8.689428
0.5,4,8.689853
0.5,10,8.690879
0.5,4,8.691314
0.5,4,8.691745
0.5,4,8.69217
0.5,4,8.6926
0.5,4,8.693028
0.5,6,8.693662
0.5,6,8.694294
0.5,4,8.694726
0.5,6,8.695355
0.5,4,8.695788
0.5,4,8.69622
0.5,4,8.696649
0.5,4,8.69708
0.5,4,8.697509
0.5,4,8.69794
0.5,4,8.698371
0.5,8,8.699204
0.5,4,8.69964
0.5,4,8.70007
0.5,4,8.700501
0.5,6,8.70113
0.5,4,8.701562
0.5,4,8.701992
0.5,4,8.702421
0.5,4,8.702857
0.5,4,8.703291
0.5,6,8.703917
0.5,8,8.704746
0.5,7,8.705475
0.5,6,8.706152
0.5,4,8.706583
0.5,4,8.707249
0.5,4,8.707689
0.5,4,8.70812
0.5,4,8.708555
0.5,6,8.709181
0.5,4,8.709613
0.5,4,8.710043
0.5,6,8.710674
0.5,4,8.711111
0.5,8,8.711948
0.5,4,8.712382
0.5,4,8.712814
0.5,4,8.713246
0.5,6,8.713881
0.5,4,8.714312
0.5,4,8.714744
0.5,4,8.715178
0.5,6,8.715809
0.5,6,8.71644
0.5,4,8.716872
0.5,10,8.717934
0.5,4,8.718369
0.5,4,8.718801
0.5,4,8.719276
0.5,6,8.719911
0.5,4,8.720388
0.5,6,8.72102
0.5,4,8.721451
0.5,4,8.721883
0.5,4,8.722315
0.5,4,8.722746
0.5,4,8.723181
0.5,4,8.723614
0.5,8,8.724444
0.5,4,8.724876
0.5,6,8.72551
0.5,4,8.725942
0.5,6,8.726572
0.5,7,8.727305
0.5,10,8.728332
0.5,4,8.728765
0.5,4,8.729219
0.5,4,8.7297
0.5,4,8.730198
0.5,6,8.730828
0.5,6,8.731461
0.5,4,8.731927
0.5,4,8.732355
0.5,4,8.732784
0.5,4,8.733245
0.5,6,8.733871
0.5,4,8.734303
0.5,4,8.734734
0.5,4,8.735207
0.5,4,8.735638
0.5,6,8.73627
0.5,6,8.736902
0.5,4,8.737336
0.5,4,8.73777
0.5,6,8.738401
0.5,4,8.738837
0.5,8,8.739666
0.5,4,8.740098
0.5,4,8.740529
0.5,4,8.740959
0.5,4,8.741391
0.5,4,8.74182
0.5,4,8.742248
0.5,6,8.742884
0.5,4,8.743316
0.5,4,8.74379
0.5,8,8.74462
0.5,4,8.745047
0.5,4,8.745476
0.5,6,8.746105
0.5,4,8.746536
0.5,6,8.747172
0.5,8,8.748001
0.5,4,8.748433
0.5,4,8.748864
0.5,4,8.749291
0.5,4,8.749744
0.5,4,8.750244
0.5,4,8.750723
0.5,4,8.751196
0.5,6,8.75183
0.5,4,8.752292
0.5,4,8.752724
0.5,4,8.753208
0.5,4,8.753654
0.5,4,8.754086
0.5,6,8.754747
0.5,4,8.755184
0.5,6,8.755816
0.5,4,8.756252
0.5,4,8.756681
0.5,4,8.757111
0.5,4,8.757539
0.5,10,8.758567
0.5,6,8.759235
0.5,4,8.759668
0.5,6,8.760297
0.5,4,8.760729
0.5,4,8.761159
0.5,4,8.761586
0.5,6,8.762219
0.5,6,8.762855
0.5,4,8.76329
0.5,4,8.763721
0.5,4,8.764195
0.5,8,8.765023
0.5,4,8.765456
0.5,4,8.765886
0.5,6,8.766517
0.5,4,8.766952
0.5,4,8.767385
0.5,4,8.767815
0.5,4,8.768246
0.5,4,8.768676
0.5,6,8.769343
0.5,4,8.769771
0.5,4,8.770202
0.5,4,8.770632
0.5,4,8.77107
0.5,6,8.771707
0.5,4,8.772136
0.5,6,8.772767
0.5,4,8.773201
0.5,4,8.773633
0.5,6,8.774261
0.5,4,8.774694
0.5,8,8.775559
0.5,4,8.775993
0.5,4,8.77642
0.5,6,8.777053
0.5,4,8.777483
0.5,4,8.777917
0.5,4,8.778346
0.5,4,8.778776
0.5,4,8.77921
0.5,6,8.779843
0.5,4,8.780273
0.5,4,8.780705
0.5,6,8.781364
0.5,6,8.782006
0.5,9,8.782936
0.5,4,8.783369
0.5,4,8.7838
0.5,4,8.784232
0.5,4,8.784661
0.5,6,8.785279
0.5,4,8.78571
0.5,6,8.786341
0.5,4,8.786773
0.5,4,8.787207
0.5,4,8.78764
0.5,4,8.788068
0.5,4,8.788498
0.5,6,8.789124
0.5,4,8.789557
0.5,6,8.790182
0.5,6,8.790813
0.5,4,8.791247
0.5,4,8.791676
0.5,4,8.792106
0.5,6,8.792733
0.5,4,8.793162
0.5,8,8.793985
0.5,6,8.794617
0.5,4,8.795054
0.5,4,8.795488
0.5,4,8.79592
0.5,4,8.796354
0.5,4,8.796788
0.5,4,8.797217
0.5,4,8.797645
0.5,4,8.798076
0.5,6,8.798706
0.5,6,8.79934
0.5,4,8.799773
0.5,4,8.800201
0.5,4,8.800632
0.5,4,8.801064
0.5,4,8.801497
0.5,4,8.801926
0.5,4,8.802356
0.5,4,8.802785
0.5,4,8.803221
0.5,6,8.803851
0.5,4,8.804282
0.5,4,8.804715
0.5,4,8.805148
0.5,6,8.805779
0.5,4,8.806208
0.5,4,8.806637
0.5,4,8.807074
0.5,4,8.807503
0.5,4,8.807933
0.5,4,8.808361
0.5,4,8.80879
0.5,6,8.809423
0.5,7,8.810151
0.5,4,8.810582
0.5,6,8.811216
0.5,6,8.811843
0.5,4,8.812272
0.5,4,8.8127
0.5,4,8.81313
0.5,6,8.813761
0.5,4,8.814192
0.5,4,8.814743
0.5,6,8.815483
0.5,6,8.816119
0.5,6,8.816753
0.5,4,8.817185
0.5,10,8.818215
0.5,6,8.818847
0.5,4,8.819393
0.5,4,8.819824
0.5,4,8.820255
0.5,6,8.820885
0.5,4,8.821318
0.5,4,8.821749
0.5,4,8.822179
0.5,4,8.822611
0.5,6,8.823245
0.5,4,8.823676
0.5,4,8.824107
0.5,4,8.824539
0.5,4,8.824969
0.5,4,8.825431
0.5,4,8.825861
0.5,4,8.826292
0.5,9,8.827224
0.5,4,8.827659
0.5,4,8.828088
0.5,4,8.82852
0.5,4,8.82895
0.5,6,8.829579
0.5,6,8.830211
0.5,4,8.830645
0.5,4,8.831082
0.5,4,8.831515
0.5,4,8.831946
0.5,4,8.832377
0.5,4,8.832809
0.5,7,8.833534
0.5,6,8.834165
0.5,6,8.834796
0.5,6,8.835428
0.5,6,8.83606
0.5,4,8.836491
0.5,4,8.836979
0.5,4,8.837461
0.5,4,8.837964
0.5,6,8.838595
0.5,4,8.83907
0.5,6,8.839732
0.5,4,8.840164
0.5,4,8.840596
0.5,6,8.841259
0.5,4,8.841691
0.5,4,8.842121
0.5,4,8.842551
0.5,4,8.843019
0.5,4,8.843454
0.5,4,8.843883
0.5,4,8.844316
0.5,6,8.844947
0.5,6,8.845577
0.5,4,8.846008
0.5,6,8.846637
0.5,10,8.847667
0.5,4,8.848099
0.5,6,8.848733
0.5,6,8.849361
0.5,4,8.849794
0.5,4,8.850258
0.5,7,8.85099
0.5,4,8.851423
0.5,4,8.851855
0.5,4,8.852285
0.5,4,8.852717
0.5,4,8.853148
0.5,4,8.853579
0.5,6,8.854208
0.5,4,8.854639
0.5,4,8.855077
0.5,4,8.855511
0.5,4,8.855942
0.5,4,8.85637
0.5,6,8.857044
0.5,4,8.857498
0.5,4,8.857978
0.5,4,8.858476
0.5,4,8.858941
0.5,4,8.859372
0.5,4,8.859801
0.5,4,8.860264
0.5,6,8.860889
0.5,6,8.861518
0.5,4,8.861948
0.5,4,8.862377
0.5,4,8.86281
0.5,4,8.863243
0.5,4,8.863673
0.5,8,8.864509
0.5,4,8.864944
0.5,4,8.865375
0.5,4,8.865805
0.5,4,8.866235
0.5,4,8.866665
0.5,4,8.867098
0.5,6,8.867725
0.5,4,8.868157
0.5,4,8.868592
0.5,4,8.869025
0.5,6,8.869653
0.5,4,8.870084
0.5,6,8.87071
0.5,4,8.871143
0.5,4,8.871574
0.5,4,8.872005
0.5,4,8.872436
0.5,4,8.872861
0.5,4,8.87329
0.5,4,8.873723
0.5,4,8.874151
0.5,4,8.874583
0.5,4,8.875016
0.5,6,8.875648
0.5,4,8.876079
0.5,8,8.876909
0.5,6,8.877542
0.5,4,8.877973
0.5,8,8.878798
0.5,4,8.879239
0.5,4,8.879673
0.5,4,8.880103
0.5,6,8.880733
0.5,6,8.881363
0.5,4,8.881791
0.5,4,8.882245
0.5,7,8.882992
0.5,4,8.883428
0.5,4,8.883857
0.5,4,8.884284
0.5,4,8.884716
0.5,4,8.885148
0.5,4,8.885611
0.5,6,8.886242
0.5,4,8.886676
0.5,4,8.887109
0.5,6,8.88774
0.5,4,8.88817
0.5,4,8.888601
0.5,4,8.889032
0.5,6,8.889663
0.5,6,8.8903
0.5,4,8.890731
0.5,8,8.891563
0.5,6,8.892195
0.5,4,8.892624
0.5,4,8.893054
0.5,4,8.893487
0.5,6,8.894139
0.5,4,8.894608
0.5,4,8.895179
0.5,4,8.895613
0.5,4,8.896045
0.5,4,8.896478
0.5,8,8.89734
0.5,4,8.897773
0.5,4,8.898203
0.5,4,8.898635
0.5,4,8.899107
0.5,8,8.899939
0.5,4,8.900372
0.5,4,8.900806
0.5,4,8.901237
0.5,11,8.902366
0.5,6,8.903036
0.5,6,8.903668
0.5,4,8.904098
0.5,4,8.904531
0.5,4,8.904967
0.5,6,8.9056
0.5,4,8.906033
0.5,4,8.906463
0.5,4,8.906901
0.5,4,8.907335
0.5,4,8.907766
0.5,4,8.9082
0.5,4,8.90863
0.5,4,8.909059
0.5,4,8.909492
0.5,4,8.909924
0.5,4,8.91035
0.5,4,8.910782
0.5,4,8.911217
0.5,4,8.911651
0.5,4,8.912084
0.5,4,8.912515
0.5,4,8.912948
0.5,4,8.913373
0.5,4,8.913802
0.5,9,8.914757
0.5,4,8.915195
0.5,4,8.91563
0.5,4,8.91606
0.5,4,8.91649
0.5,4,8.916919
0.5,4,8.917349
0.5,4,8.917779
0.5,6,8.91841
0.5,4,8.918846
0.5,6,8.919482
0.5,4,8.919915
0.5,4,8.920348
0.5,6,8.920977
0.5,4,8.921415
0.5,4,8.921845
0.5,4,8.922278
0.5,4,8.922833
0.5,4,8.923373
0.5,6,8.924009
0.5,4,8.92444
0.5,4,8.924872
0.5,4,8.925304
0.5,6,8.925936
0.5,4,8.926368
0.5,4,8.9268
0.5,6,8.927616
0.5,6,8.928247
0.5,6,8.928877
0.5,4,8.929308
0.5,6,8.929935
0.5,4,8.930367
0.5,4,8.930799
0.5,6,8.93147
0.5,4,8.9319
0.5,4,8.932331
0.5,4,8.932808
0.5,8,8.933672
0.5,6,8.934308
0.5,4,8.934739
0.5,4,8.935238
0.5,4,8.935671
0.5,4,8.936103
0.5,4,8.936536
0.5,4,8.936965
0.5,4,8.937394
0.5,4,8.937823
0.5,4,8.938252
0.5,4,8.938778
0.5,4,8.939367
0.5,6,8.939998
0.5,4,8.940431
0.5,6,8.941061
0.5,4,8.94149
0.5,4,8.941919
0.5,4,8.942348
0.5,8,8.943182
0.5,4,8.943617
0.5,4,8.944051
0.5,6,8.94468
0.5,4,8.945111
0.5,6,8.945739
0.5,4,8.946169
0.5,4,8.9466
0.5,4,8.947033
0.5,4,8.947467
0.5,6,8.948122
0.5,4,8.948606
0.5,4,8.949137
0.5,6,8.949788
0.5,4,8.950233
0.5,4,8.950667
0.5,4,8.951175
0.5,4,8.951609
0.5,6,8.952274
0.5,4,8.952705
0.5,4,8.953138
0.5,4,8.953569
0.5,6,8.954231
0.5,4,8.954662
0.5,4,8.955268
0.5,4,8.9557
0.5,4,8.956136
0.5,8,8.956969
0.5,4,8.957395
0.5,4,8.957829
0.5,4,8.958258
0.5,4,8.95869
0.5,4,8.959126
0.5,4,8.95956
0.5,4,8.959991
0.5,4,8.960423
0.5,4,8.960855
0.5,4,8.961285
0.5,4,8.961713
0.5,4,8.962141
0.5,4,8.962606
0.5,4,8.963038
0.5,6,8.963673
0.5,4,8.96411
0.5,4,8.964542
0.5,6,8.965175
0.5,4,8.965609
0.5,4,8.96604
0.5,6,8.96667
0.5,4,8.967116
0.5,6,8.967752
0.5,4,8.968184
0.5,4,8.968618
0.5,6,8.969318
0.5,4,8.969819
0.5,4,8.970327
0.5,6,8.971016
0.5,4,8.971482
0.5,4,8.971913
0.5,6,8.972543
0.5,6,8.973177
0.5,6,8.973812
0.5,4,8.974241
0.5,4,8.974669
0.5,4,8.975137
0.5,6,8.975774
0.5,4,8.976205
0.5,4,8.976635
0.5,4,8.977065
0.5,4,8.977495
0.5,4,8.977926
0.5,6,8.978551
0.5,4,8.978987
0.5,4,8.97942
0.5,4,8.979852
0.5,4,8.980283
0.5,6,8.980912
0.5,4,8.981343
0.5,4,8.981773
0.5,4,8.982203
0.5,4,8.982633
0.5,4,8.983072
0.5,4,8.983504
0.5,4,8.983933
0.5,7,8.984664
0.5,6,8.985296
0.5,6,8.985921
0.5,4,8.986354
0.5,4,8.986783
0.5,4,8.987216
0.5,8,8.98805
0.5,6,8.988681
0.5,4,8.989112
0.5,6,8.989745
0.5,4,8.990177
0.5,4,8.990608
0.5,4,8.991044
0.5,4,8.991477
0.5,4,8.991908
0.5,4,8.992338
0.5,7,8.993062
0.5,4,8.993494
0.5,4,8.993923
0.5,4,8.994355
0.5,4,8.994821
0.5,4,8.995252
0.5,4,8.995685
0.5,4,8.996112
0.5,4,8.996538
0.5,4,8.996967
0.5,6,8.997595
0.5,4,8.998026
0.5,6,8.998657
0.5,4,8.999094
0.5,4,8.999526
0.5,4,8.999954
0.5,6,9.000582
0.5,4,9.00101
0.5,6,9.00164
0.5,4,9.002067
0.5,4,9.002498
0.5,4,9.002973
0.5,4,9.003405
0.5,6,9.004033
0.5,4,9.004463
0.5,4,9.004895
0.5,4,9.005328
0.5,6,9.005965
0.5,4,9.006397
0.5,4,9.006833
0.5,4,9.007267
0.5,6,9.007896
0.5,4,9.008369
0.5,4,9.008802
0.5,6,9.00943
0.5,4,9.009862
0.5,8,9.010693
0.5,4,9.01113
0.5,4,9.011561
0.5,4,9.01199
0.5,4,9.012422
0.5,6,9.013053
0.5,4,9.013487
0.5,8,9.014317
0.5,4,9.014749
0.5,4,9.015186
0.5,4,9.015618
0.5,4,9.016049
0.5,4,9.016475
0.5,4,9.016907
0.5,6,9.017539
0.5,4,9.017973
0.5,4,9.018404
0.5,6,9.01904
0.5,6,9.019673
0.5,4,9.0201
0.5,4,9.020531
0.5,4,9.020961
0.5,6,9.021591
0.5,6,9.02222
0.5,4,9.022649
0.5,4,9.02308
0.5,4,9.023514
0.5,4,9.023946
0.5,8,9.02477
0.5,4,9.025203
0.5,4,9.025636
0.5,6,9.026267
0.5,4,9.026697
0.5,4,9.027132
0.5,6,9.027764
0.5,6,9.028392
0.5,4,9.028822
0.5,4,9.029252
0.5,4,9.02968
0.5,4,9.030113
0.5,4,9.030543
0.5,4,9.031143
0.5,4,9.031752
0.5,6,9.032423
0.5,4,9.032855
0.5,4,9.03329
0.5,4,9.033723
0.5,4,9.034154
0.5,4,9.034586
0.5,6,9.035219
0.5,4,9.035656
0.5,4,9.036082
0.5,6,9.036712
0.5,4,9.037143
0.5,4,9.037572
0.5,6,9.038201
0.5,4,9.038632
0.5,4,9.039067
0.5,4,9.0395
0.5,4,9.03993
0.5,4,9.040357
0.5,6,9.040987
0.5,4,9.041418
0.5,4,9.041848
0.5,6,9.042515
0.5,4,9.042948
0.5,4,9.043378
0.5,4,9.043813
0.5,6,9.044441
0.5,6,9.04507
0.5,4,9.045502
0.5,4,9.045974
0.5,4,9.046407
0.5,6,9.047044
0.5,4,9.04748
0.5,4,9.047913
0.5,4,9.048344
0.5,4,9.048775
0.5,8,9.049604
0.5,4,9.050035
0.5,4,9.050466
0.5,4,9.050902
0.5,6,9.051534
0.5,4,9.051967
0.5,4,9.052399
0.5,4,9.05283
0.5,4,9.053257
0.5,4,9.053686
0.5,4,9.054115
0.5,4,9.054548
0.5,4,9.054984
0.5,4,9.055418
0.5,4,9.055871
0.5,4,9.056353
0.5,6,9.057053
0.5,6,9.05768
0.5,6,9.058367
0.5,6,9.059058
0.5,6,9.059688
0.5,6,9.060324
0.5,4,9.060755
0.5,4,9.061188
0.5,6,9.06182
0.5,4,9.06225
0.5,4,9.062679
0.5,4,9.063116
0.5,4,9.063548
0.5,4,9.063981
0.5,4,9.064413
0.5,6,9.065042
0.5,4,9.065473
0.5,8,9.066303
0.5,4,9.066735
0.5,4,9.06717
0.5,4,9.067606
0.5,4,9.068036
0.5,4,9.068468
0.5,4,9.068902
0.5,4,9.069333
0.5,6,9.069971
0.5,4,9.070405
0.5,4,9.070843
0.5,4,9.071277
0.5,4,9.071711
0.5,4,9.072144
0.5,4,9.072574
0.5,4,9.072998
0.5,4,9.073429
0.5,4,9.073861
0.5,4,9.074295
0.5,4,9.074728
0.5,6,9.075364
0.5,4,9.075829
0.5,4,9.076262
0.5,4,9.076694
0.5,6,9.077396
0.5,4,9.077894
0.5,4,9.078326
0.5,4,9.078757
0.5,4,9.079248
0.5,4,9.079695
0.5,4,9.080126
0.5,4,9.080558
0.5,4,9.080991
0.5,4,9.081424
0.5,4,9.081854
0.5,6,9.082482
0.5,4,9.082917
0.5,4,9.08335
0.5,4,9.083827
0.5,6,9.084461
0.5,4,9.084892
0.5,6,9.085522
0.5,4,9.085958
0.5,4,9.086389
0.5,4,9.086824
0.5,4,9.087252
0.5,4,9.087682
0.5,6,9.088315
0.5,4,9.088752
0.5,4,9.089185
0.5,4,9.089617
0.5,4,9.090049
0.5,8,9.090881
0.5,4,9.091316
0.5,4,9.091779
0.5,4,9.092213
0.5,10,9.093237
0.5,4,9.093674
0.5,4,9.094108
0.5,4,9.094538
0.5,4,9.094972
0.5,4,9.095408
0.5,6,9.096041
0.5,4,9.096472
0.5,4,9.096905
0.5,4,9.097337
0.5,4,9.097768
0.5,4,9.098203
0.5,6,9.09886
0.5,4,9.099309
0.5,4,9.099741
0.5,8,9.100569
0.5,4,9.101033
0.5,4,9.101462
0.5,8,9.102287
0.5,4,9.102862
0.5,8,9.10411
0.5,4,9.104562
0.5,4,9.104996
0.5,4,9.105425
0.5,4,9.105858
0.5,4,9.106287
0.5,4,9.106718
0.5,6,9.107385
0.5,4,9.107816
0.5,4,9.108247
0.5,4,9.108678
0.5,4,9.10911
0.5,4,9.10954
0.5,4,9.109973
0.5,6,9.110606
0.5,8,9.111442
0.5,6,9.112077
0.5,4,9.112508
0.5,6,9.113137
0.5,4,9.113569
0.5,4,9.113995
0.5,6,9.114632
0.5,4,9.115071
0.5,4,9.115505
0.5,6,9.116141
0.5,4,9.116572
0.5,4,9.117003
0.5,4,9.117433
0.5,6,9.118066
0.5,4,9.118498
0.5,4,9.118932
0.5,4,9.119365
0.5,4,9.119797
0.5,4,9.12023
0.5,4,9.120661
0.5,4,9.12109
0.5,4,9.121565
0.5,4,9.121998
0.5,4,9.122431
0.5,4,9.122865
0.5,4,9.123302
0.5,9,9.124229
0.5,4,9.12466
0.5,6,9.12529
0.5,4,9.125719
0.5,4,9.126149
0.5,4,9.126579
0.5,4,9.127017
0.5,4,9.127452
0.5,4,9.127882
0.5,6,9.128517
0.5,6,9.129147
0.5,4,9.129579
0.5,4,9.130012
0.5,4,9.130443
0.5,4,9.130877
0.5,6,9.131515
0.5,4,9.131946
0.5,8,9.132777
0.5,6,9.133415
0.5,8,9.134244
0.5,4,9.134678
0.5,4,9.135112
0.5,4,9.135545
0.5,4,9.135978
0.5,4,9.136412
0.5,4,9.136844
0.5,4,9.137274
0.5,4,9.137705
0.5,6,9.138332
0.5,4,9.138764
0.5,4,9.139199
0.5,4,9.139633
0.5,4,9.140064
0.5,4,9.14069
0.5,4,9.141121
0.5,4,9.14155
0.5,4,9.141981
0.5,6,9.142614
0.5,4,9.143049
0.5,4,9.143479
0.5,4,9.14391
0.5,8,9.14474
0.5,6,9.14537
0.5,8,9.146189
0.5,4,9.146622
0.5,4,9.147058
0.5,4,9.147489
0.5,4,9.147921
0.5,6,9.148548
0.5,4,9.148981
0.5,4,9.14941
0.5,4,9.149838
0.5,4,9.15027
0.5,4,9.150701
0.5,4,9.151202
0.5,4,9.151636
0.5,4,9.152065
0.5,6,9.152692
0.5,4,9.153123
0.5,6,9.15375
0.5,4,9.154183
0.5,6,9.154822
0.5,4,9.155256
0.5,4,9.155684
0.5,4,9.156117
0.5,4,9.156547
0.5,7,9.157279
0.5,4,9.15771
0.5,4,9.158142
0.5,4,9.158574
0.5,4,9.159011
0.5,4,9.159484
0.5,4,9.159917
0.5,6,9.160547
0.5,4,9.160977
0.5,4,9.161412
0.5,6,9.162042
0.5,6,9.162671
0.5,8,9.163527
0.5,4,9.163983
0.5,6,9.164713
0.5,4,9.165143
0.5,4,9.16557
0.5,6,9.166234
0.5,4,9.166696
0.5,4,9.167165
0.5,4,9.167595
0.5,6,9.168227
0.5,4,9.168658
0.5,4,9.16909
0.5,4,9.169519
0.5,4,9.169949
0.5,6,9.170579
0.5,4,9.171057
0.5,4,9.171489
0.5,4,9.17192
0.5,6,9.172548
0.5,4,9.172979
0.5,4,9.173409
0.5,8,9.174244
0.5,4,9.174678
0.5,6,9.175351
0.5,4,9.175786
0.5,4,9.176215
0.5,4,9.176648
0.5,4,9.177077
0.5,4,9.177507
0.5,4,9.17794
0.5,7,9.178667
0.5,4,9.179145
0.5,4,9.179576
0.5,8,9.180405
0.5,6,9.181033
0.5,4,9.181465
0.5,4,9.181896
0.5,4,9.182324
0.5,4,9.182754
0.5,6,9.183387
0.5,4,9.18382
0.5,4,9.184309
0.5,8,9.185224
0.5,4,9.185653
0.5,8,9.186485
0.5,4,9.186958
0.5,4,9.187393
0.5,4,9.187822
0.5,4,9.188252
0.5,6,9.188912
0.5,6,9.189535
0.5,6,9.190169
0.5,6,9.190799
0.5,4,9.191234
0.5,4,9.191665
0.5,4,9.192098
0.5,4,9.19253
0.5,4,9.192962
0.5,4,9.193428
0.5,4,9.193857
0.5,4,9.194289
0.5,4,9.194718
0.5,4,9.195155
0.5,4,9.195587
0.5,4,9.196017
0.5,4,9.196685
0.5,4,9.197197
0.5,6,9.197832
0.5,4,9.198266
0.5,4,9.198695
0.5,4,9.199129
0.5,6,9.19976
0.5,6,9.200389
0.5,4,9.200819
0.5,6,9.20145
0.5,4,9.20188
0.5,4,9.20231
0.5,4,9.202741
0.5,4,9.203175
0.5,4,9.203607
0.5,6,9.204269
0.5,4,9.204696
0.5,4,9.205125
0.5,4,9.205552
0.5,6,9.206179
0.5,4,9.206611
0.5,4,9.207049
0.5,4,9.207482
0.5,4,9.207911
0.5,4,9.208338
0.5,4,9.208765
0.5,4,9.209195
0.5,4,9.209628
0.5,6,9.210254
0.5,4,9.210682
0.5,4,9.211119
0.5,4,9.211554
0.5,6,9.212187
0.5,4,9.212907
0.5,4,9.213352
0.5,4,9.21378
0.5,4,9.214211
0.5,6,9.214846
0.5,4,9.215277
0.5,4,9.215708
0.5,4,9.216143
0.5,4,9.216574
0.5,4,9.217007
0.5,8,9.217839
0.5,4,9.21827
0.5,4,9.218703
0.5,4,9.21914
0.5,4,9.219573
0.5,4,9.220004
0.5,4,9.220439
0.5,4,9.22087
0.5,6,9.2215
0.5,4,9.221931
0.5,4,9.222361
0.5,8,9.223195
0.5,4,9.223626
0.5,4,9.224055
0.5,4,9.224487
0.5,4,9.224919
0.5,4,9.225351
0.5,4,9.225784
0.5,4,9.226216
0.5,4,9.226646
0.5,4,9.227079
0.5,4,9.227512
0.5,6,9.228141
0.5,4,9.228571
0.5,6,9.2292
0.5,4,9.229627
0.5,4,9.230058
0.5,6,9.23069
0.5,4,9.231128
0.5,4,9.23156
0.5,6,9.232195
0.5,4,9.232627
0.5,4,9.233059
0.5,4,9.233487
0.5,4,9.233916
0.5,4,9.234346
0.5,4,9.234863
0.5,4,9.235301
0.5,4,9.235732
0.5,4,9.236163
0.5,4,9.236593
0.5,4,9.237025
0.5,4,9.237455
0.5,4,9.237888
0.5,6,9.23852
0.5,4,9.238957
0.5,4,9.23939
0.5,4,9.239818
0.5,4,9.240248
0.5,4,9.240677
0.5,4,9.241112
0.5,4,9.241545
0.5,6,9.242174
0.5,4,9.242745
0.5,4,9.243177
0.5,6,9.24381
0.5,6,9.24444
0.5,12,9.245668
0.5,4,9.246104
0.5,6,9.246736
0.5,6,9.247369
0.5,6,9.247997
0.5,4,9.248429
0.5,4,9.249112
0.5,4,9.249545
0.5,4,9.249975
0.5,4,9.250437
0.5,4,9.250872
0.5,6,9.251506
0.5,4,9.251935
0.5,4,9.252366
0.5,6,9.252994
0.5,4,9.253425
0.5,7,9.25415
0.5,6,9.25478
0.5,4,9.255213
0.5,4,9.255646
0.5,4,9.256078
0.5,4,9.256509
0.5,4,9.256939
0.5,4,9.25737
0.5,4,9.257806
0.5,4,9.258237
0.5,8,9.259101
0.5,4,9.259571
0.5,4,9.260003
0.5,4,9.260436
0.5,4,9.260869
0.5,6,9.261501
0.5,6,9.262135
0.5,4,9.262568
0.5,4,9.263003
0.5,6,9.263633
0.5,4,9.264065
0.5,4,9.264493
0.5,4,9.264921
0.5,4,9.265353
0.5,6,9.265983
0.5,4,9.266411
0.5,4,9.266844
0.5,6,9.267476
0.5,4,9.267908
0.5,4,9.268341
0.5,4,9.268774
0.5,4,9.269205
0.5,4,9.269637
0.5,4,9.270064
0.5,4,9.270492
0.5,4,9.270978
0.5,8,9.271934
0.5,4,9.272367
0.5,4,9.272842
0.5,4,9.273278
0.5,4,9.273742
0.5,8,9.274575
0.5,4,9.275074
0.5,4,9.275507
0.5,4,9.275942
0.5,4,9.276373
0.5,4,9.276803
0.5,4,9.277233
0.5,4,9.277663
0.5,4,9.278088
0.5,4,9.278517
0.5,4,9.278949
0.5,8,9.279781
0.5,4,9.280212
0.5,4,9.280641
0.5,4,9.281072
0.5,4,9.281501
0.5,4,9.281931
0.5,4,9.282362
0.5,4,9.282794
0.5,4,9.28323
0.5,4,9.283664
0.5,6,9.284327
0.5,4,9.284756
0.5,4,9.285188
0.5,4,9.285618
0.5,4,9.286047
0.5,4,9.286478
0.5,8,9.28735
0.5,6,9.287984
0.5,6,9.288617
0.5,4,9.289049
0.5,8,9.289881
0.5,4,9.290311
0.5,4,9.290742
0.5,4,9.291177
0.5,4,9.291634
0.5,4,9.292135
0.5,6,9.292814
0.5,4,9.293245
0.5,4,9.293679
0.5,4,9.294143
0.5,6,9.294775
0.5,4,9.295208
0.5,4,9.29564
0.5,11,9.296771
0.5,4,9.297206
0.5,4,9.297637
0.5,6,9.298267
0.5,6,9.298898
0.5,4,9.299332
0.5,4,9.299766
0.5,4,9.300196
0.5,4,9.300631
0.5,6,9.301265
0.5,6,9.301896
0.5,4,9.302329
0.5,4,9.302757
0.5,4,9.303193
0.5,4,9.303624
0.5,4,9.304056
0.5,4,9.304487
0.5,7,9.305219
0.5,4,9.305651
0.5,4,9.306081
0.5,6,9.306706
0.5,8,9.307544
0.5,6,9.308178
0.5,4,9.30861
0.5,4,9.309042
0.5,6,9.309672
0.5,4,9.310103
0.5,4,9.310577
0.5,6,9.311218
0.5,6,9.311851
0.5,4,9.312284
0.5,4,9.312714
0.5,4,9.313144
0.5,6,9.313782
0.5,4,9.314215
0.5,4,9.314647
0.5,4,9.315082
0.5,4,9.315514
0.5,4,9.315945
0.5,4,9.316411
0.5,4,9.316842
0.5,4,9.317273
0.5,6,9.317901
0.5,4,9.318335
0.5,4,9.318767
0.5,4,9.319201
0.5,6,9.319837
0.5,4,9.320268
0.5,4,9.320698
0.5,4,9.321131
0.5,6,9.32176
0.5,4,9.32219
0.5,4,9.322621
0.5,8,9.323455
0.5,4,9.323892
0.5,4,9.324323
0.5,4,9.324752
0.5,4,9.325184
0.5,6,9.325813
0.5,4,9.326245
0.5,4,9.326674
0.5,6,9.327309
0.5,6,9.327941
0.5,4,9.328371
0.5,6,9.329002
0.5,4,9.329433
0.5,4,9.329866
0.5,4,9.330298
0.5,6,9.330927
0.5,4,9.331362
0.5,4,9.331794
0.5,4,9.332226
0.5,4,9.332658
0.5,4,9.333089
0.5,4,9.333519
0.5,4,9.333945
0.5,4,9.334373
0.5,10,9.335401
0.5,4,9.335833
0.5,6,9.336462
0.5,4,9.33689
0.5,4,9.33732
0.5,4,9.33775
0.5,4,9.338179
0.5,4,9.338608
0.5,4,9.339044
0.5,6,9.339679
0.5,6,9.340314
0.5,4,9.340743
0.5,4,9.341172
0.5,4,9.341605
0.5,6,9.34224
0.5,6,9.342875
0.5,6,9.34351
0.5,4,9.34394
0.5,4,9.344374
0.5,4,9.344806
0.5,4,9.345237
0.5,4,9.345668
0.5,4,9.346101
0.5,4,9.346532
0.5,4,9.346963
0.5,6,9.34759
0.5,6,9.348261
0.5,4,9.348693
0.5,4,9.349125
0.5,4,9.349557
0.5,4,9.349989
0.5,6,9.350624
0.5,4,9.351057
0.5,6,9.35169
0.5,4,9.352122
0.5,4,9.352554
0.5,7,9.353285
0.5,4,9.353714
0.5,4,9.354146
0.5,8,9.35498
0.5,4,9.355413
0.5,4,9.355844
0.5,4,9.356273
0.5,6,9.357125
0.5,4,9.357557
0.5,4,9.357989
0.5,4,9.358419
0.5,4,9.358852
0.5,4,9.359286
0.5,4,9.359717
0.5,6,9.360347
0.5,4,9.360778
0.5,4,9.361207
0.5,6,9.361837
0.5,8,9.362664
0.5,6,9.363296
0.5,4,9.363725
0.5,4,9.364156
0.5,4,9.364589
0.5,4,9.365019
0.5,4,9.365446
0.5,4,9.365874
0.5,4,9.366308
0.5,4,9.366739
0.5,4,9.367207
0.5,4,9.367642
0.5,4,9.368073
0.5,4,9.368505
0.5,4,9.368934
0.5,4,9.369364
0.5,4,9.369795
0.5,6,9.370419
0.5,4,9.370854
0.5,6,9.371484
0.5,4,9.371917
0.5,6,9.372548
0.5,4,9.372976
0.5,4,9.373405
0.5,6,9.374038
0.5,4,9.374466
0.5,4,9.374901
0.5,4,9.375333
0.5,4,9.375765
0.5,6,9.376389
0.5,4,9.37682
0.5,6,9.377448
0.5,4,9.377879
0.5,4,9.378309
0.5,4,9.378762
0.5,4,9.379249
0.5,4,9.379746
0.5,6,9.380376
0.5,4,9.380802
0.5,4,9.381265
0.5,4,9.381693
0.5,6,9.38232
0.5,4,9.382785
0.5,4,9.383254
0.5,4,9.383687
0.5,4,9.384117
0.5,4,9.384549
0.5,4,9.384978
0.5,4,9.385407
0.5,4,9.385863
0.5,4,9.38631
0.5,4,9.38674
0.5,4,9.387218
0.5,4,9.387651
0.5,4,9.388083
0.5,4,9.388517
0.5,4,9.38895
0.5,4,9.389381
0.5,4,9.389813
0.5,4,9.390248
0.5,4,9.390678
0.5,4,9.391113
0.5,4,9.391548
0.5,4,9.391979
0.5,6,9.392608
0.5,4,9.39304
0.5,4,9.393472
0.5,4,9.393905
0.5,4,9.394336
0.5,6,9.39497
0.5,6,9.395605
0.5,6,9.396237
0.5,6,9.39686
0.5,4,9.397327
0.5,4,9.397756
0.5,4,9.398186
0.5,4,9.398612
0.5,6,9.399303
0.5,4,9.399787
0.5,4,9.400285
0.5,4,9.400713
0.5,10,9.401773
0.5,4,9.402201
0.5,4,9.40263
0.5,4,9.403105
0.5,4,9.403538
0.5,4,9.403968
0.5,6,9.404598
0.5,4,9.40503
0.5,4,9.405462
0.5,4,9.405894
0.5,4,9.406322
0.5,4,9.406749
0.5,8,9.407584
0.5,6,9.408215
0.5,6,9.408848
0.5,4,9.409281
0.5,6,9.409907
0.5,4,9.410337
0.5,4,9.410769
0.5,4,9.411205
0.5,6,9.411839
0.5,4,9.412273
0.5,4,9.412704
0.5,4,9.413167
0.5,4,9.413602
0.5,4,9.41403
0.5,4,9.414459
0.5,4,9.414892
0.5,4,9.415323
0.5,4,9.415753
0.5,8,9.416579
0.5,4,9.417008
0.5,4,9.417433
0.5,6,9.418061
0.5,4,9.418494
0.5,4,9.418931
0.5,4,9.419361
0.5,4,9.419793
0.5,4,9.420225
0.5,8,9.421058
0.5,4,9.421492
0.5,4,9.421923
0.5,4,9.422351
0.5,4,9.422779
0.5,4,9.423212
0.5,4,9.42367
0.5,6,9.424318
0.5,4,9.424755
0.5,4,9.425188
0.5,4,9.425621
0.5,4,9.426053
0.5,4,9.426486
0.5,6,9.427116
0.5,4,9.42755
0.5,6,9.428181
0.5,6,9.428815
0.5,4,9.429246
0.5,4,9.429674
0.5,4,9.430107
0.5,4,9.430539
0.5,4,9.430972
0.5,6,9.431604
0.5,4,9.432035
0.5,4,9.432464
0.5,4,9.432895
0.5,4,9.433325
0.5,8,9.434158
0.5,4,9.434584
0.5,8,9.435417
0.5,4,9.435852
0.5,8,9.436682
0.5,4,9.437112
0.5,4,9.437544
0.5,4,9.437975
0.5,4,9.438406
0.5,4,9.439082
0.5,4,9.439618
0.5,4,9.440049
0.5,4,9.440479
0.5,4,9.440908
0.5,4,9.441338
0.5,4,9.441767
0.5,4,9.442197
0.5,4,9.442626
0.5,4,9.443097
0.5,4,9.443528
0.5,4,9.443959
0.5,6,9.444593
0.5,4,9.445024
0.5,6,9.44565
0.5,4,9.446081
0.5,8,9.447035
0.5,4,9.447467
0.5,4,9.447899
0.5,4,9.448331
0.5,6,9.44896
0.5,6,9.449591
0.5,4,9.450024
0.5,4,9.450457
0.5,4,9.450892
0.5,4,9.451327
0.5,6,9.451957
0.5,8,9.452789
0.5,6,9.453422
0.5,4,9.453855
0.5,4,9.454357
0.5,4,9.454788
0.5,4,9.455602
0.5,4,9.456036
0.5,4,9.456466
0.5,4,9.456893
0.5,6,9.457524
0.5,4,9.457953
0.5,8,9.458781
0.5,4,9.459216
0.5,4,9.459651
0.5,4,9.460078
0.5,6,9.460708
0.5,4,9.46114
0.5,4,9.461612
0.5,4,9.462044
0.5,6,9.462674
0.5,6,9.46331
0.5,6,9.463939
0.5,4,9.464373
0.5,6,9.464998
0.5,4,9.465608
0.5,6,9.466263
0.5,4,9.466694
0.5,4,9.467133
0.5,4,9.467566
0.5,6,9.468201
0.5,4,9.468637
0.5,4,9.469065
0.5,4,9.469495
0.5,4,9.469923
0.5,4,9.470355
0.5,4,9.470784
0.5,4,9.471218
0.5,4,9.471648
0.5,4,9.47208
0.5,4,9.472511
0.5,4,9.472944
0.5,4,9.473374
0.5,4,9.473805
0.5,4,9.474236
0.5,4,9.474666
0.5,4,9.475101
0.5,4,9.475533
0.5,4,9.475986
0.5,4,9.476434
0.5,4,9.476867
0.5,4,9.4773
0.5,4,9.477733
0.5,6,9.478362
0.5,6,9.478995
0.5,6,9.479629
0.5,6,9.480258
0.5,4,9.480686
0.5,4,9.481116
0.5,4,9.481544
0.5,4,9.481976
0.5,10,9.483012
0.5,6,9.483646
0.5,4,9.484079
0.5,4,9.484511
0.5,4,9.484938
0.5,4,9.485366
0.5,8,9.486193
0.5,4,9.486647
0.5,4,9.487097
0.5,8,9.487997
0.5,6,9.488628
0.5,4,9.489091
0.5,4,9.489521
0.5,6,9.490151
0.5,4,9.490582
0.5,4,9.49105
0.5,4,9.491482
0.5,4,9.491946
0.5,8,9.49281
0.5,4,9.493242
0.5,4,9.493669
0.5,4,9.494098
0.5,8,9.494933
0.5,4,9.495367
0.5,4,9.495793
0.5,6,9.496419
0.5,4,9.496853
0.5,4,9.497286
0.5,6,9.497919
0.5,4,9.49835
0.5,4,9.498781
0.5,4,9.499241
0.5,4,9.499691
0.5,4,9.500123
0.5,4,9.500555
0.5,8,9.501386
0.5,4,9.501816
0.5,4,9.502249
0.5,4,9.502681
0.5,4,9.503117
0.5,6,9.503749
0.5,6,9.504381
0.5,4,9.504812
0.5,4,9.505242
0.5,4,9.505672
0.5,6,9.506299
0.5,4,9.506724
0.5,4,9.507213
0.5,6,9.507921
0.5,6,9.508554
0.5,4,9.508985
0.5,4,9.509415
0.5,6,9.510079
0.5,4,9.510513
0.5,6,9.511254
0.5,4,9.511688
0.5,4,9.512117
0.5,4,9.512549
0.5,4,9.51298
0.5,4,9.513411
0.5,4,9.513844
0.5,4,9.514274
0.5,4,9.514706
0.5,4,9.515142
0.5,4,9.515576
0.5,8,9.516403
0.5,4,9.516837
0.5,8,9.51766
0.5,4,9.518091
0.5,6,9.518723
0.5,4,9.519157
0.5,4,9.51959
0.5,4,9.520021
0.5,4,9.520454
0.5,7,9.521182
0.5,6,9.521809
0.5,6,9.522439
0.5,4,9.522917
0.5,4,9.523351
0.5,4,9.523779
0.5,6,9.52441
0.5,8,9.525239
0.5,6,9.525873
0.5,6,9.526541
0.5,4,9.52698
0.5,4,9.52748
0.5,4,9.527912
0.5,4,9.528345
0.5,6,9.528975
0.5,4,9.529407
0.5,4,9.529838
0.5,4,9.530269
0.5,4,9.530699
0.5,4,9.531133
0.5,10,9.532164
0.5,4,9.532595
0.5,4,9.533025
0.5,4,9.533457
0.5,6,9.534089
0.5,4,9.534521
0.5,6,9.535157
0.5,4,9.535588
0.5,4,9.536019
0.5,4,9.536455
0.5,6,9.537133
0.5,4,9.537567
0.5,4,9.537999
0.5,6,9.538629
0.5,4,9.539067
0.5,4,9.539497
0.5,4,9.539928
0.5,4,9.54036
0.5,4,9.540789
0.5,4,9.541218
0.5,4,9.541647
0.5,4,9.542077
0.5,4,9.542506
0.5,4,9.542939
0.5,4,9.543371
0.5,6,9.544007
0.5,4,9.544439
0.5,4,9.544867
0.5,4,9.545296
0.5,4,9.545727
0.5,4,9.546158
0.5,8,9.546991
0.5,4,9.547425
0.5,4,9.547856
0.5,4,9.548288
0.5,13,9.549616
0.5,4,9.550049
0.5,8,9.550878
0.5,6,9.55151
0.5,10,9.552536
0.5,4,9.552968
0.5,4,9.553396
0.5,4,9.553826
0.5,4,9.554252
0.5,8,9.555086
0.5,4,9.555519
0.5,4,9.555952
0.5,4,9.556384
0.5,8,9.557316
0.5,4,9.557746
0.5,4,9.558178
0.5,4,9.558609
0.5,6,9.559239
0.5,6,9.55987
0.5,4,9.560302
0.5,4,9.560768
0.5,4,9.561198
0.5,4,9.561629
0.5,4,9.562058
0.5,4,9.56249
0.5,4,9.562928
0.5,4,9.563363
0.5,4,9.563796
0.5,4,9.564227
0.5,4,9.564649
0.5,4,9.565083
0.5,8,9.565915
0.5,4,9.566347
0.5,6,9.56698
0.5,4,9.56741
0.5,4,9.567839
0.5,4,9.568265
0.5,4,9.568696
0.5,4,9.569127
0.5,4,9.569557
0.5,6,9.570187
0.5,4,9.570616
0.5,4,9.57105
0.5,6,9.571681
0.5,4,9.572113
0.5,6,9.57274
0.5,4,9.573401
0.5,4,9.573838
0.5,4,9.57427
0.5,4,9.574699
0.5,4,9.57524
0.5,6,9.575912
0.5,4,9.576344
0.5,6,9.576977
0.5,6,9.577606
0.5,6,9.578237
0.5,4,9.578669
0.5,4,9.579134
0.5,8,9.579967
0.5,8,9.580796
0.5,4,9.581228
0.5,4,9.581659
0.5,4,9.582088
0.5,4,9.582518
0.5,4,9.582951
0.5,4,9.583386
0.5,6,9.584082
0.5,4,9.584512
0.5,4,9.584942
0.5,4,9.585372
0.5,4,9.585802
0.5,7,9.586532
0.5,4,9.586965
0.5,4,9.587394
0.5,4,9.587825
0.5,4,9.588256
0.5,4,9.588687
0.5,4,9.58912
0.5,4,9.589549
0.5,4,9.58998
0.5,4,9.590413
0.5,4,9.590843
0.5,4,9.591275
0.5,6,9.591907
0.5,4,9.59234
0.5,4,9.592772
0.5,6,9.593404
0.5,6,9.594066
0.5,4,9.594553
0.5,4,9.59504
0.5,4,9.595473
0.5,4,9.595972
0.5,4,9.596405
0.5,6,9.597034
0.5,4,9.597469
0.5,4,9.597898
0.5,4,9.598329
0.5,4,9.59876
0.5,4,9.599263
0.5,6,9.599891
0.5,6,9.600525
0.5,4,9.600955
0.5,6,9.601584
0.5,6,9.602253
0.5,4,9.602683
0.5,4,9.60312
0.5,4,9.603553
0.5,4,9.603984
0.5,4,9.604415
0.5,6,9.605047
0.5,4,9.605474
0.5,4,9.605904
0.5,4,9.606335
0.5,6,9.606977
0.5,4,9.607412
0.5,4,9.607841
0.5,4,9.608273
0.5,4,9.608704
0.5,4,9.609137
0.5,6,9.609764
0.5,4,9.610197
0.5,10,9.611232
0.5,6,9.611871
0.5,4,9.612305
0.5,4,9.612771
0.5,6,9.613399
0.5,6,9.614032
0.5,4,9.614465
0.5,4,9.614935
0.5,4,9.615424
0.5,4,9.615907
0.5,4,9.616339
0.5,4,9.616823
0.5,4,9.617275
0.5,4,9.617702
0.5,4,9.618134
0.5,4,9.618563
0.5,6,9.619196
0.5,4,9.61963
0.5,4,9.620059
0.5,4,9.62049
0.5,4,9.62092
0.5,6,9.621551
0.5,6,9.62218
0.5,6,9.622812
0.5,4,9.623245
0.5,6,9.623873
0.5,4,9.624306
0.5,4,9.624737
0.5,4,9.625169
0.5,4,9.625598
0.5,4,9.626028
0.5,4,9.626461
0.5,6,9.627127
0.5,4,9.627561
0.5,6,9.628189
0.5,6,9.628822
0.5,4,9.629251
0.5,4,9.629682
0.5,4,9.630113
0.5,4,9.630543
0.5,7,9.63131
0.5,4,9.631744
0.5,4,9.632175
0.5,4,9.632607
0.5,4,9.633034
0.5,4,9.633463
0.5,4,9.633892
0.5,4,9.634323
0.5,4,9.634753
0.5,4,9.635188
0.5,6,9.635823
0.5,4,9.636256
0.5,4,9.63669
0.5,4,9.63712
0.5,4,9.63755
0.5,4,9.638019
0.5,4,9.63845
0.5,4,9.638882
0.5,4,9.639317
0.5,8,9.640147
0.5,8,9.640977
0.5,4,9.641409
0.5,4,9.641841
0.5,6,9.642475
0.5,4,9.642909
0.5,6,9.643544
0.5,4,9.643978
0.5,4,9.644411
0.5,4,9.644843
0.5,6,9.645467
0.5,4,9.645899
0.5,4,9.64633
0.5,4,9.646761
0.5,4,9.647196
0.5,8,9.648029
0.5,6,9.648661
0.5,4,9.649091
0.5,4,9.649521
0.5,4,9.649986
0.5,4,9.650452
0.5,4,9.650885
0.5,4,9.65132
0.5,6,9.65195
0.5,4,9.652377
0.5,4,9.652805
0.5,4,9.653236
0.5,4,9.653669
0.5,6,9.654295
0.5,4,9.654728
0.5,6,9.655364
0.5,6,9.655998
0.5,4,9.65643
0.5,4,9.656863
0.5,4,9.657294
0.5,4,9.657726
0.5,4,9.658158
0.5,4,9.658591
0.5,4,9.659026
0.5,6,9.659663
0.5,4,9.660094
0.5,4,9.660525
0.5,4,9.660953
0.5,4,9.661386
0.5,4,9.661817
0.5,4,9.662248
0.5,4,9.662678
0.5,4,9.663116
0.5,4,9.663547
0.5,4,9.663974
0.5,8,9.664805
0.5,4,9.665237
0.5,4,9.665667
0.5,4,9.666097
0.5,4,9.666529
0.5,4,9.666963
0.5,4,9.667393
0.5,4,9.667824
0.5,4,9.668255
0.5,6,9.668888
0.5,4,9.669319
0.5,4,9.66975
0.5,4,9.670181
0.5,6,9.670818
0.5,4,9.67125
0.5,4,9.67168
0.5,4,9.672112
0.5,4,9.672542
0.5,4,9.672974
0.5,4,9.673406
0.5,4,9.673836
0.5,4,9.674268
0.5,4,9.674698
0.5,6,9.675329
0.5,4,9.67576
0.5,6,9.676392
0.5,4,9.676825
0.5,4,9.677259
0.5,4,9.677688
0.5,8,9.678517
0.5,4,9.678956
0.5,4,9.679391
0.5,6,9.680021
0.5,8,9.680855
0.5,4,9.681453
0.5,4,9.681901
0.5,4,9.682337
0.5,4,9.682772
0.5,4,9.683207
0.5,6,9.683841
0.5,12,9.685069
0.5,4,9.685503
0.5,4,9.685937
0.5,4,9.686368
0.5,4,9.6868
0.5,6,9.687433
0.5,6,9.688066
0.5,4,9.688538
0.5,4,9.688969
0.5,4,9.689404
0.5,4,9.689837
0.5,4,9.690266
0.5,4,9.690698
0.5,4,9.691133
0.5,4,9.691566
0.5,6,9.692232
0.5,4,9.692665
0.5,4,9.693096
0.5,9,9.694025
0.5,4,9.694456
0.5,4,9.694891
0.5,6,9.695524
0.5,4,9.695958
0.5,4,9.696387
0.5,4,9.696815
0.5,4,9.697249
0.5,4,9.697682
0.5,4,9.698112
0.5,6,9.69874
0.5,4,9.699178
0.5,4,9.699613
0.5,4,9.700044
0.5,4,9.700477
0.5,6,9.701111
0.5,4,9.701546
0.5,4,9.70198
0.5,4,9.702413
0.5,4,9.702845
0.5,4,9.703275
0.5,6,9.704009
0.5,4,9.704504
0.5,6,9.705207
0.5,4,9.70564
0.5,6,9.706268
0.5,4,9.706698
0.5,4,9.707167
0.5,4,9.707601
0.5,6,9.708234
0.5,6,9.708868
0.5,4,9.709334
0.5,4,9.709765
0.5,4,9.710197
0.5,6,9.710833
0.5,4,9.711302
0.5,4,9.711735
0.5,8,9.712561
0.5,6,9.713193
0.5,4,9.713624
0.5,6,9.714257
0.5,4,9.714689
0.5,4,9.715127
0.5,4,9.715559
0.5,4,9.715989
0.5,4,9.716419
0.5,4,9.71685
0.5,4,9.717277
0.5,10,9.718302
0.5,4,9.718734
0.5,4,9.719166
0.5,6,9.719796
0.5,6,9.720428
0.5,4,9.720859
0.5,4,9.721287
0.5,6,9.721915
0.5,6,9.722547
0.5,4,9.722983
0.5,4,9.72342
0.5,4,9.723848
0.5,4,9.724301
0.5,4,9.724785
0.5,4,9.725216
0.5,4,9.725713
0.5,4,9.726182
0.5,4,9.726614
0.5,4,9.727049
0.5,4,9.727478
0.5,6,9.728111
0.5,4,9.728541
0.5,4,9.728971
0.5,4,9.729405
0.5,6,9.730029
0.5,4,9.730461
0.5,4,9.730895
0.5,4,9.731366
0.5,4,9.731797
0.5,4,9.732228
0.5,4,9.732661
0.5,4,9.733093
0.5,6,9.733756
0.5,4,9.734182
0.5,4,9.734611
0.5,4,9.735098
0.5,4,9.735528
0.5,6,9.736159
0.5,4,9.736591
0.5,4,9.737024
0.5,4,9.737455
0.5,4,9.737885
0.5,4,9.738315
0.5,4,9.738748
0.5,6,9.739413
0.5,4,9.739848
0.5,4,9.740278
0.5,6,9.740911
0.5,6,9.741543
0.5,4,9.741974
0.5,4,9.742407
0.5,4,9.74284
0.5,4,9.743276
0.5,4,9.743703
0.5,4,9.744133
0.5,4,9.744566
0.5,4,9.744999
0.5,4,9.745428
0.5,4,9.745859
0.5,4,9.746289
0.5,4,9.746721
0.5,4,9.747156
0.5,4,9.74759
0.5,4,9.748022
0.5,4,9.748453
0.5,4,9.748882
0.5,4,9.749311
0.5,4,9.749741
0.5,4,9.750172
0.5,4,9.750603
0.5,4,9.751038
0.5,6,9.751666
0.5,4,9.752099
0.5,8,9.752928
0.5,4,9.753426
0.5,6,9.754059
0.5,4,9.754488
0.5,6,9.75512
0.5,4,9.755552
0.5,4,9.755983
0.5,4,9.756417
0.5,4,9.75685
0.5,4,9.757283
0.5,4,9.757714
0.5,4,9.758142
0.5,6,9.758769
0.5,6,9.759403
0.5,6,9.760034
0.5,4,9.760464
0.5,4,9.760893
0.5,4,9.761324
0.5,4,9.761788
0.5,10,9.762824
0.5,4,9.763257
0.5,4,9.763687
0.5,4,9.764265
0.5,4,9.764696
0.5,6,9.765331
0.5,4,9.765762
0.5,4,9.766194
0.5,4,9.766625
0.5,4,9.767061
0.5,4,9.767496
0.5,4,9.767927
0.5,6,9.768563
0.5,4,9.768987
0.5,4,9.769414
0.5,4,9.769848
0.5,4,9.770277
0.5,4,9.770706
0.5,4,9.771137
0.5,4,9.771565
0.5,4,9.771992
0.5,4,9.772425
0.5,4,9.772858
0.5,4,9.773287
0.5,4,9.773717
0.5,4,9.774149
0.5,4,9.774578
0.5,6,9.775213
0.5,6,9.775844
0.5,4,9.776274
0.5,4,9.776705
0.5,4,9.777135
0.5,6,9.777765
0.5,4,9.778197
0.5,4,9.778628
0.5,4,9.779057
0.5,4,9.77949
0.5,4,9.779922
0.5,4,9.780356
0.5,6,9.780984
0.5,4,9.781418
0.5,6,9.782048
0.5,4,9.782478
0.5,6,9.783118
0.5,4,9.783551
0.5,4,9.783982
0.5,4,9.784414
0.5,4,9.784846
0.5,4,9.785279
0.5,4,9.785709
0.5,4,9.78614
0.5,4,9.786572
0.5,6,9.787205
0.5,6,9.787838
0.5,4,9.788268
0.5,6,9.788904
0.5,6,9.789765
0.5,4,9.790199
0.5,6,9.790873
0.5,4,9.791304
0.5,4,9.791735
0.5,4,9.792167
0.5,4,9.792595
0.5,4,9.793026
0.5,4,9.793453
0.5,4,9.793882
0.5,8,9.794712
0.5,4,9.795151
0.5,4,9.795585
0.5,6,9.796214
0.5,4,9.796647
0.5,4,9.797078
0.5,4,9.797509
0.5,4,9.79794
0.5,4,9.798373
0.5,4,9.798806
0.5,6,9.799441
0.5,8,9.800308
0.5,4,9.800737
0.5,6,9.801372
0.5,6,9.802046
0.5,4,9.802479
0.5,6,9.803113
0.5,6,9.803754
0.5,6,9.804386
0.5,4,9.804817
0.5,4,9.805249
0.5,4,9.805683
0.5,4,9.806114
0.5,4,9.806545
0.5,4,9.806982
0.5,6,9.807616
0.5,6,9.808251
0.5,4,9.80868
0.5,4,9.809112
0.5,6,9.809744
0.5,4,9.810179
0.5,8,9.811011
0.5,4,9.811447
0.5,8,9.812386
0.5,4,9.812817
0.5,4,9.813316
0.5,8,9.81415
0.5,6,9.814779
0.5,6,9.815485
0.5,4,9.815915
0.5,4,9.816347
0.5,8,9.817214
0.5,4,9.817646
0.5,4,9.818079
0.5,4,9.81851
0.5,4,9.81898
0.5,4,9.819447
0.5,4,9.819875
0.5,7,9.820605
0.5,4,9.821034
0.5,4,9.821461
0.5,4,9.821892
0.5,4,9.822322
0.5,7,9.823092
0.5,4,9.823523
0.5,4,9.823953
0.5,4,9.824384
0.5,4,9.824811
0.5,4,9.825245
0.5,4,9.825676
0.5,6,9.826307
0.5,4,9.826738
0.5,4,9.827174
0.5,4,9.827609
0.5,4,9.828038
0.5,4,9.828469
0.5,4,9.828901
0.5,4,9.829332
0.5,4,9.829761
0.5,6,9.830391
0.5,4,9.830826
0.5,4,9.831259
0.5,4,9.831691
0.5,6,9.832325
0.5,4,9.832829
0.5,4,9.833262
0.5,4,9.833693
0.5,4,9.834191
0.5,4,9.834619
0.5,6,9.835292
0.5,4,9.835722
0.5,6,9.836351
0.5,4,9.836781
0.5,4,9.837211
0.5,4,9.837644
0.5,4,9.838074
0.5,6,9.838704
0.5,4,9.839176
0.5,4,9.839683
0.5,4,9.840113
0.5,4,9.840544
0.5,4,9.840973
0.5,6,9.841599
0.5,4,9.842029
0.5,4,9.842459
0.5,4,9.842895
0.5,4,9.843327
0.5,4,9.843753
0.5,4,9.844179
0.5,4,9.844604
0.5,6,9.845232
0.5,4,9.845697
0.5,7,9.846423
0.5,4,9.846897
0.5,4,9.847333
0.5,4,9.847764
0.5,10,9.848784
0.5,6,9.849416
0.5,4,9.849846
0.5,4,9.850278
0.5,4,9.850707
0.5,4,9.851142
0.5,4,9.851576
0.5,8,9.852406
0.5,4,9.852838
0.5,4,9.853269
0.5,4,9.85384
0.5,6,9.85447
0.5,4,9.854904
0.5,4,9.855334
0.5,4,9.855763
0.5,4,9.856194
0.5,4,9.856623
0.5,4,9.857053
0.5,4,9.857519
0.5,4,9.85795
0.5,4,9.85838
0.5,4,9.858813
0.5,8,9.859648
0.5,4,9.860082
0.5,4,9.860513
0.5,4,9.860946
0.5,6,9.861578
0.5,4,9.86201
0.5,4,9.862441
0.5,4,9.862873
0.5,4,9.863306
0.5,4,9.863736
0.5,8,9.864565
0.5,4,9.864993
0.5,4,9.865425
0.5,4,9.865856
0.5,6,9.866485
0.5,4,9.866922
0.5,4,9.867354
0.5,4,9.867789
0.5,4,9.86822
0.5,4,9.868653
0.5,4,9.869082
0.5,4,9.869515
0.5,4,9.869946
0.5,4,9.870376
0.5,4,9.870812
0.5,6,9.871446
0.5,8,9.872273
0.5,4,9.872704
0.5,4,9.873136
0.5,4,9.873565
0.5,8,9.874395
0.5,4,9.874829
0.5,4,9.875261
0.5,4,9.875692
0.5,4,9.876121
0.5,4,9.87655
0.5,4,9.87698
0.5,4,9.877454
0.5,6,9.878089
0.5,4,9.87852
0.5,4,9.878955
0.5,4,9.879391
0.5,4,9.879822
0.5,4,9.880251
0.5,4,9.880682
0.5,4,9.881114
0.5,4,9.881544
0.5,6,9.882175
0.5,10,9.883206
0.5,4,9.883642
0.5,4,9.884072
0.5,4,9.884504
0.5,6,9.885138
0.5,4,9.885568
0.5,4,9.885996
0.5,4,9.886428
0.5,6,9.88706
0.5,4,9.887512
0.5,4,9.887955
0.5,4,9.888398
0.5,6,9.889041
0.5,6,9.889689
0.5,4,9.890138
0.5,4,9.890587
0.5,4,9.891026
0.5,4,9.891459
0.5,4,9.891892
0.5,4,9.892324
0.5,4,9.892754
0.5,6,9.893385
0.5,7,9.894114
0.5,6,9.894748
0.5,6,9.895386
0.5,4,9.89582
0.5,4,9.896249
0.5,4,9.896676
0.5,4,9.897106
0.5,4,9.897658
0.5,4,9.8982
0.5,4,9.898635
0.5,6,9.899304
0.5,4,9.899736
0.5,4,9.900169
0.5,4,9.900632
0.5,6,9.901265
0.5,6,9.901898
0.5,4,9.902329
0.5,4,9.902759
0.5,4,9.903229
0.5,4,9.903661
0.5,6,9.904291
0.5,6,9.904919
0.5,4,9.905349
0.5,4,9.905779
0.5,6,9.906409
0.5,4,9.906847
0.5,4,9.907279
0.5,4,9.90771
0.5,4,9.908163
0.5,6,9.908808
0.5,6,9.909441
0.5,4,9.909871
0.5,4,9.9103
0.5,4,9.910733
0.5,6,9.911362
0.5,4,9.911796
0.5,4,9.912226
0.5,4,9.912656
0.5,6,9.913282
0.5,8,9.914107
0.5,4,9.914539
0.5,4,9.915016
0.5,4,9.91545
0.5,4,9.915881
0.5,4,9.916311
0.5,6,9.916941
0.5,4,9.91737
0.5,4,9.917802
0.5,4,9.918233
0.5,4,9.918665
0.5,4,9.919101
0.5,8,9.919984
0.5,4,9.920466
0.5,4,9.920897
0.5,6,9.921592
0.5,4,9.922021
0.5,8,9.922856
0.5,4,9.923289
0.5,6,9.923954
0.5,6,9.924614
0.5,4,9.925046
0.5,7,9.925773
0.5,4,9.926203
0.5,6,9.926857
0.5,4,9.927305
0.5,6,9.927966
0.5,6,9.928593
0.5,6,9.929222
0.5,4,9.92965
0.5,4,9.930079
0.5,4,9.93051
0.5,4,9.930944
0.5,4,9.93138
0.5,4,9.931812
0.5,4,9.932245
0.5,4,9.932678
0.5,4,9.93311
0.5,4,9.93354
0.5,4,9.933973
0.5,4,9.934404
0.5,4,9.934841
0.5,4,9.935272
0.5,4,9.935703
0.5,4,9.936135
0.5,4,9.936567
0.5,4,9.937001
0.5,4,9.937429
0.5,7,9.938158
0.5,4,9.938589
0.5,4,9.939158
0.5,4,9.939693
0.5,4,9.940127
0.5,6,9.940789
0.5,4,9.941221
0.5,4,9.94165
0.5,4,9.94208
0.5,4,9.942509
0.5,4,9.943
0.5,6,9.943683
0.5,6,9.944315
0.5,4,9.944814
0.5,4,9.945244
0.5,8,9.946074
0.5,4,9.946504
0.5,4,9.946939
0.5,4,9.947371
0.5,4,9.947799
0.5,4,9.948227
0.5,4,9.948657
0.5,4,9.949088
0.5,4,9.949518
0.5,6,9.950186
0.5,4,9.950618
0.5,4,9.951051
0.5,4,9.951479
0.5,4,9.95191
0.5,4,9.95234
0.5,4,9.952813
0.5,6,9.953446
0.5,4,9.953879
0.5,4,9.954313
0.5,8,9.955474
0.5,4,9.955956
0.5,4,9.95638
0.5,4,9.956812
0.5,6,9.957445
0.5,4,9.957876
0.5,6,9.958541
0.5,4,9.95903
0.5,4,9.959463
0.5,4,9.959896
0.5,4,9.960326
0.5,6,9.960956
0.5,4,9.961386
0.5,4,9.961813
0.5,6,9.962443
0.5,4,9.962875
0.5,4,9.963305
0.5,6,9.963929
0.5,4,9.964359
0.5,8,9.965186
0.5,4,9.965616
0.5,9,9.966539
0.5,4,9.966975
0.5,4,9.967407
0.5,4,9.967835
0.5,6,9.968463
0.5,10,9.969488
0.5,6,9.970147
0.5,4,9.970581
0.5,4,9.971018
0.5,4,9.971449
0.5,6,9.972077
0.5,4,9.972507
0.5,8,9.973342
0.5,4,9.973772
0.5,4,9.974205
0.5,4,9.974636
0.5,6,9.975269
0.5,4,9.975697
0.5,4,9.97613
0.5,4,9.976562
0.5,4,9.976994
0.5,4,9.977425
0.5,4,9.977855
0.5,6,9.978484
0.5,6,9.979117
0.5,4,9.979549
0.5,4,9.979976
0.5,4,9.980401
0.5,4,9.980825
0.5,4,9.981254
0.5,4,9.981682
0.5,4,9.98211
0.5,4,9.98254
0.5,8,9.983371
0.5,4,9.983803
0.5,4,9.984238
0.5,4,9.984668
0.5,4,9.985097
0.5,4,9.985528
0.5,4,9.98596
0.5,4,9.986387
0.5,4,9.98682
0.5,4,9.987255
0.5,4,9.987688
0.5,4,9.988117
0.5,4,9.988546
0.5,4,9.988978
0.5,4,9.989408
0.5,4,9.989835
0.5,4,9.990263
0.5,6,9.990944
0.5,4,9.99138
0.5,6,9.99201
0.5,6,9.99264
0.5,4,9.993074
0.5,4,9.993503
0.5,4,9.993934
0.5,4,9.994364
0.5,4,9.994796
0.5,4,9.99523
0.5,4,9.995661
0.5,6,9.996295
0.5,4,9.996727
0.5,4,9.997159
0.5,6,9.997778
0.5,4,9.998206
0.5,4,9.998638
0.5,4,9.999073
0.5,4,9.999504
0.5,4,9.999932
0.5,4,10.000361
0.5,4,10.000791
0.5,4,10.00122
0.5,4,10.001651
0.5,4,10.002083
0.5,4,10.002513
0.5,4,10.002945
0.5,6,10.003578
0.5,4,10.004008
0.5,4,10.004441
0.5,4,10.004872
0.5,4,10.005305
0.5,4,10.005735
0.5,6,10.006546
0.5,6,10.007183
0.5,4,10.007617
0.5,4,10.008049
0.5,6,10.008679
0.5,6,10.00931
0.5,6,10.009945
0.5,4,10.010377
0.5,4,10.010814
0.5,4,10.011246
0.5,4,10.011676
0.5,4,10.012106
0.5,4,10.012537
0.5,4,10.012968
0.5,6,10.013602
0.5,4,10.014033
0.5,6,10.014664
0.5,4,10.015102
0.5,4,10.015535
0.5,4,10.015964
0.5,4,10.016396
0.5,4,10.016863
0.5,4,10.017295
0.5,4,10.017724
0.5,4,10.018157
0.5,4,10.018587
0.5,4,10.019022
0.5,4,10.019454
0.5,6,10.020083
0.5,4,10.020514
0.5,4,10.020944
0.5,4,10.021374
0.5,6,10.022009
0.5,4,10.022442
0.5,4,10.022879
0.5,4,10.023313
0.5,4,10.023744
0.5,4,10.024176
0.5,4,10.024607
0.5,4,10.025037
0.5,6,10.025668
0.5,4,10.0261
0.5,4,10.02653
0.5,4,10.026965
0.5,4,10.027395
0.5,4,10.027823
0.5,4,10.02828
0.5,4,10.028729
0.5,6,10.029363
0.5,4,10.029795
0.5,4,10.030226
0.5,7,10.030994
0.5,4,10.03148
0.5,7,10.032323
0.5,6,10.033057
0.5,4,10.033489
0.5,4,10.033953
0.5,4,10.034384
0.5,6,10.035019
0.5,4,10.035486
0.5,4,10.035918
0.5,4,10.036347
0.5,4,10.03681
0.5,6,10.037441
0.5,6,10.038075
0.5,4,10.038507
0.5,4,10.03898
0.5,6,10.039608
0.5,4,10.040039
0.5,4,10.040469
0.5,4,10.040955
0.5,6,10.04171
0.5,4,10.042141
0.5,4,10.042639
0.5,4,10.043112
0.5,4,10.043541
0.5,4,10.043971
0.5,4,10.0444
0.5,8,10.045229
0.5,4,10.045658
0.5,4,10.046091
0.5,4,10.046522
0.5,6,10.047156
0.5,4,10.047624
0.5,6,10.048255
0.5,4,10.048683
0.5,6,10.049313
0.5,6,10.049939
0.5,4,10.050372
0.5,4,10.050809
0.5,4,10.051242
0.5,4,10.051672
0.5,4,10.052099
0.5,4,10.052529
0.5,4,10.052959
0.5,4,10.053388
0.5,6,10.054018
0.5,4,10.054448
0.5,8,10.055282
0.5,8,10.056106
0.5,6,10.056741
0.5,4,10.057171
0.5,4,10.0576
0.5,4,10.05803
0.5,4,10.05846
0.5,4,10.058897
0.5,4,10.059334
0.5,6,10.059965
0.5,4,10.060396
0.5,6,10.061029
0.5,6,10.061661
0.5,4,10.062092
0.5,6,10.062721
0.5,4,10.063155
0.5,4,10.063587
0.5,6,10.064222
0.5,4,10.064651
0.5,4,10.065082
0.5,4,10.065515
0.5,4,10.065981
0.5,9,10.06696
0.5,4,10.067396
0.5,6,10.068025
0.5,6,10.068652
0.5,4,10.069082
0.5,4,10.069513
0.5,4,10.069945
0.5,4,10.070376
0.5,4,10.070804
0.5,4,10.071235
0.5,4,10.071664
0.5,4,10.072092
0.5,4,10.072522
0.5,6,10.07315
0.5,6,10.07378
0.5,4,10.074209
0.5,4,10.07464
0.5,4,10.075077
0.5,6,10.075708
0.5,4,10.076134
0.5,4,10.076563
0.5,4,10.076992
0.5,4,10.077423
0.5,4,10.077855
0.5,4,10.078281
0.5,4,10.078708
0.5,4,10.079143
0.5,4,10.079576
0.5,4,10.080005
0.5,6,10.080635
0.5,4,10.081067
0.5,4,10.081497
0.5,4,10.081927
0.5,4,10.082356
0.5,4,10.082783
0.5,8,10.083618
0.5,4,10.084054
0.5,4,10.084486
0.5,4,10.084915
0.5,8,10.085744
0.5,4,10.086175
0.5,4,10.086605
0.5,4,10.087107
0.5,4,10.087541
0.5,6,10.088171
0.5,4,10.088599
0.5,4,10.089029
0.5,4,10.089458
0.5,4,10.089884
0.5,4,10.090312
0.5,4,10.090739
0.5,4,10.09117
0.5,4,10.091604
0.5,4,10.092034
0.5,6,10.092665
0.5,4,10.093096
0.5,4,10.093527
0.5,4,10.093956
0.5,4,10.094385
0.5,4,10.094822
0.5,4,10.095253
0.5,4,10.095742
0.5,4,10.09622
0.5,4,10.096654
0.5,4,10.097156
0.5,4,10.097586
0.5,4,10.098017
0.5,6,10.098646
0.5,4,10.099083
0.5,4,10.099515
0.5,4,10.099943
0.5,4,10.100374
0.5,4,10.100805
0.5,8,10.101668
0.5,4,10.102168
0.5,4,10.1026
0.5,4,10.103039
0.5,4,10.103474
0.5,4,10.103947
0.5,6,10.104584
0.5,4,10.105016
0.5,6,10.105649
0.5,4,10.106081
0.5,4,10.106513
0.5,6,10.10715
0.5,6,10.107783
0.5,4,10.108214
0.5,4,10.108644
0.5,4,10.109071
0.5,4,10.109503
0.5,4,10.109933
0.5,4,10.110356
0.5,4,10.110786
0.5,6,10.111418
0.5,6,10.11205
0.5,4,10.112481
0.5,6,10.11311
0.5,6,10.113741
0.5,4,10.114172
0.5,6,10.115033
0.5,4,10.115467
0.5,4,10.115901
0.5,4,10.116331
0.5,6,10.116965
0.5,4,10.117396
0.5,4,10.117826
0.5,4,10.118259
0.5,10,10.119282
0.5,4,10.119715
0.5,4,10.120147
0.5,4,10.120576
0.5,6,10.12121
0.5,6,10.121842
0.5,4,10.122267
0.5,4,10.122698
0.5,6,10.123326
0.5,6,10.123955
0.5,6,10.12458
0.5,8,10.125472
0.5,4,10.125903
0.5,4,10.126333
0.5,6,10.126999
0.5,4,10.127429
0.5,6,10.128057
0.5,4,10.128485
0.5,6,10.129115
0.5,4,10.129545
0.5,4,10.129971
0.5,9,10.130932
0.5,4,10.131363
0.5,4,10.131793
0.5,4,10.132225
0.5,4,10.132711
0.5,4,10.133228
0.5,6,10.133861
0.5,4,10.134358
0.5,4,10.134789
0.5,4,10.135256
0.5,4,10.135685
0.5,8,10.136508
0.5,4,10.136936
0.5,4,10.137364
0.5,4,10.137794
0.5,4,10.138222
0.5,4,10.138651
0.5,6,10.139354
0.5,4,10.139787
0.5,4,10.140211
0.5,4,10.140676
0.5,4,10.141104
0.5,4,10.141549
0.5,4,10.142054
0.5,6,10.142685
0.5,4,10.143121
0.5,6,10.143752
0.5,8,10.144579
0.5,4,10.145013
0.5,6,10.145637
0.5,4,10.14607
0.5,4,10.146498
0.5,4,10.146932
0.5,4,10.147364
0.5,6,10.147995
0.5,4,10.148427
0.5,4,10.148856
0.5,8,10.149687
0.5,4,10.150118
0.5,4,10.150548
0.5,4,10.150981
0.5,4,10.151416
0.5,4,10.151845
0.5,4,10.152272
0.5,4,10.152701
0.5,4,10.153131
0.5,6,10.153801
0.5,4,10.154269
0.5,4,10.154697
0.5,4,10.1552
0.5,7,10.155927
0.5,4,10.156358
0.5,4,10.15679
0.5,4,10.157225
0.5,4,10.157654
0.5,4,10.158082
0.5,4,10.158513
0.5,4,10.158945
0.5,4,10.159376
0.5,4,10.159805
0.5,4,10.160239
0.5,4,10.160703
0.5,4,10.16113
0.5,4,10.161558
0.5,4,10.161987
0.5,4,10.162417
0.5,6,10.163042
0.5,4,10.163477
0.5,4,10.163907
0.5,6,10.164534
0.5,4,10.164965
0.5,4,10.165393
0.5,4,10.165823
0.5,4,10.166252
0.5,4,10.166684
0.5,4,10.167118
0.5,4,10.16755
0.5,6,10.168211
0.5,6,10.168841
0.5,4,10.16927
0.5,4,10.169696
0.5,4,10.170125
0.5,4,10.170552
0.5,4,10.171029
0.5,4,10.171461
0.5,4,10.171889
0.5,4,10.172315
0.5,4,10.172745
0.5,4,10.173173
0.5,4,10.173597
0.5,4,10.174028
0.5,4,10.174457
0.5,4,10.174889
0.5,7,10.175617
0.5,4,10.176047
0.5,4,10.176477
0.5,4,10.176942
0.5,4,10.177373
0.5,4,10.177803
0.5,4,10.178233
0.5,8,10.179105
0.5,4,10.179582
0.5,4,10.180012
0.5,4,10.180444
0.5,4,10.180872
0.5,4,10.181304
0.5,4,10.181736
0.5,8,10.182566
0.5,4,10.183008
0.5,4,10.183437
0.5,8,10.184266
0.5,6,10.184899
0.5,4,10.185333
0.5,4,10.185764
0.5,4,10.186195
0.5,4,10.186622
0.5,4,10.187055
0.5,6,10.187679
0.5,4,10.18811
0.5,6,10.188738
0.5,4,10.189167
0.5,4,10.189599
0.5,4,10.190028
0.5,4,10.190459
0.5,4,10.190893
0.5,4,10.191323
0.5,4,10.191753
0.5,4,10.192184
0.5,4,10.192615
0.5,4,10.193045
0.5,4,10.19347
0.5,6,10.194095
0.5,4,10.194526
0.5,8,10.195362
0.5,6,10.195992
0.5,4,10.196424
0.5,6,10.197056
0.5,4,10.197488
0.5,4,10.197917
0.5,6,10.198547
0.5,4,10.198982
0.5,4,10.199415
0.5,4,10.199845
0.5,4,10.200274
0.5,4,10.200703
0.5,4,10.20113
0.5,4,10.20156
0.5,6,10.202186
0.5,4,10.202619
0.5,6,10.203252
0.5,6,10.203882
0.5,4,10.204312
0.5,4,10.204744
0.5,6,10.205372
0.5,4,10.205801
0.5,4,10.206234
0.5,8,10.207063
0.5,4,10.207496
0.5,4,10.207923
0.5,4,10.208354
0.5,4,10.208782
0.5,4,10.209212
0.5,4,10.209643
0.5,6,10.210272
0.5,6,10.210904
0.5,4,10.211337
0.5,4,10.211765
0.5,4,10.212192
0.5,4,10.21262
0.5,4,10.213054
0.5,8,10.213872
0.5,4,10.214302
0.5,4,10.214734
0.5,4,10.215167
0.5,6,10.215797
0.5,4,10.216227
0.5,4,10.216657
0.5,6,10.217324
0.5,4,10.217757
0.5,4,10.218188
0.5,4,10.218614
0.5,4,10.219049
0.5,4,10.219483
0.5,4,10.219914
0.5,4,10.220344
0.5,4,10.220773
0.5,6,10.221404
0.5,6,10.222038
0.5,8,10.22309
0.5,4,10.223527
0.5,4,10.223959
0.5,4,10.224392
0.5,4,10.224859
0.5,6,10.225484
0.5,4,10.225917
0.5,4,10.226347
0.5,4,10.226778
0.5,6,10.227418
0.5,6,10.228047
0.5,6,10.228677
0.5,6,10.229306
0.5,4,10.229736
0.5,4,10.230167
0.5,4,10.230596
0.5,4,10.231031
0.5,6,10.231664
0.5,8,10.23253
0.5,4,10.232997
0.5,4,10.233426
0.5,6,10.234054
0.5,4,10.234484
0.5,4,10.234916
0.5,6,10.235547
0.5,4,10.235979
0.5,4,10.236407
0.5,4,10.236835
0.5,6,10.237462
0.5,4,10.237894
0.5,4,10.238321
0.5,4,10.238747
0.5,6,10.239379
0.5,4,10.239811
0.5,4,10.240238
0.5,4,10.240663
0.5,6,10.241325
0.5,4,10.241813
0.5,4,10.242255
0.5,4,10.242704
0.5,4,10.243152
0.5,6,10.243783
0.5,4,10.244214
0.5,4,10.244639
0.5,6,10.245267
0.5,4,10.245695
0.5,4,10.246127
0.5,4,10.246557
0.5,6,10.247189
0.5,4,10.247654
0.5,4,10.248159
0.5,6,10.248788
0.5,8,10.249613
0.5,4,10.250043
0.5,4,10.250473
0.5,4,10.250906
0.5,4,10.251338
0.5,6,10.25196
0.5,8,10.252787
0.5,4,10.253215
0.5,4,10.253645
0.5,6,10.254271
0.5,4,10.254699
0.5,4,10.255177
0.5,6,10.255804
0.5,6,10.256433
0.5,6,10.257064
0.5,4,10.257496
0.5,4,10.257926
0.5,6,10.258553
0.5,4,10.258986
0.5,4,10.259415
0.5,4,10.259841
0.5,4,10.260271
0.5,4,10.2607
0.5,4,10.261128
0.5,4,10.261549
0.5,4,10.261976
0.5,4,10.262437
0.5,4,10.262906
0.5,4,10.263371
0.5,8,10.264271
0.5,4,10.264706
0.5,4,10.265137
0.5,4,10.265634
0.5,4,10.266065
0.5,4,10.266495
0.5,4,10.266928
0.5,4,10.267362
0.5,4,10.267794
0.5,4,10.268224
0.5,4,10.268654
0.5,4,10.269085
0.5,4,10.269515
0.5,4,10.269941
0.5,6,10.270568
0.5,6,10.271231
0.5,4,10.271662
0.5,4,10.272091
0.5,4,10.27252
0.5,4,10.272951
0.5,4,10.273377
0.5,6,10.274007
0.5,4,10.274441
0.5,6,10.275075
0.5,4,10.275507
0.5,6,10.276137
0.5,4,10.276567
0.5,4,10.276996
0.5,4,10.277425
0.5,4,10.277853
0.5,4,10.27828
0.5,4,10.278748
0.5,4,10.279181
0.5,4,10.279606
0.5,6,10.280228
0.5,4,10.280654
0.5,4,10.281083
0.5,4,10.281508
0.5,4,10.281938
0.5,6,10.282563
0.5,4,10.283
0.5,4,10.28343
0.5,4,10.28386
0.5,4,10.284288
0.5,9,10.285211
0.5,4,10.285642
0.5,4,10.286075
0.5,8,10.286905
0.5,4,10.287336
0.5,4,10.287765
0.5,6,10.288393
0.5,4,10.288825
0.5,4,10.28925
0.5,4,10.28968
0.5,4,10.290109
0.5,4,10.290537
0.5,6,10.2912
0.5,8,10.292026
0.5,4,10.292456
0.5,4,10.292929
0.5,6,10.293561
0.5,4,10.293993
0.5,4,10.294422
0.5,4,10.294856
0.5,8,10.295685
0.5,4,10.296116
0.5,4,10.296548
0.5,4,10.296977
0.5,4,10.297407
0.5,6,10.298033
0.5,7,10.29876
0.5,4,10.299195
0.5,6,10.299826
0.5,4,10.300258
0.5,4,10.300685
0.5,4,10.301111
0.5,6,10.301742
0.5,4,10.302169
0.5,4,10.302598
0.5,6,10.303228
0.5,4,10.303659
0.5,4,10.304089
0.5,6,10.304716
0.5,6,10.305346
0.5,4,10.305779
0.5,4,10.306211
0.5,4,10.306645
0.5,6,10.307281
0.5,4,10.307716
0.5,4,10.308147
0.5,4,10.30858
0.5,6,10.309209
0.5,6,10.309837
0.5,4,10.310268
0.5,4,10.310698
0.5,4,10.311209
0.5,7,10.311941
0.5,4,10.312373
0.5,8,10.313198
0.5,6,10.313829
0.5,6,10.314462
0.5,6,10.315095
0.5,4,10.315528
0.5,4,10.315957
0.5,6,10.316589
0.5,4,10.31702
0.5,4,10.317451
0.5,4,10.317878
0.5,6,10.318511
0.5,9,10.319446
0.5,6,10.320081
0.5,4,10.320511
0.5,6,10.321143
0.5,4,10.321573
0.5,4,10.322
0.5,4,10.322433
0.5,6,10.323066
0.5,4,10.323498
0.5,4,10.323929
0.5,4,10.324362
0.5,4,10.324794
0.5,6,10.325422
0.5,4,10.325853
0.5,6,10.32648
0.5,4,10.326916
0.5,6,10.327549
0.5,4,10.327981
0.5,4,10.328412
0.5,4,10.328842
0.5,4,10.329272
0.5,4,10.329888
0.5,4,10.330325
0.5,4,10.330801
0.5,4,10.331236
0.5,4,10.331669
0.5,4,10.332101
0.5,4,10.332529
0.5,4,10.332957
0.5,9,10.333879
0.5,4,10.334311
0.5,4,10.334741
0.5,4,10.335176
0.5,4,10.335607
0.5,4,10.336037
0.5,6,10.336665
0.5,4,10.337095
0.5,6,10.337723
0.5,4,10.338152
0.5,8,10.338989
0.5,4,10.339421
0.5,4,10.339849
0.5,4,10.340313
0.5,6,10.340941
0.5,4,10.341369
0.5,4,10.341799
0.5,4,10.342231
0.5,8,10.343058
0.5,6,10.34369
0.5,6,10.344317
0.5,4,10.344748
0.5,4,10.34518
0.5,4,10.34561
0.5,4,10.346038
0.5,4,10.346469
0.5,4,10.346905
0.5,4,10.347339
0.5,6,10.347966
0.5,4,10.348398
0.5,4,10.348828
0.5,4,10.349256
0.5,4,10.349687
0.5,4,10.350115
0.5,4,10.350548
0.5,4,10.350984
0.5,4,10.351415
0.5,8,10.352352
0.5,4,10.352782
0.5,4,10.35328
0.5,4,10.353708
0.5,4,10.354138
0.5,4,10.354568
0.5,4,10.355038
0.5,6,10.355705
0.5,9,10.356632
0.5,8,10.357493
0.5,4,10.357927
0.5,8,10.35876
0.5,6,10.359431
0.5,4,10.359897
0.5,4,10.360328
0.5,4,10.36076
0.5,4,10.361186
0.5,4,10.361616
0.5,4,10.362047
0.5,4,10.362478
0.5,6,10.363112
0.5,4,10.363544
0.5,6,10.364175
0.5,6,10.364804
0.5,4,10.365236
0.5,4,10.365666
0.5,6,10.366294
0.5,4,10.366725
0.5,4,10.36716
0.5,4,10.367592
0.5,6,10.368226
0.5,4,10.368702
0.5,4,10.369133
0.5,4,10.369563
0.5,4,10.369993
0.5,4,10.370421
0.5,4,10.370859
0.5,4,10.371293
0.5,4,10.371724
0.5,6,10.372389
0.5,4,10.372855
0.5,4,10.373286
0.5,4,10.373716
0.5,4,10.374145
0.5,8,10.375019
0.5,4,10.375452
0.5,6,10.376108
0.5,6,10.376789
0.5,4,10.37722
0.5,14,10.378719
0.5,4,10.379155
0.5,4,10.379587
0.5,4,10.380017
0.5,6,10.380646
0.5,6,10.381274
0.5,4,10.381706
0.5,4,10.382137
0.5,4,10.382565
0.5,4,10.383002
0.5,4,10.383468
0.5,4,10.383899
0.5,4,10.384327
0.5,4,10.384755
0.5,6,10.385387
0.5,6,10.386019
0.5,4,10.386452
0.5,4,10.386885
0.5,4,10.387316
0.5,8,10.388141
0.5,4,10.388569
0.5,4,10.389
0.5,6,10.389629
0.5,6,10.390254
0.5,4,10.390719
0.5,4,10.391153
0.5,4,10.391586
0.5,4,10.392016
0.5,4,10.392448
0.5,4,10.392879
0.5,4,10.393312
0.5,4,10.393742
0.5,4,10.394169
0.5,4,10.394598
0.5,8,10.395435
0.5,4,10.395871
0.5,4,10.396303
0.5,6,10.396932
0.5,6,10.397563
0.5,4,10.397997
0.5,4,10.39843
0.5,4,10.398868
0.5,4,10.399302
0.5,4,10.399734
0.5,4,10.400163
0.5,7,10.400891
0.5,4,10.401323
0.5,4,10.401752
0.5,4,10.402183
0.5,6,10.402884
0.5,4,10.403313
0.5,4,10.403744
0.5,4,10.404177
0.5,6,10.404803
0.5,4,10.405236
0.5,4,10.405667
0.5,4,10.406123
0.5,6,10.406774
0.5,4,10.407209
0.5,6,10.407844
0.5,4,10.408273
0.5,6,10.408904
0.5,6,10.409535
0.5,4,10.409965
0.5,4,10.410397
0.5,6,10.411031
0.5,4,10.411458
0.5,6,10.412083
0.5,4,10.412515
0.5,6,10.413142
0.5,4,10.413572
0.5,6,10.414203
0.5,4,10.414636
0.5,6,10.41527
0.5,4,10.415701
0.5,4,10.416129
0.5,8,10.416958
0.5,4,10.417387
0.5,4,10.417821
0.5,6,10.418453
0.5,4,10.418885
0.5,4,10.419317
0.5,4,10.419748
0.5,4,10.42018
0.5,4,10.420614
0.5,4,10.421042
0.5,4,10.421474
0.5,4,10.421902
0.0,2,10.422127
0.5,4,10.422558
0.5,4,10.422992
0.5,4,10.423429
0.5,4,10.42386
0.5,4,10.424289
0.5,6,10.424919
0.5,4,10.425347
0.5,4,10.425778
0.5,4,10.426206
0.5,4,10.426637
0.5,4,10.427072
0.5,4,10.427506
0.5,4,10.427934
0.5,12,10.429352
0.5,4,10.429781
0.5,4,10.430213
0.5,4,10.430643
0.5,6,10.43127
0.5,6,10.431898
0.5,4,10.432329
0.5,4,10.432761
0.5,4,10.43319
0.5,8,10.434007
0.5,4,10.434439
0.5,4,10.434879
0.5,4,10.435311
0.5,6,10.435944
0.5,6,10.436576
0.5,4,10.437011
0.5,6,10.437862
0.5,4,10.438298
0.5,4,10.438793
0.5,4,10.439322
0.5,4,10.439771
0.5,4,10.440206
0.5,4,10.440637
0.5,4,10.441071
0.5,8,10.441931
0.5,6,10.442565
0.5,4,10.443075
0.5,4,10.443507
0.5,6,10.444177
0.5,4,10.44461
0.5,4,10.445041
0.5,6,10.445674
0.5,4,10.446106
0.5,4,10.446538
0.5,7,10.447364
0.5,6,10.448033
0.5,6,10.448667
0.5,4,10.4491
0.5,6,10.449733
0.5,6,10.450363
0.5,4,10.450795
0.5,6,10.45148
0.5,4,10.451911
0.5,4,10.452344
0.5,4,10.452776
0.5,6,10.453406
0.5,4,10.453836
0.5,6,10.454484
0.5,4,10.45499
0.5,4,10.455643
0.5,6,10.456287
0.5,4,10.456719
0.5,4,10.457146
0.5,4,10.457576
0.5,4,10.458006
0.5,4,10.458435
0.5,4,10.458931
0.5,4,10.459364
0.5,8,10.460193
0.5,4,10.460624
0.5,4,10.461058
0.5,4,10.461486
0.5,6,10.462118
0.5,4,10.462546
0.5,6,10.463246
0.5,6,10.463905
0.5,4,10.464402
0.5,4,10.464845
0.5,4,10.465314
0.5,10,10.466382
0.5,4,10.466816
0.5,6,10.467448
0.5,6,10.468115
0.5,4,10.468546
0.5,4,10.468975
0.5,6,10.469607
0.5,4,10.470037
0.5,6,10.470666
0.5,6,10.471333
0.5,4,10.471764
0.5,4,10.472194
0.5,6,10.472862
0.5,4,10.473319
0.5,8,10.474246
0.5,4,10.474696
0.5,6,10.47538
0.5,6,10.476015
0.5,4,10.476447
0.5,4,10.476877
0.5,4,10.477305
0.5,4,10.477734
0.5,6,10.478359
0.5,6,10.478997
0.5,4,10.479429
0.5,4,10.479938
0.5,6,10.480568
0.5,4,10.481003
0.5,4,10.481436
0.5,4,10.481909
0.5,4,10.48234
0.5,4,10.482769
0.5,4,10.483206
0.5,4,10.483637
0.5,4,10.484068
0.5,6,10.484696
0.5,6,10.485325
0.5,4,10.485757
0.5,10,10.486789
0.5,6,10.487425
0.5,4,10.487862
0.5,4,10.488294
0.5,4,10.488724
0.5,4,10.489152
0.5,6,10.489778
0.5,6,10.490407
0.5,4,10.490842
0.5,4,10.491275
0.5,7,10.492005
0.5,4,10.492435
0.5,6,10.493067
0.5,4,10.493499
0.5,6,10.494133
0.5,10,10.495168
0.5,4,10.495603
0.5,4,10.496036
0.5,4,10.496466
0.5,4,10.496896
0.5,4,10.49733
0.5,4,10.497761
0.5,4,10.498226
0.5,4,10.498658
0.5,10,10.499688
0.5,4,10.500119
0.5,6,10.500754
0.5,4,10.501187
0.5,4,10.501616
0.5,4,10.502046
0.5,4,10.502479
0.5,8,10.503316
0.5,4,10.503749
0.5,4,10.504179
0.5,4,10.504608
0.5,8,10.505434
0.5,4,10.505864
0.5,4,10.506294
0.5,4,10.506724
0.5,6,10.507363
0.5,4,10.507795
0.5,6,10.508425
0.5,4,10.508856
0.5,11,10.509982
0.5,4,10.510412
0.5,4,10.510847
0.5,4,10.511279
0.5,6,10.511909
0.5,4,10.512342
0.5,4,10.512771
0.5,4,10.513199
0.5,6,10.513828
0.5,4,10.514257
0.5,4,10.514688
0.5,4,10.515124
0.5,6,10.515754
0.5,6,10.516378
0.5,6,10.517013
0.5,4,10.517446
0.5,4,10.517878
0.5,6,10.518508
0.5,6,10.51914
0.5,4,10.519613
0.5,4,10.520046
0.5,4,10.520475
0.5,4,10.520906
0.5,4,10.521336
0.5,4,10.52177
0.5,4,10.522202
0.5,6,10.522838
0.5,4,10.523269
0.5,6,10.523892
0.5,8,10.524722
0.5,4,10.525154
0.5,4,10.525586
0.5,4,10.526016
0.5,4,10.526448
0.5,4,10.526884
0.5,6,10.527514
0.5,6,10.528146
0.5,6,10.528778
0.5,4,10.529209
0.5,4,10.529639
0.5,4,10.530073
0.5,6,10.530705
0.5,4,10.531139
0.5,4,10.53157
0.5,4,10.532
0.5,4,10.532432
0.5,4,10.532862
0.5,4,10.53329
0.5,6,10.53392
0.5,8,10.534751
0.5,6,10.535385
0.5,4,10.535818
0.5,4,10.536247
0.5,4,10.536678
0.5,4,10.537114
0.5,6,10.537746
0.5,4,10.53818
0.5,6,10.538818
0.5,4,10.539251
0.5,8,10.540084
0.5,4,10.540514
0.5,4,10.540945
0.5,4,10.541378
0.5,4,10.54181
0.5,4,10.542238
0.5,4,10.54267
0.5,6,10.543304
0.5,4,10.543736
0.5,10,10.544766
0.5,4,10.5452
0.5,4,10.545632
0.5,4,10.546246
0.5,4,10.54668
0.5,4,10.547148
0.5,4,10.547579
0.5,6,10.548208
0.5,4,10.548639
0.5,8,10.549464
0.5,4,10.549893
0.5,6,10.550523
0.5,4,10.550959
0.5,4,10.551394
0.5,4,10.551828
0.5,4,10.552259
0.5,6,10.55289
0.5,6,10.553519
0.5,4,10.553949
0.5,4,10.554381
0.5,4,10.554817
0.5,4,10.555249
0.5,4,10.55568
0.5,4,10.556111
0.5,4,10.556575
0.5,4,10.557005
0.5,6,10.557724
0.5,4,10.558155
0.5,6,10.558781
0.5,4,10.559215
0.5,6,10.559848
0.5,4,10.560279
0.5,4,10.560709
0.5,4,10.56118
0.5,4,10.561644
0.5,4,10.562071
0.5,4,10.562569
0.5,4,10.563006
0.5,4,10.563437
0.5,4,10.563868
0.5,4,10.564299
0.5,4,10.564731
0.5,4,10.56516
0.5,4,10.565589
0.5,6,10.566221
0.5,6,10.566859
0.5,6,10.567527
0.5,4,10.567959
0.5,6,10.568587
0.5,4,10.56902
0.5,4,10.56945
0.5,4,10.569883
0.5,4,10.570314
0.5,4,10.570746
0.5,4,10.571178
0.5,4,10.571645
0.5,4,10.572074
0.5,4,10.572503
0.5,6,10.573164
0.5,4,10.573594
0.5,4,10.574021
0.5,8,10.574886
0.5,4,10.575318
0.5,4,10.575752
0.5,4,10.576182
0.5,4,10.576612
0.5,4,10.577042
0.5,4,10.57747
0.5,4,10.577902
0.5,6,10.578526
0.5,4,10.578962
0.5,6,10.579597
0.5,4,10.580029
0.5,4,10.580464
0.5,4,10.580895
0.5,6,10.581523
0.5,4,10.581988
0.5,6,10.582617
0.5,4,10.583086
0.5,4,10.58352
0.5,4,10.58395
0.5,4,10.584399
0.5,4,10.584883
0.5,4,10.585313
0.5,4,10.585742
0.5,4,10.586238
0.5,6,10.58687
0.5,4,10.587302
0.5,4,10.587733
0.5,4,10.588162
0.5,4,10.588593
0.5,4,10.589023
0.5,6,10.589653
0.5,4,10.590086
0.5,6,10.590709
0.5,6,10.591337
0.5,4,10.591805
0.5,4,10.592237
0.5,4,10.592668
0.5,4,10.593097
0.5,4,10.593529
0.5,4,10.593956
0.5,4,10.594387
0.5,4,10.59482
0.5,4,10.595296
0.5,6,10.595929
0.5,4,10.59636
0.5,4,10.596792
0.5,8,10.597621
0.5,6,10.59825
0.5,4,10.598679
0.5,6,10.599313
0.5,6,10.599947
0.5,4,10.600411
0.5,6,10.601041
0.5,4,10.601472
0.5,4,10.601903
0.5,4,10.602337
0.5,6,10.602972
0.5,4,10.603405
0.5,6,10.604029
0.5,4,10.604457
0.5,4,10.604884
0.5,4,10.605312
0.5,4,10.605742
0.5,9,10.606672
0.5,4,10.607109
0.5,6,10.607734
0.5,4,10.608163
0.5,6,10.608792
0.5,6,10.609431
0.5,6,10.610062
0.5,4,10.610497
0.5,4,10.610968
0.5,6,10.611603
0.5,6,10.612231
0.5,6,10.612861
0.5,4,10.613331
0.5,4,10.613762
0.5,4,10.614191
0.5,4,10.614622
0.5,4,10.615056
0.5,4,10.615491
0.5,4,10.615922
0.5,4,10.616351
0.5,4,10.616779
0.5,4,10.617208
0.5,4,10.617639
0.5,4,10.618069
0.5,6,10.618702
0.5,4,10.619136
0.5,6,10.619769
0.5,4,10.6202
0.5,4,10.62063
0.5,6,10.621255
0.5,6,10.621885
0.5,4,10.622311
0.5,4,10.622741
0.5,4,10.623171
0.5,4,10.623604
0.5,4,10.624034
0.5,4,10.624464
0.5,4,10.624894
0.5,4,10.625322
0.5,4,10.625753
0.5,6,10.626381
0.5,4,10.626859
0.5,6,10.62749
0.5,4,10.627923
0.5,4,10.62835
0.5,4,10.628782
0.5,4,10.629213
0.5,4,10.62964
0.5,4,10.63007
0.5,4,10.630502
0.5,4,10.630935
0.5,4,10.631366
0.5,4,10.631795
0.5,4,10.632224
0.5,6,10.632879
0.5,7,10.633626
0.5,4,10.634062
0.5,6,10.634691
0.5,6,10.635323
0.5,4,10.635756
0.5,4,10.636184
0.5,4,10.63661
0.5,4,10.637041
0.5,4,10.637473
0.5,4,10.637903
0.5,4,10.638332
0.5,4,10.638759
0.5,4,10.639194
0.5,4,10.639623
0.5,6,10.640249
0.5,4,10.640678
0.5,4,10.641104
0.5,4,10.64153
0.5,4,10.641961
0.5,4,10.642391
0.5,6,10.643025
0.5,4,10.643456
0.5,8,10.644279
0.5,4,10.644709
0.5,4,10.645136
0.5,4,10.645563
0.5,4,10.645993
0.5,4,10.646425
0.5,4,10.646857
0.5,4,10.647289
0.5,4,10.647717
0.5,4,10.648148
0.5,6,10.648772
0.5,4,10.649202
0.5,4,10.649629
0.5,4,10.650057
0.5,4,10.650489
0.5,6,10.651126
0.5,4,10.651561
0.5,4,10.651993
0.5,6,10.652623
0.5,4,10.653056
0.5,4,10.653488
0.5,4,10.654117
0.5,4,10.654552
0.5,6,10.655223
0.5,4,10.655654
0.5,4,10.656085
0.5,6,10.656719
0.5,4,10.657151
0.5,4,10.657619
0.5,4,10.65805
0.5,6,10.658681
0.5,6,10.65935
0.5,4,10.659782
0.5,4,10.66021
0.5,4,10.660642
0.5,4,10.661075
0.5,4,10.661505
0.5,4,10.661936
0.5,4,10.662365
0.5,6,10.663002
0.5,4,10.663435
0.5,8,10.664299
0.5,6,10.664931
0.5,6,10.665564
0.5,6,10.666196
0.5,4,10.666625
0.5,6,10.667262
0.5,4,10.667693
0.5,4,10.668122
0.5,4,10.668549
0.5,4,10.668981
0.5,4,10.669411
0.5,4,10.669842
0.5,4,10.670272
0.5,4,10.670751
0.5,4,10.67119
0.5,6,10.671829
0.5,6,10.67246
0.5,4,10.672946
0.5,4,10.673463
0.5,4,10.673895
0.5,6,10.674592
0.5,6,10.675261
0.5,8,10.676094
0.5,6,10.67672
0.5,6,10.677348
0.5,12,10.678571
0.5,4,10.679053
0.5,4,10.679553
0.5,4,10.679984
0.5,4,10.680413
0.5,4,10.680879
0.5,4,10.681309
0.5,4,10.681737
0.5,4,10.682164
0.5,4,10.682598
0.5,4,10.683036
0.5,4,10.683465
0.5,4,10.683894
0.5,6,10.684525
0.5,6,10.685158
0.5,4,10.685591
0.5,6,10.686222
0.5,4,10.686652
0.5,6,10.687326
0.5,6,10.687958
0.5,4,10.688392
0.5,4,10.688824
0.5,4,10.689256
0.5,4,10.689686
0.5,4,10.690118
0.5,4,10.69055
0.5,6,10.691187
0.5,6,10.691822
0.5,6,10.692454
0.5,4,10.692888
0.5,4,10.693343
0.5,8,10.694189
0.5,4,10.694624
0.5,4,10.695092
0.5,6,10.695729
0.5,4,10.696186
0.5,4,10.696666
0.5,4,10.697129
0.5,6,10.697824
0.5,6,10.698454
0.5,4,10.69889
0.5,4,10.699325
0.5,6,10.699959
0.5,6,10.700585
0.5,4,10.701017
0.5,4,10.701447
0.5,4,10.701878
0.5,4,10.702307
0.5,4,10.702737
0.5,4,10.703172
0.5,6,10.70384
0.5,6,10.704473
0.5,6,10.705103
0.5,4,10.705535
0.5,4,10.705967
0.5,4,10.706401
0.5,4,10.706834
0.5,4,10.707266
0.5,6,10.707894
0.5,4,10.708323
0.5,4,10.708795
0.5,4,10.709222
0.5,4,10.709654
0.5,6,10.710319
0.5,4,10.710752
0.5,4,10.711188
0.5,4,10.711621
0.5,4,10.712084
0.5,4,10.712517
0.5,4,10.712945
0.5,4,10.713375
0.5,6,10.714004
0.5,4,10.714437
0.5,4,10.714907
0.5,4,10.715341
0.5,4,10.715769
0.5,4,10.7162
0.5,4,10.716627
0.5,4,10.717057
0.5,6,10.717713
0.5,4,10.718194
0.5,4,10.718622
0.5,6,10.719356
0.5,4,10.71979
0.5,4,10.72022
0.5,9,10.721139
0.5,4,10.721567
0.5,4,10.721997
0.5,7,10.722725
0.5,4,10.723161
0.5,4,10.723592
0.5,6,10.724221
0.5,4,10.724683
0.5,4,10.725113
0.5,4,10.725544
0.5,6,10.726209
0.5,4,10.726638
0.5,4,10.727108
0.5,6,10.727742
0.5,4,10.728176
0.5,6,10.728801
0.5,6,10.72943
0.5,4,10.729863
0.5,4,10.730294
0.5,6,10.73093
0.5,4,10.731365
0.5,4,10.731797
0.5,4,10.732228
0.5,4,10.732655
0.5,4,10.733083
0.5,4,10.73351
0.5,4,10.733939
0.5,4,10.734366
0.5,4,10.734795
0.5,4,10.735232
0.5,6,10.735863
0.5,4,10.736296
0.5,6,10.736925
0.5,4,10.73736
0.5,6,10.737991
0.5,4,10.738422
0.5,4,10.738858
0.5,4,10.739291
0.5,6,10.739921
0.5,4,10.740354
0.5,4,10.740783
0.5,4,10.741216
0.5,4,10.741649
0.5,9,10.742576
0.5,4,10.74301
0.5,10,10.744041
0.5,6,10.744743
0.5,4,10.745174
0.5,6,10.745798
0.5,4,10.746265
0.5,4,10.746697
0.5,4,10.747132
0.5,6,10.747763
0.5,4,10.748193
0.5,4,10.748624
0.5,4,10.749055
0.5,6,10.749686
0.5,6,10.750315
0.5,4,10.750745
0.5,6,10.751378
0.5,4,10.75181
0.5,4,10.752241
0.5,4,10.752669
0.5,4,10.753098
0.5,4,10.753629
0.5,4,10.754061
0.5,4,10.754509
0.5,4,10.754957
0.5,4,10.755388
0.5,6,10.756019
0.5,4,10.756453
0.5,4,10.756881
0.5,4,10.757309
0.5,4,10.757736
0.5,4,10.758167
0.5,4,10.758592
0.5,4,10.759062
0.5,4,10.759494
0.5,4,10.759923
0.5,4,10.760353
0.5,4,10.760781
0.5,4,10.76121
0.5,4,10.761641
0.5,4,10.762272
