episodes,steps,total reward
8779,10000,8780.0
17501,20000,8722.0
26187,30000,8686.0
34978,40000,8791.0
43772,50000,8794.0
52573,60000,8801.0
61315,70000,8742.0
70094,80000,8779.0
78924,90000,8830.0
87749,100000,8825.0
