episodes,steps,total reward
8768,10000,8769.0
17613,20000,8845.0
26391,30000,8778.0
35139,40000,8748.0
43980,50000,8841.0
52811,60000,8831.0
61624,70000,8813.0
70434,80000,8810.0
79298,90000,8864.0
88122,100000,8824.0
