# {"t_start": 1641710597.067481, "env_id": "Office-v0"} 
r,l,t
0.0,21,0.005349
0.0,13,0.008436
0.0,26,0.015321
0.0,40,0.025052
1.0,28,0.031678
0.0,61,0.045426
0.0,9,0.047489
0.0,42,0.05706
0.0,35,0.065063
0.0,16,0.068692
0.0,36,0.076801
0.0,19,0.081127
0.0,30,0.087969
0.0,12,0.090702
0.0,210,0.138901
1.0,62,0.153234
0.0,34,0.161048
0.0,22,0.166146
0.0,2,0.166676
0.0,23,0.171954
0.0,81,0.190562
0.0,68,0.206198
0.0,134,0.237479
0.0,86,0.257819
1.0,30,0.264837
0.0,16,0.26862
0.0,44,0.278885
0.0,51,0.291036
0.0,80,0.309537
0.0,113,0.335664
0.0,30,0.342624
0.0,46,0.353265
1.0,41,0.362871
0.0,24,0.368446
0.0,151,0.403382
0.0,45,0.413892
0.0,54,0.426554
0.0,85,0.446441
0.0,99,0.470118
0.0,51,0.482462
1.0,15,0.486019
0.0,254,0.545545
1.0,247,0.603072
0.0,84,0.62301
1.0,58,0.636575
0.0,9,0.638701
0.0,100,0.661981
0.0,831,0.85594
1.0,35,0.86412
0.0,292,0.932533
0.0,2,0.933016
0.0,32,0.940656
1.0,14,0.943946
0.0,112,0.971595
0.0,27,0.977987
0.0,245,1.03565
0.0,14,1.038945
0.0,148,1.073395
0.0,15,1.076934
0.0,190,1.121298
1.0,30,1.128439
0.0,9,1.130562
0.0,154,1.167059
0.0,37,1.176063
1.0,25,1.182225
0.0,62,1.196881
0.0,2,1.19741
0.0,139,1.230173
1.0,23,1.235561
0.0,16,1.239364
0.0,52,1.251498
1.0,353,1.333873
1.0,12,1.336711
0.0,138,1.368933
1.0,361,1.454591
0.0,120,1.482585
0.0,21,1.487491
0.0,78,1.505928
0.0,11,1.508522
0.0,2,1.50901
1.0,40,1.518531
0.0,54,1.531107
1.0,243,1.587795
0.0,2,1.588285
1.0,11,1.590877
0.0,47,1.601832
0.0,81,1.621023
0.0,54,1.633674
1.0,13,1.636718
1.0,123,1.665969
0.0,418,1.764313
0.0,289,1.832352
1.0,17,1.836455
1.0,101,1.859909
1.0,359,1.945108
0.0,558,2.076676
1.0,15,2.080192
1.0,239,2.136498
0.0,48,2.148103
0.0,73,2.165389
1.0,15,2.168906
1.0,100,2.192332
0.0,14,2.19561
0.0,562,2.326771
1.0,12,2.329597
1.0,89,2.350694
0.0,32,2.358452
0.0,67,2.374405
1.0,16,2.378211
0.0,24,2.384087
0.0,9,2.386221
0.0,9,2.388378
1.0,11,2.391006
0.0,54,2.403702
1.0,109,2.429603
0.0,59,2.443708
1.0,13,2.446767
1.0,108,2.47243
1.0,131,2.503354
1.0,28,2.510147
0.0,4,2.511142
1.0,53,2.523561
0.0,113,2.550155
0.0,45,2.560726
0.0,2,2.561218
0.0,65,2.576626
1.0,89,2.598447
0.0,1000,2.833125
1.0,11,2.835719
0.0,16,2.839504
0.0,139,2.87265
0.0,187,2.916243
1.0,12,2.919061
1.0,41,2.928608
0.0,26,2.935086
0.0,37,2.943738
1.0,12,2.946565
1.0,57,2.960094
1.0,96,2.982513
1.0,30,2.989507
1.0,12,2.992328
0.0,14,2.995924
1.0,42,3.006078
1.0,19,3.010787
0.0,4,3.011773
1.0,112,3.038687
1.0,82,3.058112
1.0,17,3.062156
1.0,13,3.065288
0.0,49,3.07683
1.0,84,3.097178
1.0,17,3.101249
1.0,11,3.103906
0.0,20,3.108639
0.0,266,3.171311
1.0,17,3.17532
1.0,17,3.179317
1.0,55,3.192178
1.0,43,3.202306
1.0,21,3.207243
1.0,12,3.210074
1.0,44,3.220376
0.0,18,3.224606
1.0,19,3.229081
1.0,11,3.231687
0.0,27,3.238056
1.0,113,3.264411
1.0,20,3.26911
1.0,13,3.272221
1.0,29,3.279006
0.0,99,3.302472
1.0,21,3.307913
1.0,16,3.311697
0.0,5,3.312885
1.0,57,3.326495
1.0,21,3.331593
1.0,11,3.334193
1.0,27,3.340563
1.0,54,3.353256
1.0,17,3.357329
1.0,12,3.360151
1.0,36,3.368574
0.0,22,3.373741
1.0,19,3.378214
1.0,11,3.380806
1.0,29,3.387655
1.0,26,3.393737
1.0,19,3.398207
1.0,12,3.401035
1.0,46,3.411779
1.0,40,3.421147
1.0,19,3.425615
1.0,11,3.428214
0.0,47,3.439485
1.0,36,3.447963
1.0,17,3.45219
1.0,12,3.455012
0.0,31,3.462311
1.0,97,3.484969
0.0,6,3.486402
1.0,11,3.488999
0.0,22,3.494573
0.0,7,3.496244
1.0,19,3.500728
0.0,9,3.502859
1.0,29,3.509662
0.0,20,3.514601
1.0,17,3.51861
0.0,6,3.520039
1.0,31,3.527287
1.0,31,3.534849
1.0,19,3.539307
0.0,2,3.539798
1.0,32,3.547732
1.0,61,3.562135
1.0,19,3.566993
1.0,13,3.570094
1.0,29,3.576961
1.0,29,3.583769
1.0,25,3.589611
1.0,13,3.592674
1.0,23,3.59811
0.0,87,3.619158
0.0,11,3.621752
1.0,11,3.624384
1.0,23,3.629814
0.0,12,3.632656
1.0,19,3.637124
1.0,15,3.640647
0.0,6,3.642071
1.0,83,3.661436
1.0,25,3.667655
1.0,11,3.67025
1.0,26,3.676346
0.0,23,3.682037
0.0,9,3.684177
1.0,12,3.687057
1.0,25,3.692933
1.0,33,3.700657
0.0,4,3.701616
1.0,13,3.70467
1.0,26,3.710768
1.0,23,3.716171
0.0,8,3.718071
1.0,11,3.72067
1.0,26,3.726829
0.0,15,3.73036
1.0,17,3.73438
1.0,11,3.736976
1.0,24,3.742599
1.0,59,3.756399
1.0,19,3.760881
1.0,11,3.763547
1.0,23,3.76925
1.0,32,3.776765
1.0,20,3.781824
0.0,2,3.782353
1.0,25,3.788475
1.0,39,3.797749
1.0,19,3.802616
1.0,11,3.805227
1.0,24,3.810942
0.0,46,3.821726
1.0,19,3.826199
1.0,11,3.828797
1.0,24,3.834423
1.0,23,3.839941
1.0,17,3.843947
1.0,12,3.846784
1.0,23,3.852186
1.0,28,3.858727
1.0,17,3.862724
1.0,11,3.865318
1.0,25,3.871196
1.0,34,3.879187
1.0,17,3.883191
1.0,12,3.886017
1.0,29,3.892856
1.0,29,3.899635
1.0,21,3.904562
0.0,4,3.905526
1.0,25,3.911385
1.0,26,3.917512
0.0,13,3.920577
1.0,11,3.923178
1.0,23,3.928573
1.0,29,3.935621
1.0,19,3.940082
1.0,11,3.942674
1.0,23,3.948146
0.0,26,3.954449
1.0,18,3.958683
1.0,12,3.961496
1.0,23,3.966896
1.0,28,3.973442
1.0,17,3.977449
1.0,11,3.980044
1.0,23,3.985429
1.0,23,3.990873
1.0,17,3.995196
0.0,9,3.997322
0.0,12,4.000154
1.0,63,4.015338
1.0,20,4.020412
1.0,11,4.023
1.0,31,4.030609
1.0,29,4.037483
1.0,23,4.042958
1.0,11,4.045557
1.0,25,4.051475
0.0,24,4.057363
0.0,17,4.061391
1.0,11,4.064193
1.0,23,4.069599
1.0,23,4.074997
1.0,21,4.079961
1.0,11,4.082557
1.0,23,4.087955
1.0,26,4.094037
1.0,22,4.0992
1.0,13,4.102386
0.0,14,4.105677
1.0,23,4.111069
1.0,19,4.115524
1.0,11,4.118119
1.0,29,4.124908
1.0,23,4.130371
1.0,17,4.134377
1.0,13,4.137408
1.0,31,4.144755
1.0,25,4.150611
1.0,19,4.155079
0.0,7,4.156746
1.0,24,4.162384
1.0,23,4.167813
1.0,17,4.171793
0.0,4,4.172748
1.0,23,4.178193
1.0,25,4.184047
1.0,20,4.188731
1.0,11,4.191313
1.0,25,4.197161
1.0,25,4.20312
1.0,19,4.207583
1.0,12,4.210653
0.0,12,4.213553
1.0,28,4.22018
1.0,21,4.225121
1.0,12,4.227925
1.0,23,4.233315
0.0,4,4.234272
1.0,20,4.23896
1.0,12,4.24181
1.0,23,4.247517
0.0,23,4.253014
1.0,19,4.257591
1.0,11,4.260184
1.0,24,4.266095
1.0,28,4.272861
1.0,17,4.276971
1.0,11,4.279552
1.0,23,4.284939
1.0,23,4.290683
1.0,17,4.294674
1.0,14,4.297958
1.0,23,4.303386
1.0,23,4.308757
1.0,17,4.312774
1.0,13,4.315823
1.0,27,4.322173
1.0,23,4.327545
1.0,19,4.332053
1.0,11,4.33465
1.0,30,4.341879
1.0,28,4.348439
0.0,20,4.353122
1.0,17,4.357379
1.0,26,4.363651
1.0,30,4.370894
1.0,17,4.374926
1.0,12,4.377743
1.0,25,4.38369
1.0,27,4.390089
1.0,21,4.395095
1.0,11,4.397687
1.0,28,4.404485
0.0,18,4.408786
1.0,21,4.413745
1.0,12,4.416628
1.0,23,4.422135
1.0,32,4.429737
1.0,17,4.433894
1.0,13,4.43703
0.0,4,4.438023
1.0,25,4.444016
1.0,22,4.449305
1.0,13,4.452433
1.0,25,4.458747
1.0,31,4.466036
1.0,21,4.470975
1.0,11,4.473564
1.0,28,4.480175
1.0,23,4.485929
1.0,17,4.489932
1.0,11,4.492526
1.0,26,4.499171
1.0,27,4.50552
1.0,19,4.510103
1.0,17,4.514347
1.0,29,4.521496
1.0,25,4.527438
1.0,20,4.532199
1.0,14,4.535522
1.0,27,4.541831
1.0,25,4.547738
1.0,17,4.551763
1.0,11,4.554358
0.0,8,4.556288
1.0,24,4.561944
1.0,21,4.56697
1.0,11,4.56956
0.0,8,4.571449
1.0,25,4.577306
1.0,17,4.581304
1.0,11,4.583905
1.0,23,4.589289
0.0,8,4.59119
1.0,17,4.595228
1.0,11,4.597824
1.0,28,4.604383
1.0,25,4.610241
1.0,17,4.614237
0.0,7,4.615917
1.0,24,4.621536
1.0,30,4.628559
1.0,17,4.632615
1.0,11,4.635217
1.0,24,4.640842
1.0,28,4.647438
1.0,17,4.651427
1.0,12,4.65425
0.0,12,4.657072
1.0,27,4.663373
0.0,16,4.667174
1.0,11,4.669842
0.0,20,4.674546
1.0,25,4.680395
0.0,10,4.682745
1.0,14,4.686019
1.0,25,4.691885
1.0,23,4.697262
1.0,26,4.703324
1.0,13,4.706438
1.0,30,4.713458
1.0,23,4.719103
0.0,13,4.722173
1.0,13,4.725264
1.0,23,4.731025
1.0,25,4.736977
1.0,17,4.740963
1.0,13,4.744062
1.0,27,4.750537
1.0,27,4.757126
1.0,19,4.761656
0.0,9,4.763783
0.0,16,4.767525
1.0,23,4.772943
1.0,19,4.777411
1.0,16,4.781131
1.0,25,4.787047
1.0,24,4.792708
1.0,17,4.7967
1.0,11,4.799301
1.0,28,4.806001
1.0,29,4.81314
1.0,19,4.817591
0.0,2,4.818079
1.0,23,4.823564
0.0,16,4.827319
1.0,17,4.831316
1.0,11,4.833907
1.0,25,4.839814
0.0,19,4.844294
1.0,17,4.848297
1.0,11,4.850899
0.0,16,4.854661
1.0,23,4.860106
1.0,19,4.864575
1.0,11,4.867167
1.0,27,4.87348
1.0,26,4.879565
1.0,19,4.884024
1.0,11,4.886619
0.0,8,4.888507
1.0,23,4.893889
1.0,19,4.898402
0.0,9,4.900531
1.0,29,4.907311
0.0,14,4.910599
1.0,19,4.915041
1.0,13,4.918095
0.0,16,4.921841
0.0,18,4.926054
1.0,17,4.930033
1.0,16,4.934065
1.0,25,4.939933
1.0,37,4.948822
1.0,17,4.952822
1.0,11,4.955416
1.0,29,4.962389
1.0,29,4.969606
1.0,19,4.974149
1.0,13,4.977203
1.0,23,4.982632
1.0,32,4.990479
1.0,21,4.995874
1.0,13,4.998953
1.0,23,5.004354
1.0,31,5.01199
1.0,19,5.016482
1.0,11,5.019172
1.0,28,5.025711
0.0,4,5.026678
1.0,21,5.031592
1.0,13,5.03464
1.0,30,5.041664
1.0,25,5.047585
1.0,22,5.052739
1.0,13,5.055804
1.0,25,5.061659
1.0,23,5.06713
0.0,4,5.068084
1.0,11,5.070685
0.0,14,5.073983
1.0,25,5.079836
1.0,25,5.085742
1.0,12,5.088571
1.0,26,5.094681
1.0,23,5.100079
1.0,22,5.105237
1.0,11,5.107842
1.0,25,5.113704
1.0,24,5.119315
1.0,19,5.123839
1.0,11,5.126477
1.0,26,5.132549
0.0,17,5.136538
1.0,17,5.140579
1.0,11,5.143177
1.0,27,5.149507
1.0,25,5.155354
0.0,6,5.156775
0.0,6,5.158195
1.0,27,5.164571
0.0,8,5.166478
1.0,17,5.17051
1.0,13,5.17357
1.0,26,5.17965
1.0,27,5.185951
1.0,19,5.190398
1.0,11,5.192995
1.0,29,5.200157
1.0,26,5.20663
1.0,17,5.210638
1.0,11,5.213254
0.0,12,5.216082
1.0,25,5.222032
1.0,19,5.226747
1.0,11,5.229336
0.0,16,5.233325
1.0,25,5.239281
1.0,20,5.24397
1.0,11,5.246611
1.0,23,5.252012
1.0,25,5.257906
1.0,19,5.262388
1.0,11,5.264982
1.0,33,5.27273
1.0,26,5.278831
1.0,21,5.283864
1.0,13,5.286925
1.0,25,5.292777
1.0,172,5.333076
1.0,17,5.337074
1.0,12,5.3399
0.0,14,5.343199
1.0,27,5.349571
0.0,13,5.352648
1.0,11,5.355248
1.0,25,5.361106
1.0,26,5.367189
1.0,22,5.372362
1.0,11,5.374955
1.0,28,5.381508
1.0,25,5.387413
1.0,17,5.391414
1.0,11,5.394006
0.0,4,5.394959
1.0,28,5.401778
1.0,20,5.406653
1.0,13,5.40975
1.0,25,5.415605
1.0,29,5.422416
1.0,22,5.427631
1.0,11,5.430457
1.0,25,5.436487
1.0,26,5.442702
1.0,19,5.447155
1.0,17,5.451337
1.0,25,5.457461
1.0,25,5.463557
0.0,6,5.464987
1.0,11,5.467762
1.0,27,5.474227
1.0,35,5.482398
1.0,17,5.486402
1.0,11,5.488994
1.0,32,5.496821
0.0,19,5.501356
1.0,17,5.505362
1.0,11,5.507954
1.0,25,5.514068
1.0,30,5.521074
1.0,25,5.526932
1.0,14,5.530295
1.0,24,5.53598
1.0,26,5.542116
1.0,19,5.54675
1.0,11,5.549342
1.0,23,5.554727
1.0,29,5.561515
0.0,6,5.562944
0.0,8,5.564833
1.0,25,5.570702
1.0,27,5.577083
1.0,21,5.581994
1.0,11,5.584593
1.0,25,5.590451
1.0,26,5.596531
1.0,19,5.600994
1.0,11,5.6036
1.0,25,5.609526
1.0,25,5.615519
1.0,17,5.619557
1.0,13,5.62266
1.0,29,5.629552
1.0,27,5.635882
1.0,20,5.64057
1.0,11,5.643179
1.0,23,5.648576
1.0,28,5.655209
0.0,8,5.657103
1.0,13,5.660164
1.0,23,5.665671
1.0,30,5.672976
1.0,19,5.67744
1.0,12,5.680546
1.0,26,5.68684
1.0,24,5.692525
1.0,17,5.696594
0.0,11,5.699257
1.0,25,5.705414
1.0,23,5.710874
1.0,17,5.714903
1.0,11,5.717491
1.0,27,5.723781
1.0,26,5.72991
1.0,19,5.734363
1.0,13,5.737407
1.0,27,5.743746
1.0,23,5.749126
1.0,21,5.754053
1.0,11,5.756652
1.0,24,5.762254
1.0,25,5.768145
1.0,21,5.773067
1.0,11,5.775657
0.0,12,5.778473
1.0,25,5.784364
1.0,17,5.788357
1.0,11,5.790943
1.0,25,5.796799
1.0,23,5.802221
1.0,20,5.806904
1.0,15,5.810418
0.0,16,5.814175
1.0,23,5.819555
1.0,17,5.82355
1.0,11,5.826136
0.0,14,5.829409
1.0,29,5.836224
1.0,20,5.84097
1.0,11,5.84356
1.0,27,5.849854
1.0,23,5.855236
1.0,17,5.859238
1.0,14,5.862501
1.0,23,5.867879
1.0,26,5.873996
1.0,18,5.87826
1.0,13,5.881314
1.0,28,5.887828
1.0,25,5.893657
0.0,4,5.894647
1.0,13,5.89769
1.0,28,5.904464
1.0,26,5.910532
1.0,22,5.915959
1.0,13,5.919139
1.0,25,5.925041
1.0,26,5.931202
1.0,17,5.935458
1.0,13,5.938693
0.0,14,5.942062
0.0,14,5.945377
1.0,19,5.950222
1.0,12,5.953111
1.0,35,5.961316
0.0,14,5.964609
1.0,17,5.968627
1.0,12,5.971447
0.0,14,5.974716
1.0,25,5.980555
0.0,8,5.982445
1.0,12,5.985262
1.0,23,5.990708
0.0,6,5.992138
1.0,17,5.996403
0.0,4,5.997355
1.0,25,6.003291
1.0,24,6.008902
0.0,4,6.009978
1.0,11,6.012872
1.0,25,6.018779
1.0,25,6.024624
1.0,19,6.029137
1.0,17,6.033135
0.0,18,6.037362
1.0,29,6.044183
1.0,19,6.048645
1.0,13,6.051688
1.0,27,6.057999
1.0,24,6.063714
1.0,22,6.068913
1.0,13,6.071967
0.0,8,6.073852
0.0,8,6.075741
0.0,9,6.077863
1.0,12,6.08068
1.0,30,6.087706
0.0,16,6.091458
1.0,17,6.095455
1.0,11,6.098043
1.0,25,6.103923
1.0,23,6.109321
1.0,17,6.113299
1.0,11,6.115889
0.0,4,6.116838
1.0,25,6.12272
1.0,19,6.127229
1.0,11,6.129822
1.0,25,6.135668
1.0,23,6.141042
1.0,20,6.146043
1.0,11,6.148634
1.0,27,6.155066
1.0,28,6.161903
1.0,17,6.166153
1.0,11,6.168947
1.0,23,6.174545
1.0,28,6.181137
1.0,17,6.185124
0.0,2,6.185613
1.0,28,6.192505
1.0,30,6.199542
1.0,23,6.204912
1.0,13,6.207972
1.0,29,6.214758
1.0,27,6.221146
1.0,17,6.225142
1.0,12,6.227961
1.0,23,6.23334
1.0,23,6.238724
1.0,19,6.243185
1.0,11,6.245773
1.0,25,6.251643
1.0,23,6.257085
1.0,19,6.261543
1.0,11,6.264128
1.0,25,6.269991
0.0,21,6.274912
0.0,19,6.279361
1.0,11,6.28196
1.0,34,6.289896
0.0,21,6.294898
1.0,17,6.298881
1.0,12,6.301681
1.0,26,6.307765
1.0,27,6.314106
1.0,19,6.318562
1.0,11,6.32115
0.0,12,6.323981
1.0,23,6.329358
1.0,17,6.333496
1.0,11,6.336091
0.0,6,6.337512
1.0,24,6.343227
1.0,18,6.347538
1.0,11,6.350122
1.0,24,6.355738
1.0,23,6.361119
1.0,22,6.366267
1.0,16,6.370073
1.0,29,6.376852
1.0,28,6.383599
1.0,19,6.388062
0.0,11,6.391011
1.0,23,6.396481
1.0,25,6.402312
1.0,19,6.40696
1.0,13,6.410007
0.0,6,6.411642
1.0,34,6.41977
0.0,11,6.42236
1.0,11,6.424939
1.0,25,6.430761
1.0,25,6.436864
1.0,17,6.440833
1.0,11,6.443424
1.0,23,6.449174
1.0,29,6.455921
1.0,25,6.461732
1.0,11,6.46432
0.0,4,6.46527
1.0,23,6.470643
1.0,19,6.475084
1.0,13,6.478128
0.0,4,6.47908
1.0,23,6.484504
1.0,17,6.488501
1.0,11,6.491095
1.0,27,6.497651
0.0,6,6.499078
0.0,4,6.500027
1.0,11,6.502613
1.0,28,6.509131
1.0,29,6.516205
1.0,20,6.520931
1.0,11,6.523522
1.0,26,6.529604
1.0,25,6.53546
1.0,21,6.540378
1.0,11,6.542975
1.0,27,6.549273
1.0,29,6.556049
1.0,20,6.560781
1.0,15,6.564286
1.0,23,6.569837
1.0,23,6.575263
1.0,17,6.579268
1.0,13,6.582325
0.0,19,6.586759
1.0,34,6.594661
1.0,19,6.599203
0.0,4,6.600158
1.0,29,6.60725
1.0,29,6.614068
1.0,19,6.618711
1.0,11,6.621295
1.0,24,6.626997
1.0,31,6.634358
1.0,17,6.638343
1.0,15,6.642115
1.0,25,6.648218
1.0,25,6.654407
0.0,10,6.656782
0.0,9,6.658909
1.0,28,6.665522
0.0,23,6.670981
1.0,17,6.674998
1.0,11,6.677589
1.0,23,6.682966
1.0,27,6.689307
1.0,19,6.693766
1.0,11,6.696358
0.0,12,6.699178
1.0,23,6.704548
1.0,24,6.710191
1.0,11,6.712786
0.0,4,6.713739
0.0,20,6.71841
1.0,17,6.722405
1.0,13,6.725435
1.0,27,6.731755
1.0,24,6.73736
1.0,21,6.74227
1.0,11,6.744868
0.0,8,6.746846
1.0,29,6.753625
0.0,8,6.755505
1.0,11,6.758086
1.0,28,6.764619
1.0,25,6.770515
1.0,22,6.77566
1.0,11,6.778251
1.0,23,6.783752
1.0,27,6.790105
1.0,17,6.794102
1.0,14,6.797385
1.0,26,6.803478
1.0,27,6.80979
0.0,13,6.812842
1.0,11,6.815429
1.0,23,6.820796
0.0,8,6.822732
1.0,17,6.82671
1.0,13,6.82976
1.0,28,6.836293
0.0,8,6.838173
1.0,19,6.842621
1.0,16,6.846366
1.0,24,6.85217
0.0,8,6.854059
1.0,20,6.858743
1.0,11,6.861381
1.0,24,6.867283
1.0,31,6.874547
1.0,18,6.878836
0.0,11,6.881492
1.0,23,6.887199
1.0,26,6.893358
1.0,17,6.897388
1.0,11,6.899981
1.0,27,6.906398
1.0,23,6.911785
1.0,17,6.915817
1.0,11,6.918402
0.0,6,6.919817
1.0,23,6.92518
1.0,21,6.930089
1.0,12,6.933252
1.0,27,6.939611
1.0,25,6.945444
1.0,24,6.95129
1.0,11,6.953879
1.0,23,6.959247
1.0,23,6.964606
1.0,24,6.970212
1.0,12,6.973072
1.0,23,6.978473
1.0,23,6.98386
0.0,15,6.987367
1.0,15,6.990892
1.0,27,6.99754
1.0,30,7.004533
1.0,17,7.008532
1.0,11,7.011452
1.0,23,7.016835
0.0,8,7.018728
0.0,11,7.021311
1.0,11,7.023897
0.0,4,7.024849
1.0,25,7.030695
1.0,18,7.035099
1.0,11,7.037687
1.0,23,7.043064
1.0,26,7.04918
0.0,11,7.051776
1.0,11,7.054362
1.0,29,7.061179
0.0,18,7.065471
1.0,20,7.070124
1.0,11,7.072724
1.0,29,7.079501
1.0,27,7.085822
0.0,4,7.086828
1.0,11,7.089613
0.0,4,7.090566
1.0,24,7.096182
1.0,17,7.100396
1.0,13,7.103602
1.0,27,7.109943
1.0,23,7.115409
1.0,17,7.119496
1.0,15,7.123227
1.0,25,7.129356
1.0,24,7.13514
1.0,22,7.140291
1.0,11,7.142921
1.0,26,7.148989
1.0,25,7.154876
1.0,19,7.159328
1.0,11,7.161953
1.0,23,7.167352
1.0,25,7.173204
1.0,19,7.177671
1.0,13,7.180724
1.0,29,7.187515
1.0,30,7.194502
0.0,8,7.196387
1.0,15,7.199946
1.0,30,7.207054
1.0,25,7.212893
1.0,17,7.217188
1.0,11,7.219781
1.0,27,7.226107
1.0,23,7.231498
1.0,19,7.235951
1.0,17,7.239999
0.0,21,7.244918
1.0,23,7.250342
1.0,19,7.254777
0.0,4,7.255733
1.0,25,7.261581
1.0,27,7.267911
1.0,19,7.272377
1.0,14,7.275751
1.0,27,7.282072
1.0,26,7.288139
1.0,19,7.292585
1.0,13,7.295636
1.0,23,7.301024
1.0,25,7.306885
1.0,22,7.31203
1.0,11,7.314664
1.0,23,7.320053
1.0,26,7.326447
1.0,17,7.330458
1.0,17,7.334426
1.0,25,7.340379
0.0,4,7.341341
0.0,6,7.342755
1.0,13,7.345795
1.0,25,7.351677
1.0,25,7.357979
1.0,20,7.362738
1.0,11,7.365477
1.0,25,7.371428
1.0,26,7.377487
0.0,8,7.379372
1.0,11,7.381956
1.0,27,7.388262
0.0,12,7.391143
1.0,19,7.395618
1.0,11,7.398199
1.0,23,7.403581
0.0,16,7.407324
0.0,8,7.40921
1.0,11,7.4118
1.0,27,7.4181
1.0,27,7.424397
1.0,23,7.429884
1.0,12,7.432811
1.0,31,7.440256
1.0,23,7.445674
1.0,19,7.450336
1.0,11,7.452922
0.0,6,7.454341
0.0,14,7.457623
1.0,23,7.463011
1.0,11,7.465649
1.0,30,7.472644
1.0,25,7.478479
1.0,17,7.48245
1.0,13,7.485497
1.0,24,7.491111
1.0,26,7.497496
1.0,17,7.501476
1.0,11,7.504115
0.0,20,7.508803
0.0,6,7.51022
0.0,6,7.511888
1.0,13,7.51494
1.0,25,7.520782
1.0,23,7.526154
1.0,22,7.531317
1.0,11,7.533905
1.0,27,7.540271
0.0,19,7.544721
1.0,23,7.550118
1.0,15,7.553636
1.0,25,7.559467
1.0,29,7.566438
1.0,23,7.571802
1.0,11,7.574769
1.0,27,7.581309
1.0,29,7.58808
1.0,17,7.592149
1.0,12,7.595046
0.0,9,7.59716
1.0,23,7.602535
1.0,19,7.60702
1.0,16,7.610756
1.0,25,7.61696
1.0,23,7.622446
1.0,17,7.626422
1.0,15,7.629923
1.0,32,7.637418
1.0,27,7.643724
1.0,20,7.648388
1.0,13,7.651436
0.0,8,7.653359
0.0,8,7.655252
1.0,18,7.659463
0.0,6,7.660891
1.0,26,7.667039
1.0,27,7.673354
1.0,22,7.678501
0.0,9,7.680615
1.0,27,7.686933
1.0,27,7.693295
1.0,17,7.697292
1.0,16,7.70103
1.0,27,7.707317
1.0,23,7.712698
1.0,19,7.717146
1.0,12,7.719963
1.0,23,7.725351
1.0,27,7.731723
0.0,14,7.735
1.0,11,7.737591
1.0,25,7.743446
0.0,22,7.748594
1.0,21,7.753483
1.0,13,7.756537
1.0,23,7.761925
1.0,26,7.768043
1.0,17,7.772074
0.0,10,7.774486
0.0,14,7.777785
0.0,12,7.780642
1.0,21,7.785561
1.0,13,7.788621
1.0,28,7.795183
1.0,25,7.801257
1.0,21,7.806201
1.0,13,7.80925
1.0,28,7.815811
1.0,30,7.823163
1.0,22,7.828457
1.0,11,7.83105
1.0,25,7.836909
1.0,26,7.843054
1.0,20,7.847789
0.0,7,7.849443
0.0,17,7.853441
1.0,25,7.859287
1.0,19,7.863744
1.0,13,7.866794
1.0,27,7.873113
0.0,18,7.877321
1.0,19,7.881815
0.0,4,7.882776
1.0,25,7.888632
0.0,6,7.89006
1.0,19,7.894499
1.0,13,7.897554
1.0,25,7.903389
0.0,4,7.904346
1.0,21,7.909237
1.0,12,7.912058
1.0,23,7.917435
0.0,14,7.920756
0.0,16,7.924492
1.0,12,7.927322
1.0,30,7.934635
1.0,23,7.940008
1.0,19,7.944451
1.0,15,7.947963
0.0,15,7.95169
0.0,12,7.954506
1.0,17,7.958549
1.0,11,7.961131
1.0,25,7.966984
1.0,23,7.97236
1.0,17,7.976365
1.0,11,7.978951
1.0,25,7.984804
1.0,23,7.990187
1.0,17,7.994209
1.0,16,7.998249
0.0,12,8.001077
0.0,9,8.003201
1.0,19,8.007664
1.0,11,8.010251
1.0,25,8.016304
1.0,26,8.022684
1.0,17,8.026708
1.0,11,8.029289
1.0,27,8.036038
1.0,27,8.042341
1.0,17,8.046558
1.0,13,8.049767
0.0,8,8.051654
1.0,29,8.05844
1.0,17,8.062538
1.0,11,8.065325
1.0,25,8.071549
1.0,25,8.07746
1.0,20,8.082134
1.0,12,8.084953
0.0,4,8.085904
1.0,26,8.09197
1.0,18,8.096178
1.0,11,8.098769
1.0,27,8.105149
1.0,26,8.111274
1.0,19,8.115733
1.0,12,8.118556
1.0,32,8.126019
1.0,27,8.13233
1.0,19,8.136797
1.0,14,8.140079
0.0,21,8.145144
1.0,25,8.150993
1.0,20,8.155678
1.0,13,8.158843
1.0,23,8.164223
1.0,25,8.17006
1.0,21,8.174956
1.0,11,8.17754
1.0,30,8.184586
1.0,24,8.190205
1.0,20,8.194903
1.0,11,8.197492
1.0,25,8.20335
1.0,28,8.209893
1.0,19,8.214363
1.0,11,8.216963
1.0,26,8.223099
1.0,27,8.229399
0.0,11,8.231989
1.0,11,8.234577
1.0,23,8.239956
1.0,27,8.246279
1.0,19,8.250719
1.0,12,8.253537
1.0,23,8.25901
1.0,24,8.264624
0.0,9,8.266748
1.0,12,8.269576
1.0,27,8.2762
1.0,25,8.282226
1.0,17,8.286528
1.0,13,8.289619
1.0,27,8.29601
0.0,16,8.299832
1.0,19,8.304529
1.0,11,8.307194
1.0,23,8.312605
1.0,27,8.318947
1.0,21,8.323865
1.0,13,8.326918
0.0,18,8.331163
1.0,27,8.337509
1.0,17,8.341499
1.0,11,8.344099
1.0,23,8.349504
1.0,25,8.355364
0.0,8,8.357254
1.0,13,8.360385
1.0,23,8.365784
1.0,25,8.371676
1.0,19,8.37612
1.0,12,8.378938
1.0,25,8.384761
0.0,14,8.388047
1.0,19,8.392503
1.0,11,8.395106
1.0,28,8.401641
1.0,28,8.408389
0.0,4,8.409575
1.0,11,8.412237
1.0,32,8.419732
0.0,14,8.423012
1.0,21,8.427913
1.0,15,8.431426
1.0,27,8.438051
1.0,29,8.444848
1.0,19,8.449525
1.0,13,8.452622
1.0,25,8.458472
1.0,23,8.463852
1.0,19,8.468291
0.0,9,8.470415
1.0,25,8.476265
1.0,23,8.48163
0.0,9,8.48375
0.0,2,8.484259
1.0,23,8.489673
1.0,29,8.496696
1.0,19,8.501153
1.0,11,8.50374
1.0,25,8.509862
1.0,23,8.515579
1.0,17,8.51966
1.0,13,8.522757
0.0,16,8.526496
1.0,27,8.533094
1.0,17,8.537299
1.0,11,8.54002
1.0,32,8.547495
0.0,15,8.55103
0.0,10,8.553695
1.0,13,8.556745
1.0,23,8.562163
1.0,35,8.570387
1.0,19,8.574843
1.0,13,8.57792
1.0,25,8.583757
1.0,27,8.590098
1.0,17,8.594086
1.0,11,8.596671
1.0,23,8.602116
1.0,34,8.610023
1.0,17,8.614017
1.0,11,8.616729
1.0,25,8.622635
0.0,9,8.624755
1.0,17,8.628744
1.0,11,8.631398
1.0,23,8.63688
1.0,24,8.642488
1.0,19,8.646979
1.0,12,8.649791
1.0,27,8.65609
1.0,26,8.66216
1.0,22,8.66732
0.0,7,8.668979
0.0,8,8.670877
1.0,27,8.677226
1.0,22,8.682389
0.0,9,8.684501
1.0,23,8.689898
1.0,26,8.69597
1.0,21,8.700887
1.0,11,8.703474
1.0,25,8.709328
0.0,4,8.710297
1.0,19,8.714813
1.0,11,8.71741
0.0,4,8.718369
1.0,27,8.724694
1.0,17,8.728701
1.0,11,8.731292
1.0,26,8.737371
1.0,23,8.742769
1.0,21,8.747894
0.0,8,8.749862
0.0,21,8.754775
0.0,21,8.760094
1.0,17,8.764114
1.0,11,8.766709
0.0,15,8.770206
1.0,25,8.776222
1.0,17,8.780578
1.0,12,8.783418
1.0,23,8.788934
1.0,23,8.794313
1.0,17,8.798312
1.0,16,8.802051
0.0,19,8.806499
1.0,33,8.814225
1.0,19,8.818676
1.0,14,8.821947
1.0,23,8.827424
1.0,26,8.833507
1.0,19,8.83796
1.0,11,8.84056
1.0,25,8.846405
1.0,27,8.852694
0.0,11,8.855276
1.0,14,8.858549
1.0,23,8.863959
1.0,23,8.869345
1.0,17,8.873326
1.0,13,8.876381
1.0,24,8.882003
1.0,23,8.887402
1.0,17,8.891398
1.0,11,8.893975
1.0,23,8.899352
1.0,25,8.90524
1.0,23,8.910743
0.0,2,8.911231
1.0,25,8.917079
1.0,23,8.922465
1.0,21,8.927377
1.0,11,8.929958
1.0,27,8.936565
0.0,20,8.941295
1.0,18,8.945527
0.0,2,8.946015
1.0,23,8.951631
1.0,24,8.957244
1.0,25,8.963083
1.0,12,8.965889
0.0,6,8.967314
1.0,29,8.97407
0.0,11,8.976751
1.0,11,8.979339
1.0,26,8.985666
1.0,26,8.991755
1.0,17,8.996483
1.0,11,8.9991
1.0,25,9.004968
1.0,23,9.010416
0.0,6,9.011923
1.0,11,9.014803
1.0,23,9.020221
1.0,24,9.025885
0.0,6,9.027308
1.0,13,9.030355
0.0,17,9.034341
1.0,23,9.039716
1.0,22,9.044863
1.0,12,9.04766
0.0,23,9.053109
0.0,8,9.054994
1.0,21,9.059884
1.0,11,9.062476
0.0,16,9.066311
1.0,25,9.072162
1.0,20,9.076848
1.0,11,9.079438
1.0,29,9.086204
1.0,25,9.0921
0.0,6,9.093526
1.0,13,9.096573
1.0,23,9.10195
1.0,23,9.107347
1.0,17,9.111353
1.0,11,9.113945
1.0,27,9.120246
1.0,23,9.125646
1.0,19,9.130238
1.0,11,9.132837
1.0,33,9.140539
1.0,27,9.146898
1.0,17,9.150903
1.0,12,9.153714
1.0,25,9.159551
1.0,23,9.164965
0.0,8,9.166851
1.0,11,9.169433
1.0,32,9.176902
1.0,25,9.182745
1.0,20,9.187439
1.0,13,9.190492
1.0,33,9.198178
1.0,27,9.204532
1.0,17,9.20852
1.0,11,9.21112
1.0,25,9.216954
1.0,23,9.222533
1.0,19,9.226976
1.0,11,9.229872
1.0,28,9.236614
1.0,23,9.242049
1.0,17,9.246113
0.0,9,9.248258
1.0,27,9.254907
0.0,16,9.258653
1.0,22,9.263822
1.0,11,9.266408
1.0,23,9.271824
1.0,23,9.2772
1.0,17,9.281271
1.0,12,9.284088
0.0,6,9.285511
1.0,31,9.292749
1.0,19,9.297191
1.0,11,9.300474
1.0,23,9.305856
0.0,17,9.309837
1.0,17,9.313827
1.0,12,9.316687
1.0,23,9.32206
1.0,28,9.328566
1.0,18,9.332766
1.0,14,9.336045
1.0,24,9.341661
0.0,20,9.346324
1.0,20,9.350999
1.0,11,9.353625
1.0,25,9.359488
1.0,23,9.36486
1.0,19,9.369301
1.0,11,9.371881
1.0,23,9.377262
0.0,19,9.381712
1.0,19,9.386156
1.0,13,9.389201
1.0,23,9.394628
1.0,24,9.40023
0.0,8,9.402112
1.0,12,9.404928
1.0,29,9.411684
0.0,12,9.414514
1.0,19,9.418982
1.0,11,9.421563
1.0,31,9.428802
1.0,28,9.435671
1.0,17,9.439647
0.0,2,9.440136
0.0,8,9.442021
1.0,25,9.447864
1.0,21,9.453015
1.0,11,9.455807
1.0,25,9.461642
1.0,30,9.469047
1.0,17,9.473069
1.0,11,9.475652
1.0,25,9.481532
1.0,24,9.487499
1.0,21,9.492529
1.0,11,9.495193
1.0,27,9.501846
1.0,25,9.50782
1.0,18,9.512276
1.0,14,9.515553
0.0,18,9.519784
0.0,6,9.5212
1.0,19,9.52563
1.0,11,9.528217
1.0,25,9.534051
1.0,25,9.539895
1.0,17,9.543933
1.0,11,9.546519
1.0,25,9.552364
1.0,30,9.559358
1.0,17,9.563338
1.0,12,9.566144
1.0,31,9.573444
0.0,6,9.574873
1.0,19,9.579329
1.0,12,9.582194
1.0,29,9.588981
0.0,6,9.590406
1.0,17,9.594383
1.0,11,9.596972
0.0,6,9.598391
1.0,25,9.604231
1.0,22,9.609521
1.0,12,9.612373
1.0,26,9.618834
1.0,23,9.624293
1.0,19,9.628795
1.0,11,9.631386
1.0,23,9.636755
1.0,26,9.642854
0.0,9,9.644983
1.0,13,9.648043
1.0,25,9.653911
1.0,27,9.660269
1.0,23,9.665657
1.0,11,9.668245
1.0,31,9.675473
0.0,8,9.677353
1.0,21,9.682266
1.0,13,9.685311
1.0,23,9.690686
1.0,27,9.697276
1.0,21,9.702278
1.0,17,9.706238
1.0,28,9.712763
0.0,19,9.717195
1.0,17,9.721445
1.0,11,9.724073
0.0,6,9.72566
1.0,25,9.731802
1.0,21,9.736699
1.0,11,9.739287
1.0,25,9.745265
1.0,25,9.751138
1.0,24,9.756696
0.0,2,9.757183
1.0,23,9.762596
1.0,25,9.768428
1.0,22,9.773618
1.0,11,9.776211
1.0,27,9.782512
1.0,23,9.788029
1.0,20,9.7927
1.0,11,9.795288
1.0,25,9.801137
1.0,27,9.807484
1.0,19,9.811927
1.0,13,9.814979
1.0,27,9.821263
1.0,23,9.826634
1.0,18,9.830871
1.0,11,9.833452
1.0,27,9.839772
1.0,23,9.845186
1.0,17,9.849167
1.0,11,9.851752
1.0,25,9.857588
1.0,29,9.864352
1.0,17,9.868325
1.0,12,9.871136
1.0,29,9.877893
1.0,23,9.883318
1.0,21,9.888236
1.0,11,9.890817
1.0,23,9.896195
1.0,26,9.902264
1.0,19,9.906708
1.0,13,9.909759
1.0,28,9.916272
1.0,25,9.922145
1.0,21,9.927302
1.0,13,9.930361
0.0,4,9.931318
1.0,25,9.937501
1.0,17,9.941778
1.0,13,9.944864
0.0,6,9.946287
1.0,23,9.9519
1.0,19,9.956484
1.0,11,9.959129
1.0,23,9.964874
0.0,21,9.969831
1.0,17,9.973825
1.0,17,9.977829
1.0,23,9.983222
0.0,17,9.987268
1.0,17,9.99125
1.0,11,9.993839
1.0,23,9.99954
0.0,12,10.002363
1.0,19,10.006804
1.0,11,10.009388
1.0,27,10.015972
1.0,26,10.022168
1.0,18,10.026405
1.0,11,10.028997
1.0,26,10.035141
0.0,4,10.036184
1.0,21,10.041128
1.0,11,10.04372
0.0,6,10.045138
1.0,23,10.050507
1.0,17,10.054494
1.0,11,10.057075
1.0,27,10.063415
1.0,25,10.069364
1.0,21,10.07432
1.0,13,10.077379
1.0,29,10.084166
1.0,24,10.089783
1.0,21,10.094694
1.0,11,10.097282
1.0,26,10.103369
1.0,28,10.109924
1.0,19,10.114386
0.0,9,10.116517
0.0,17,10.120532
1.0,23,10.125946
1.0,17,10.129935
1.0,11,10.132565
0.0,4,10.133584
1.0,25,10.13944
1.0,17,10.143437
0.0,8,10.145329
1.0,29,10.152284
1.0,24,10.157904
0.0,15,10.161431
0.0,7,10.163087
1.0,25,10.16921
0.0,4,10.170167
1.0,17,10.174151
1.0,12,10.17725
1.0,28,10.183914
0.0,4,10.184911
1.0,17,10.188915
0.0,7,10.190583
0.0,12,10.193506
1.0,32,10.201171
0.0,11,10.203942
1.0,11,10.206653
1.0,27,10.213012
1.0,31,10.220261
1.0,19,10.225017
1.0,13,10.228348
1.0,25,10.234347
1.0,27,10.240652
1.0,17,10.244635
1.0,11,10.247228
1.0,25,10.253077
1.0,28,10.259607
1.0,17,10.263694
1.0,11,10.266277
1.0,26,10.272888
1.0,32,10.280399
1.0,19,10.284868
1.0,14,10.288155
1.0,27,10.294472
1.0,23,10.299899
1.0,21,10.304814
0.0,7,10.306453
1.0,24,10.312066
1.0,23,10.317454
1.0,19,10.321908
1.0,11,10.324498
0.0,4,10.325445
1.0,25,10.331284
1.0,17,10.335275
1.0,13,10.338382
1.0,25,10.34427
1.0,32,10.351783
1.0,17,10.355759
1.0,13,10.358813
1.0,27,10.365128
0.0,19,10.369568
1.0,20,10.374275
0.0,9,10.376403
1.0,23,10.381782
1.0,28,10.388302
0.0,8,10.390194
1.0,11,10.392778
1.0,29,10.399538
1.0,25,10.405624
1.0,21,10.410542
1.0,11,10.413496
1.0,25,10.419533
0.0,4,10.420557
0.0,8,10.422448
1.0,15,10.425952
1.0,23,10.431405
0.0,19,10.436388
1.0,21,10.441407
0.0,10,10.443865
1.0,25,10.449861
1.0,23,10.455396
1.0,19,10.459837
1.0,11,10.46242
1.0,25,10.468251
1.0,27,10.474581
1.0,22,10.479725
1.0,13,10.482778
0.0,18,10.487065
1.0,28,10.493614
0.0,14,10.497211
1.0,11,10.499795
0.0,16,10.503546
1.0,27,10.509832
1.0,19,10.514589
1.0,13,10.517635
1.0,25,10.523493
1.0,30,10.530545
0.0,6,10.531969
1.0,11,10.534562
1.0,31,10.541789
0.0,17,10.545787
1.0,17,10.549779
1.0,12,10.552607
1.0,30,10.559623
1.0,23,10.565046
0.0,8,10.566928
1.0,13,10.569975
1.0,26,10.576046
1.0,27,10.582351
1.0,19,10.586793
1.0,15,10.590309
1.0,25,10.596151
1.0,25,10.602119
1.0,23,10.607499
1.0,12,10.610324
1.0,23,10.615711
1.0,33,10.623391
1.0,19,10.627844
0.0,4,10.628806
1.0,27,10.635142
1.0,25,10.641279
1.0,17,10.645273
1.0,11,10.647858
1.0,26,10.654312
1.0,25,10.660179
1.0,18,10.664594
0.0,2,10.665118
1.0,23,10.670601
1.0,23,10.676098
1.0,19,10.680586
0.0,2,10.681075
1.0,24,10.68668
1.0,25,10.69287
1.0,17,10.696938
0.0,4,10.697892
0.0,14,10.701176
1.0,27,10.707473
1.0,19,10.711958
1.0,11,10.714595
1.0,26,10.720661
1.0,33,10.72835
1.0,20,10.733016
1.0,11,10.735605
0.0,8,10.737486
1.0,34,10.745492
1.0,17,10.749474
1.0,13,10.752555
1.0,25,10.758414
1.0,26,10.764478
1.0,17,10.768461
0.0,2,10.768947
0.0,27,10.775219
0.0,10,10.777568
1.0,26,10.783668
1.0,15,10.787186
1.0,25,10.793102
1.0,23,10.798478
1.0,19,10.802912
1.0,11,10.805495
0.0,16,10.809376
1.0,25,10.815525
0.0,4,10.816481
1.0,13,10.819569
0.0,8,10.821451
1.0,23,10.82682
1.0,19,10.831319
1.0,11,10.833907
0.0,4,10.834854
1.0,25,10.840727
1.0,21,10.845628
1.0,13,10.848675
0.0,4,10.849627
0.0,4,10.850579
1.0,17,10.854554
1.0,12,10.857367
1.0,29,10.864112
1.0,29,10.87092
1.0,21,10.876026
1.0,11,10.878614
1.0,25,10.884462
1.0,33,10.892308
1.0,22,10.897464
1.0,11,10.900342
1.0,27,10.906869
0.0,8,10.9088
1.0,19,10.913257
1.0,13,10.916302
1.0,25,10.922432
1.0,27,10.928816
1.0,17,10.932813
1.0,11,10.935819
1.0,26,10.941983
1.0,23,10.947372
1.0,19,10.952041
1.0,11,10.954618
0.0,12,10.957463
1.0,23,10.962838
1.0,28,10.969349
1.0,15,10.972864
1.0,27,10.979207
1.0,27,10.98552
1.0,21,10.990447
0.0,9,10.992571
1.0,26,10.998958
1.0,25,11.004826
1.0,21,11.009735
1.0,13,11.013091
0.0,18,11.017331
1.0,30,11.024327
1.0,21,11.029245
1.0,17,11.033229
1.0,27,11.03955
1.0,26,11.045623
1.0,19,11.050067
1.0,12,11.052882
1.0,26,11.059012
0.0,14,11.062294
1.0,20,11.067048
1.0,12,11.069862
1.0,28,11.076397
1.0,24,11.082003
1.0,22,11.087145
1.0,13,11.090198
1.0,29,11.097076
1.0,25,11.102926
1.0,20,11.107599
1.0,11,11.110187
1.0,23,11.115802
1.0,25,11.121646
1.0,19,11.126519
1.0,11,11.129107
0.0,16,11.132982
1.0,30,11.140018
1.0,17,11.144113
1.0,11,11.147025
0.0,4,11.147981
0.0,19,11.15249
0.0,6,11.153911
1.0,13,11.157239
1.0,25,11.16308
1.0,25,11.169042
1.0,23,11.174702
1.0,12,11.177505
1.0,29,11.184309
1.0,24,11.189896
1.0,23,11.195264
1.0,16,11.198988
0.0,16,11.202734
1.0,25,11.208617
1.0,17,11.21259
1.0,11,11.215164
1.0,26,11.221233
1.0,24,11.226847
1.0,17,11.230843
1.0,13,11.233894
1.0,23,11.239299
1.0,23,11.244769
1.0,18,11.248993
1.0,11,11.251577
1.0,23,11.256939
1.0,26,11.263047
1.0,17,11.26704
1.0,11,11.269622
1.0,27,11.275934
1.0,25,11.281914
1.0,17,11.285905
1.0,16,11.289753
1.0,23,11.295132
1.0,23,11.300517
1.0,17,11.304512
1.0,13,11.307569
1.0,24,11.313201
1.0,30,11.320291
1.0,21,11.325201
1.0,17,11.329185
0.0,16,11.332937
1.0,27,11.339231
1.0,19,11.343769
0.0,9,11.345887
1.0,28,11.35271
1.0,31,11.360262
1.0,20,11.365098
1.0,11,11.36776
1.0,29,11.374541
1.0,27,11.381011
1.0,23,11.386397
1.0,11,11.388987
1.0,23,11.394446
1.0,27,11.401063
1.0,19,11.405624
1.0,14,11.408903
1.0,25,11.414739
1.0,25,11.420608
0.0,4,11.421561
1.0,13,11.424606
1.0,23,11.429991
1.0,25,11.436192
0.0,8,11.438084
1.0,11,11.440674
1.0,29,11.447459
0.0,8,11.44935
1.0,19,11.454087
1.0,11,11.456683
1.0,25,11.462546
1.0,23,11.46792
1.0,21,11.472891
1.0,13,11.475938
1.0,28,11.482481
1.0,30,11.489582
1.0,19,11.494032
1.0,12,11.497169
0.0,23,11.50256
0.0,26,11.509019
1.0,19,11.513842
1.0,13,11.516897
1.0,27,11.523226
1.0,24,11.528846
1.0,25,11.534719
1.0,11,11.537378
0.0,16,11.541184
1.0,23,11.546658
1.0,19,11.551103
1.0,11,11.553699
1.0,27,11.559999
1.0,27,11.566303
1.0,17,11.570312
1.0,11,11.572901
1.0,25,11.578746
1.0,29,11.58556
0.0,15,11.589307
1.0,11,11.591932
1.0,23,11.59742
1.0,27,11.603729
1.0,21,11.608716
1.0,13,11.612048
1.0,25,11.618117
1.0,27,11.62451
1.0,22,11.629673
0.0,4,11.630827
0.0,4,11.631796
0.0,16,11.635696
0.0,6,11.637107
1.0,11,11.639694
1.0,23,11.645163
0.0,10,11.647516
1.0,21,11.652471
1.0,11,11.655063
1.0,28,11.661656
1.0,32,11.669183
0.0,8,11.671078
1.0,11,11.6737
1.0,23,11.679085
0.0,20,11.683755
1.0,26,11.690005
1.0,11,11.692599
1.0,25,11.698537
0.0,18,11.702756
1.0,17,11.706752
1.0,14,11.710028
1.0,25,11.715893
1.0,25,11.721737
1.0,19,11.726186
1.0,11,11.728779
1.0,24,11.734426
1.0,31,11.741659
0.0,4,11.742732
1.0,13,11.745781
1.0,23,11.751166
1.0,26,11.757233
1.0,17,11.761232
1.0,12,11.764064
0.0,12,11.766892
0.0,16,11.770637
1.0,18,11.774894
1.0,14,11.778162
1.0,25,11.784047
1.0,26,11.790115
1.0,17,11.794116
1.0,11,11.796702
1.0,24,11.802316
1.0,25,11.808145
1.0,21,11.813105
0.0,13,11.816166
1.0,27,11.822491
1.0,27,11.829063
1.0,21,11.834125
1.0,13,11.837398
1.0,23,11.84282
1.0,27,11.849217
1.0,17,11.853375
1.0,11,11.856202
0.0,10,11.858692
0.0,18,11.862993
1.0,17,11.866967
1.0,15,11.870507
1.0,25,11.876387
1.0,26,11.882474
1.0,18,11.886733
1.0,11,11.889353
1.0,29,11.896137
1.0,27,11.90245
0.0,9,11.904568
1.0,11,11.907159
1.0,29,11.913909
1.0,23,11.919289
1.0,17,11.923311
1.0,13,11.926364
0.0,4,11.927318
0.0,21,11.932222
0.0,15,11.936071
1.0,14,11.939345
1.0,27,11.945643
1.0,32,11.95334
1.0,22,11.958487
1.0,14,11.961804
1.0,29,11.968581
1.0,27,11.974855
1.0,17,11.978845
1.0,11,11.981431
1.0,29,11.988191
0.0,4,11.989144
0.0,4,11.99009
1.0,11,11.992685
1.0,30,12.000093
1.0,24,12.005707
1.0,19,12.010143
1.0,11,12.013014
1.0,25,12.018862
1.0,25,12.024698
0.0,10,12.027053
1.0,13,12.030101
1.0,28,12.036702
1.0,28,12.043255
0.0,16,12.047001
1.0,13,12.05004
1.0,27,12.056349
1.0,24,12.062113
1.0,21,12.067098
1.0,11,12.069683
0.0,17,12.074052
1.0,25,12.079928
1.0,17,12.083928
1.0,11,12.086548
1.0,23,12.092091
1.0,23,12.09767
0.0,6,12.09909
1.0,11,12.101747
1.0,29,12.108715
1.0,29,12.115531
1.0,19,12.120068
1.0,11,12.122654
1.0,30,12.130059
1.0,24,12.136063
1.0,21,12.141058
1.0,11,12.143647
1.0,23,12.149019
1.0,26,12.155264
1.0,21,12.160196
1.0,12,12.16305
1.0,23,12.168427
1.0,25,12.174263
1.0,18,12.178476
1.0,13,12.181519
1.0,25,12.18739
1.0,23,12.192774
1.0,18,12.197009
1.0,11,12.199599
1.0,31,12.206821
1.0,23,12.212201
1.0,19,12.216651
0.0,10,12.219005
1.0,27,12.225356
1.0,23,12.230737
1.0,17,12.234725
1.0,15,12.238241
0.0,19,12.242707
1.0,23,12.248093
1.0,20,12.252771
1.0,11,12.255363
1.0,27,12.261666
0.0,20,12.266394
1.0,18,12.270607
1.0,11,12.273187
1.0,27,12.279486
1.0,25,12.285328
1.0,22,12.290466
1.0,12,12.293277
1.0,23,12.298861
1.0,29,12.30567
1.0,21,12.311063
1.0,11,12.313645
1.0,25,12.319557
1.0,30,12.326688
1.0,17,12.330847
0.0,7,12.332641
0.0,17,12.336644
1.0,25,12.34262
1.0,21,12.347574
1.0,13,12.350643
1.0,25,12.356504
1.0,23,12.362013
1.0,20,12.366692
1.0,16,12.370428
1.0,27,12.376762
1.0,23,12.38214
0.0,8,12.384037
1.0,11,12.386635
1.0,23,12.392006
1.0,27,12.398327
1.0,23,12.403767
1.0,11,12.40636
1.0,23,12.411757
1.0,23,12.417181
1.0,19,12.421643
1.0,11,12.424244
0.0,6,12.425663
0.0,4,12.426615
1.0,20,12.431307
1.0,13,12.434702
1.0,23,12.440115
1.0,27,12.446436
0.0,11,12.449018
1.0,12,12.452131
1.0,23,12.457519
0.0,21,12.462442
1.0,19,12.466891
1.0,11,12.469469
1.0,24,12.475096
1.0,27,12.481379
1.0,17,12.485377
1.0,13,12.488436
1.0,23,12.493906
1.0,26,12.500202
1.0,23,12.505539
1.0,11,12.508135
1.0,23,12.513791
1.0,25,12.51965
1.0,19,12.524086
1.0,11,12.526685
1.0,25,12.532595
1.0,26,12.538874
1.0,18,12.543103
1.0,14,12.546702
1.0,26,12.552885
1.0,23,12.558252
1.0,17,12.562298
1.0,11,12.564925
1.0,34,12.573434
0.0,6,12.574863
1.0,17,12.578923
1.0,13,12.582198
1.0,25,12.588075
1.0,30,12.59507
0.0,6,12.596482
1.0,16,12.60025
1.0,24,12.605929
0.0,23,12.611314
0.0,15,12.61485
1.0,12,12.617648
1.0,25,12.623471
1.0,34,12.631384
1.0,17,12.635372
1.0,11,12.637966
1.0,27,12.6444
1.0,26,12.650516
1.0,17,12.654494
1.0,11,12.657079
1.0,23,12.662463
1.0,27,12.66878
1.0,18,12.673006
1.0,11,12.675592
1.0,27,12.681951
1.0,25,12.687847
1.0,19,12.692401
1.0,11,12.695242
1.0,24,12.700891
1.0,27,12.707211
1.0,19,12.711739
1.0,11,12.714325
1.0,24,12.720091
1.0,23,12.725507
1.0,19,12.729954
0.0,7,12.731616
0.0,21,12.73652
0.0,14,12.739807
1.0,17,12.743845
1.0,11,12.74643
1.0,35,12.754644
1.0,23,12.760037
1.0,18,12.764247
1.0,13,12.767303
1.0,25,12.773341
1.0,27,12.779658
0.0,13,12.782811
0.0,7,12.784465
1.0,25,12.790321
1.0,29,12.797306
1.0,17,12.80157
1.0,14,12.805045
1.0,23,12.810708
1.0,25,12.816585
1.0,19,12.821076
1.0,11,12.823671
0.0,16,12.827423
0.0,6,12.828849
1.0,17,12.832887
1.0,13,12.835947
1.0,26,12.842055
1.0,26,12.848133
0.0,8,12.85002
0.0,8,12.851914
1.0,25,12.857765
0.0,6,12.859183
1.0,21,12.864105
1.0,11,12.866695
1.0,27,12.873049
0.0,4,12.874012
1.0,19,12.878475
1.0,13,12.881521
0.0,19,12.88597
1.0,25,12.891818
1.0,23,12.897188
1.0,13,12.90025
1.0,29,12.907067
1.0,24,12.912683
1.0,18,12.9169
1.0,12,12.919714
1.0,25,12.925551
1.0,23,12.930938
1.0,23,12.936534
1.0,11,12.939126
1.0,25,12.945061
0.0,8,12.946957
1.0,18,12.951411
1.0,15,12.95493
1.0,29,12.961721
1.0,25,12.967578
0.0,11,12.970179
1.0,13,12.973241
1.0,27,12.979558
1.0,27,12.985922
1.0,20,12.990604
1.0,14,12.993891
0.0,18,12.998468
1.0,28,13.005155
1.0,19,13.00982
1.0,11,13.012439
1.0,25,13.018907
1.0,36,13.027565
1.0,21,13.032481
1.0,11,13.035279
1.0,25,13.041512
1.0,23,13.047019
1.0,21,13.051985
0.0,10,13.054344
1.0,23,13.059772
1.0,23,13.065276
1.0,23,13.070676
1.0,11,13.073266
1.0,24,13.07887
0.0,15,13.082404
1.0,19,13.086872
1.0,11,13.089455
1.0,25,13.095367
1.0,27,13.101668
1.0,21,13.106572
1.0,11,13.109156
0.0,19,13.11361
1.0,24,13.119217
0.0,11,13.121804
1.0,11,13.124398
1.0,29,13.131295
1.0,26,13.13748
1.0,18,13.141734
1.0,13,13.144803
0.0,17,13.148789
1.0,23,13.154173
1.0,23,13.159634
1.0,14,13.162919
1.0,23,13.168313
1.0,27,13.174722
1.0,21,13.179639
0.0,6,13.181063
1.0,23,13.186472
1.0,25,13.192331
1.0,17,13.196324
1.0,11,13.198922
1.0,30,13.205935
1.0,27,13.212307
1.0,19,13.216761
0.0,2,13.21725
1.0,24,13.222878
1.0,24,13.228494
1.0,20,13.233177
1.0,11,13.235763
1.0,25,13.241631
1.0,24,13.247513
0.0,12,13.250348
1.0,11,13.252944
1.0,26,13.259461
1.0,29,13.26629
1.0,24,13.271958
0.0,4,13.27298
1.0,23,13.278558
1.0,25,13.284597
1.0,17,13.28864
1.0,13,13.291705
1.0,25,13.297589
1.0,23,13.303094
0.0,8,13.305015
1.0,11,13.307602
1.0,27,13.313924
1.0,23,13.319635
1.0,20,13.324452
1.0,14,13.327736
1.0,24,13.333361
1.0,25,13.339213
1.0,17,13.343206
1.0,13,13.346265
1.0,25,13.352116
1.0,27,13.358468
1.0,17,13.362497
1.0,13,13.365556
1.0,25,13.371418
1.0,31,13.37869
1.0,17,13.382672
0.0,11,13.385252
1.0,28,13.391796
0.0,7,13.393448
1.0,21,13.398394
1.0,11,13.401025
1.0,25,13.40689
1.0,26,13.412963
0.0,15,13.416489
1.0,11,13.419091
1.0,25,13.424957
1.0,25,13.430815
0.0,8,13.432703
1.0,17,13.437011
1.0,23,13.442413
1.0,26,13.448502
1.0,19,13.453224
1.0,13,13.456284
0.0,5,13.457473
1.0,25,13.463301
1.0,19,13.467763
0.0,10,13.470124
1.0,26,13.476254
1.0,27,13.482805
1.0,19,13.487264
1.0,11,13.489848
1.0,25,13.496142
1.0,23,13.501866
1.0,23,13.507257
1.0,11,13.510166
0.0,12,13.513148
1.0,31,13.520779
1.0,17,13.524806
1.0,11,13.527434
1.0,24,13.533056
1.0,25,13.538945
1.0,19,13.543391
1.0,12,13.546241
0.0,19,13.550757
1.0,27,13.557061
1.0,17,13.561043
1.0,12,13.56386
1.0,24,13.569458
0.0,10,13.57181
1.0,19,13.576275
1.0,11,13.578871
1.0,25,13.584716
1.0,25,13.590619
1.0,20,13.595322
1.0,13,13.598376
1.0,29,13.605169
1.0,25,13.611109
1.0,20,13.615826
1.0,13,13.618929
1.0,29,13.625842
0.0,17,13.62986
0.0,4,13.630816
1.0,11,13.633402
1.0,25,13.639256
1.0,24,13.644859
1.0,19,13.649306
1.0,11,13.651906
1.0,27,13.658204
1.0,25,13.664087
1.0,20,13.66875
1.0,15,13.672282
1.0,23,13.677677
1.0,23,13.683048
0.0,8,13.684933
1.0,18,13.689137
0.0,19,13.693592
0.0,16,13.697339
1.0,17,13.701364
1.0,11,13.703962
1.0,26,13.71002
1.0,27,13.716393
1.0,19,13.721045
1.0,11,13.723633
1.0,26,13.729974
1.0,23,13.735468
1.0,17,13.739583
1.0,13,13.74278
0.0,19,13.747393
1.0,23,13.753047
1.0,17,13.757141
1.0,17,13.761183
1.0,24,13.766811
1.0,26,13.772888
1.0,19,13.777434
1.0,13,13.78049
1.0,31,13.787754
1.0,25,13.793594
0.0,13,13.79665
1.0,11,13.799246
1.0,23,13.804629
1.0,27,13.810935
1.0,19,13.815439
1.0,11,13.818026
0.0,12,13.820844
1.0,26,13.82693
0.0,8,13.828815
0.0,6,13.830233
1.0,29,13.837028
0.0,18,13.841238
1.0,17,13.845228
1.0,11,13.84781
1.0,23,13.853224
1.0,25,13.859052
0.0,11,13.861648
1.0,11,13.864235
1.0,26,13.870306
1.0,23,13.875675
0.0,11,13.878258
1.0,11,13.880843
1.0,23,13.886218
1.0,29,13.893172
0.0,13,13.896238
1.0,13,13.899287
1.0,27,13.905616
1.0,31,13.913168
1.0,17,13.917188
1.0,11,13.919782
1.0,25,13.925681
1.0,27,13.93208
1.0,17,13.936329
1.0,11,13.938946
1.0,25,13.944803
0.0,9,13.946923
1.0,19,13.95162
0.0,7,13.953278
1.0,23,13.95892
1.0,27,13.965281
0.0,11,13.967966
1.0,11,13.970555
1.0,31,13.97786
1.0,26,13.984233
1.0,19,13.988827
1.0,14,13.992109
1.0,23,13.997788
1.0,25,14.003973
1.0,17,14.008038
1.0,11,14.010627
0.0,16,14.014681
1.0,24,14.020314
1.0,17,14.024312
1.0,12,14.027132
1.0,27,14.03352
0.0,4,14.034481
1.0,17,14.038466
0.0,10,14.040865
0.0,21,14.045783
1.0,27,14.052073
1.0,19,14.056521
1.0,13,14.05958
1.0,25,14.065526
0.0,6,14.066955
1.0,17,14.070948
1.0,15,14.074456
1.0,25,14.080352
1.0,33,14.088033
1.0,17,14.092032
1.0,14,14.09532
1.0,30,14.102309
0.0,4,14.103265
1.0,18,14.107483
1.0,11,14.110073
1.0,28,14.116653
1.0,29,14.123546
1.0,17,14.127541
1.0,15,14.131056
1.0,26,14.137146
0.0,17,14.141132
1.0,19,14.145608
1.0,12,14.148426
1.0,31,14.155906
1.0,26,14.161976
0.0,6,14.163401
1.0,11,14.165989
0.0,12,14.168814
0.0,6,14.17024
1.0,19,14.174678
1.0,11,14.177251
1.0,27,14.183544
1.0,26,14.189599
1.0,17,14.193855
1.0,11,14.196442
1.0,25,14.2023
1.0,23,14.20806
1.0,21,14.212997
1.0,14,14.216266
1.0,27,14.222695
1.0,27,14.229317
1.0,19,14.233872
1.0,11,14.236495
0.0,17,14.240489
1.0,23,14.245896
1.0,17,14.249892
1.0,13,14.252951
1.0,23,14.258368
1.0,23,14.263751
1.0,19,14.268247
1.0,11,14.270846
0.0,24,14.276442
0.0,8,14.278333
1.0,20,14.283014
1.0,11,14.285608
1.0,27,14.291934
1.0,23,14.297423
1.0,17,14.301413
1.0,12,14.304325
1.0,31,14.311571
1.0,23,14.31694
1.0,17,14.320917
1.0,14,14.324203
1.0,23,14.3296
1.0,28,14.336149
1.0,17,14.340177
1.0,13,14.343267
1.0,25,14.349205
1.0,23,14.354599
1.0,20,14.359288
0.0,4,14.360252
1.0,24,14.36586
1.0,31,14.373103
1.0,18,14.377307
1.0,11,14.379947
1.0,24,14.385564
1.0,25,14.391424
0.0,11,14.394012
1.0,14,14.397294
1.0,30,14.404317
1.0,26,14.410393
0.0,6,14.411816
1.0,15,14.415326
1.0,28,14.421907
0.0,8,14.423803
1.0,17,14.427803
1.0,17,14.432002
1.0,23,14.437662
0.0,4,14.438621
1.0,21,14.443953
1.0,11,14.446615
1.0,25,14.452724
1.0,25,14.458834
1.0,21,14.464072
0.0,9,14.466203
1.0,33,14.474023
1.0,34,14.481928
1.0,18,14.486149
1.0,13,14.489214
1.0,26,14.495464
1.0,29,14.502895
1.0,18,14.507131
1.0,11,14.509713
1.0,25,14.515801
1.0,25,14.521654
0.0,4,14.522612
0.0,9,14.524735
1.0,25,14.530684
1.0,27,14.536983
1.0,19,14.541563
1.0,11,14.544145
1.0,23,14.549515
1.0,23,14.554883
1.0,19,14.559343
1.0,11,14.561937
1.0,25,14.56794
1.0,28,14.57449
1.0,19,14.578925
1.0,12,14.581738
1.0,30,14.588732
1.0,23,14.594107
1.0,19,14.598568
1.0,11,14.601153
1.0,23,14.606621
1.0,25,14.612439
1.0,17,14.616424
1.0,11,14.619011
0.0,11,14.621585
1.0,29,14.628358
0.0,10,14.630713
0.0,9,14.63283
1.0,30,14.639878
1.0,24,14.645534
0.0,10,14.64789
1.0,11,14.650474
1.0,27,14.65677
1.0,25,14.662656
1.0,19,14.667299
0.0,7,14.668958
1.0,28,14.675504
1.0,28,14.682542
0.0,10,14.684962
1.0,12,14.687774
1.0,29,14.694614
1.0,24,14.700652
1.0,17,14.704634
1.0,11,14.707291
1.0,23,14.712714
0.0,8,14.71461
0.0,10,14.717026
1.0,11,14.719668
1.0,25,14.725559
1.0,25,14.731431
1.0,19,14.735868
1.0,16,14.739646
1.0,23,14.745024
1.0,23,14.750421
0.0,9,14.75254
1.0,11,14.755132
1.0,24,14.760957
1.0,24,14.766567
1.0,21,14.771493
1.0,14,14.774765
1.0,26,14.780849
1.0,25,14.786705
1.0,21,14.791609
0.0,2,14.792098
0.0,4,14.793055
1.0,23,14.798494
1.0,17,14.802483
1.0,16,14.806211
0.0,13,14.809271
0.0,4,14.810226
1.0,17,14.814212
1.0,12,14.817027
0.0,17,14.821026
0.0,4,14.82198
1.0,19,14.826444
1.0,11,14.829034
1.0,27,14.835397
1.0,23,14.840767
1.0,19,14.845304
1.0,11,14.847899
0.0,4,14.848856
1.0,23,14.854239
1.0,19,14.858686
0.0,9,14.860808
1.0,27,14.867131
0.0,13,14.870225
1.0,19,14.874662
1.0,11,14.877257
1.0,32,14.884724
1.0,25,14.89057
1.0,19,14.895022
1.0,13,14.898073
1.0,23,14.903751
1.0,27,14.910114
1.0,17,14.914343
1.0,12,14.917318
0.0,17,14.92134
1.0,23,14.926718
1.0,20,14.931525
1.0,11,14.934144
1.0,25,14.940601
1.0,23,14.946114
1.0,17,14.950137
1.0,11,14.953031
1.0,23,14.958457
1.0,32,14.966015
1.0,17,14.969998
1.0,14,14.973281
1.0,26,14.979366
1.0,28,14.985998
1.0,21,14.99092
1.0,11,14.993505
1.0,28,15.000313
1.0,26,15.006401
1.0,19,15.010853
1.0,11,15.01368
1.0,27,15.020074
1.0,23,15.025488
0.0,11,15.028075
1.0,13,15.031121
1.0,23,15.03651
0.0,17,15.040494
1.0,20,15.04519
1.0,11,15.047789
0.0,14,15.05108
0.0,12,15.053906
1.0,21,15.058825
1.0,14,15.062157
1.0,23,15.067608
0.0,19,15.072058
1.0,20,15.076752
1.0,11,15.079348
1.0,27,15.085659
1.0,24,15.091362
1.0,17,15.095656
1.0,11,15.098321
0.0,10,15.100687
1.0,26,15.106772
1.0,19,15.111243
1.0,11,15.113827
1.0,25,15.119685
1.0,27,15.126043
1.0,19,15.130505
1.0,12,15.133324
1.0,25,15.139307
1.0,26,15.145653
1.0,25,15.151599
1.0,13,15.154665
1.0,24,15.160283
0.0,21,15.165378
1.0,21,15.170432
1.0,11,15.173167
1.0,33,15.180874
1.0,23,15.18646
0.0,17,15.19047
1.0,12,15.193271
0.0,8,15.195163
0.0,8,15.197044
1.0,23,15.202489
1.0,12,15.205302
1.0,29,15.212158
0.0,18,15.216367
1.0,18,15.220619
1.0,11,15.223205
1.0,25,15.229058
1.0,25,15.234925
1.0,23,15.240304
1.0,14,15.243591
0.0,19,15.248101
0.0,23,15.253514
1.0,17,15.257493
1.0,14,15.26077
1.0,24,15.266377
1.0,27,15.272686
1.0,21,15.277612
1.0,11,15.280205
1.0,25,15.286124
1.0,23,15.291511
1.0,19,15.295973
1.0,14,15.299255
1.0,29,15.30602
1.0,27,15.312333
1.0,17,15.316325
1.0,11,15.318915
1.0,23,15.324373
0.0,10,15.326737
1.0,21,15.331651
1.0,11,15.334238
1.0,29,15.341029
1.0,28,15.34757
1.0,25,15.353363
1.0,13,15.356409
1.0,25,15.362287
1.0,29,15.369036
0.0,15,15.372559
0.0,6,15.373976
1.0,24,15.379883
1.0,27,15.386196
1.0,19,15.390995
1.0,11,15.393571
1.0,25,15.399495
1.0,23,15.404981
0.0,11,15.407574
1.0,11,15.410472
1.0,28,15.417145
0.0,16,15.420888
1.0,27,15.42719
1.0,12,15.429991
1.0,27,15.436604
1.0,29,15.443457
1.0,17,15.447474
1.0,11,15.450063
1.0,29,15.457142
1.0,26,15.463219
1.0,17,15.467216
0.0,6,15.468635
1.0,25,15.474467
1.0,23,15.479916
1.0,17,15.483907
1.0,14,15.487184
1.0,27,15.493471
0.0,19,15.498246
1.0,17,15.502235
1.0,11,15.504817
1.0,25,15.510668
1.0,25,15.516847
1.0,19,15.521307
1.0,11,15.523899
1.0,31,15.531159
1.0,26,15.537225
1.0,19,15.541662
1.0,11,15.544252
1.0,28,15.550828
1.0,31,15.558037
1.0,19,15.562484
1.0,13,15.565531
1.0,26,15.571608
1.0,25,15.577443
1.0,20,15.582108
0.0,7,15.583751
1.0,24,15.589408
0.0,16,15.593159
1.0,17,15.597149
1.0,13,15.600193
0.0,18,15.604405
1.0,23,15.60982
0.0,17,15.614067
1.0,11,15.61666
1.0,23,15.622041
1.0,23,15.62791
1.0,23,15.633319
1.0,13,15.636367
1.0,24,15.642053
1.0,27,15.648469
1.0,20,15.65314
1.0,11,15.655783
0.0,16,15.659524
1.0,23,15.665323
0.0,9,15.667488
1.0,11,15.670149
1.0,25,15.676073
0.0,8,15.677951
1.0,18,15.682256
1.0,13,15.685297
1.0,27,15.691643
1.0,25,15.697617
1.0,17,15.701876
1.0,13,15.705046
0.0,6,15.70647
1.0,25,15.712348
1.0,23,15.717828
1.0,15,15.721386
1.0,26,15.727455
1.0,26,15.733527
1.0,23,15.738945
0.0,2,15.739485
1.0,29,15.746294
0.0,8,15.748183
1.0,19,15.75264
1.0,13,15.75569
1.0,27,15.761996
1.0,25,15.767847
1.0,17,15.77184
1.0,11,15.774439
1.0,23,15.779878
1.0,23,15.785529
1.0,19,15.789987
1.0,13,15.793045
1.0,30,15.800163
0.0,19,15.804624
0.0,8,15.806526
1.0,11,15.809119
0.0,6,15.810544
0.0,18,15.814801
1.0,17,15.818792
0.0,6,15.820215
1.0,24,15.825832
1.0,25,15.8317
0.0,8,15.833592
1.0,11,15.836176
1.0,23,15.841575
1.0,25,15.847443
1.0,18,15.851924
1.0,14,15.855251
1.0,27,15.861786
0.0,6,15.863324
1.0,22,15.868517
1.0,13,15.871573
0.0,6,15.87299
1.0,30,15.880116
1.0,17,15.884246
1.0,11,15.887025
1.0,25,15.892996
1.0,27,15.899302
0.0,8,15.901225
1.0,13,15.904271
1.0,25,15.910107
0.0,13,15.913235
1.0,17,15.917213
0.0,4,15.918161
0.0,21,15.923081
1.0,25,15.928984
1.0,21,15.933883
1.0,11,15.936747
1.0,23,15.942131
1.0,25,15.947978
1.0,24,15.953814
1.0,11,15.956401
1.0,23,15.961764
1.0,32,15.969306
1.0,17,15.97329
1.0,11,15.975886
1.0,23,15.981261
0.0,8,15.983155
1.0,19,15.987624
1.0,11,15.990204
0.0,20,15.994895
1.0,23,16.000622
1.0,21,16.005614
1.0,11,16.008209
0.0,14,16.011489
1.0,24,16.017448
1.0,19,16.021896
1.0,13,16.024946
0.0,19,16.029397
1.0,25,16.035238
1.0,17,16.039228
1.0,11,16.041854
1.0,23,16.047379
1.0,31,16.054598
1.0,19,16.059057
1.0,11,16.061651
1.0,25,16.067602
1.0,27,16.0739
1.0,19,16.07834
1.0,11,16.080965
0.0,18,16.085182
1.0,23,16.090722
1.0,17,16.094711
1.0,11,16.097297
1.0,33,16.105444
0.0,8,16.107336
1.0,17,16.111331
1.0,11,16.113952
1.0,23,16.119538
0.0,17,16.123785
1.0,21,16.128776
1.0,11,16.131368
1.0,23,16.136838
1.0,25,16.142789
1.0,21,16.147726
1.0,11,16.150318
1.0,27,16.156791
1.0,25,16.16292
1.0,21,16.167859
0.0,2,16.16835
1.0,26,16.174841
1.0,29,16.181661
1.0,21,16.186554
1.0,15,16.190069
1.0,28,16.196647
1.0,26,16.202858
1.0,19,16.207315
1.0,11,16.209898
1.0,24,16.215519
1.0,23,16.220914
1.0,19,16.225366
1.0,14,16.228641
0.0,6,16.230061
1.0,33,16.237827
1.0,17,16.241829
1.0,13,16.244891
1.0,23,16.250284
1.0,24,16.255899
0.0,4,16.256853
0.0,2,16.257337
1.0,25,16.263187
0.0,21,16.268143
1.0,24,16.273761
1.0,14,16.277041
1.0,28,16.283693
1.0,25,16.289549
1.0,21,16.294843
1.0,11,16.297451
1.0,23,16.302867
0.0,8,16.304753
1.0,17,16.308824
1.0,13,16.311882
1.0,33,16.319579
1.0,25,16.325619
0.0,4,16.326622
1.0,11,16.329208
1.0,29,16.336107
1.0,24,16.341765
1.0,20,16.3465
1.0,15,16.350363
1.0,23,16.355933
1.0,26,16.362267
1.0,19,16.366729
1.0,11,16.369319
1.0,23,16.375046
1.0,24,16.380748
1.0,19,16.385269
1.0,12,16.388093
1.0,29,16.394905
0.0,2,16.395392
1.0,17,16.399393
1.0,11,16.401979
0.0,6,16.403398
1.0,25,16.409236
1.0,17,16.413214
1.0,11,16.415807
1.0,25,16.421716
1.0,31,16.428953
0.0,13,16.43201
1.0,11,16.434601
1.0,24,16.44048
1.0,25,16.446334
1.0,21,16.451427
1.0,11,16.454039
0.0,18,16.458339
1.0,23,16.463706
1.0,18,16.467928
1.0,11,16.470513
1.0,28,16.477037
1.0,23,16.482424
1.0,22,16.487561
1.0,11,16.490141
1.0,24,16.495795
1.0,23,16.501403
1.0,19,16.505838
1.0,11,16.508429
1.0,33,16.516429
1.0,31,16.523673
1.0,23,16.529068
1.0,11,16.531657
1.0,29,16.538489
0.0,12,16.541316
1.0,17,16.545298
0.0,4,16.546252
1.0,26,16.552305
1.0,25,16.558147
1.0,24,16.563949
1.0,15,16.567463
1.0,25,16.573673
1.0,29,16.580686
1.0,17,16.584714
1.0,12,16.587573
1.0,25,16.593497
1.0,23,16.598963
0.0,8,16.600856
1.0,14,16.604216
1.0,26,16.610348
0.0,8,16.612434
1.0,20,16.617249
1.0,14,16.620644
1.0,25,16.626498
1.0,25,16.632348
1.0,17,16.636368
1.0,14,16.639644
1.0,26,16.645733
1.0,23,16.651196
1.0,17,16.655184
1.0,11,16.657766
1.0,25,16.66361
1.0,23,16.669001
1.0,19,16.673468
1.0,12,16.676286
1.0,23,16.682007
1.0,27,16.688412
1.0,18,16.692646
1.0,11,16.6955
1.0,32,16.702973
1.0,29,16.709738
1.0,17,16.713739
1.0,11,16.716367
1.0,28,16.72296
1.0,27,16.729261
1.0,19,16.733717
1.0,11,16.736308
1.0,25,16.742164
0.0,8,16.744066
1.0,18,16.748272
1.0,11,16.750863
1.0,26,16.756947
1.0,25,16.762837
0.0,9,16.764958
1.0,11,16.767557
0.0,18,16.771772
1.0,27,16.778076
1.0,17,16.782067
1.0,11,16.78466
1.0,24,16.790273
0.0,4,16.791228
1.0,17,16.79522
1.0,11,16.797865
0.0,10,16.800452
1.0,27,16.806991
1.0,19,16.811687
1.0,14,16.815028
1.0,25,16.820919
1.0,25,16.826842
0.0,6,16.828323
1.0,13,16.831374
0.0,4,16.832491
1.0,23,16.838142
1.0,22,16.843354
1.0,11,16.846042
1.0,25,16.851954
1.0,28,16.858461
1.0,17,16.862485
1.0,11,16.865079
1.0,23,16.870461
1.0,26,16.876631
0.0,4,16.877592
1.0,13,16.880646
1.0,23,16.886
1.0,27,16.892287
1.0,25,16.898218
1.0,13,16.901271
1.0,25,16.907413
1.0,26,16.913563
1.0,20,16.918244
1.0,13,16.921296
1.0,32,16.92877
1.0,23,16.934157
1.0,20,16.939201
1.0,11,16.941817
1.0,23,16.947199
1.0,27,16.953794
1.0,20,16.958471
1.0,14,16.961755
1.0,23,16.967125
1.0,29,16.973879
1.0,18,16.978091
1.0,11,16.980673
1.0,23,16.986101
1.0,25,16.991954
1.0,22,16.997114
1.0,14,17.000744
1.0,24,17.006367
1.0,28,17.01288
1.0,17,17.017154
1.0,11,17.019748
1.0,28,17.026393
0.0,11,17.028979
1.0,20,17.033645
0.0,7,17.035304
1.0,25,17.04136
1.0,25,17.047256
1.0,17,17.051309
1.0,17,17.055289
1.0,23,17.060895
1.0,23,17.066565
1.0,19,17.071159
0.0,2,17.071649
1.0,26,17.077736
1.0,34,17.086007
1.0,17,17.090027
1.0,15,17.093569
1.0,28,17.100193
1.0,23,17.105609
1.0,20,17.110287
1.0,12,17.113113
1.0,33,17.120845
1.0,23,17.126237
1.0,22,17.131455
1.0,13,17.134519
1.0,23,17.139964
1.0,27,17.146292
1.0,20,17.150986
1.0,13,17.154034
1.0,33,17.16178
1.0,23,17.167172
1.0,17,17.17118
1.0,11,17.173769
1.0,25,17.179705
0.0,17,17.183687
0.0,9,17.185809
1.0,11,17.188401
1.0,27,17.194724
1.0,24,17.200341
1.0,17,17.204338
1.0,12,17.207159
1.0,25,17.213038
1.0,26,17.219121
1.0,21,17.224164
0.0,11,17.226764
1.0,23,17.232141
1.0,25,17.23799
1.0,17,17.241984
1.0,11,17.244576
1.0,28,17.251184
1.0,30,17.258206
0.0,6,17.259641
1.0,11,17.262233
1.0,29,17.269017
1.0,27,17.275566
1.0,20,17.28035
1.0,15,17.28397
0.0,16,17.288004
1.0,28,17.29464
1.0,21,17.299733
1.0,14,17.303118
1.0,26,17.309552
1.0,24,17.315278
0.0,4,17.316234
1.0,12,17.319054
1.0,25,17.325017
1.0,26,17.331184
1.0,17,17.335177
1.0,11,17.337769
1.0,23,17.343193
1.0,25,17.349046
0.0,8,17.350931
1.0,15,17.354456
1.0,28,17.360995
0.0,17,17.365014
1.0,21,17.369925
1.0,13,17.372982
1.0,30,17.379971
0.0,9,17.382094
1.0,20,17.386752
1.0,13,17.389809
1.0,25,17.39567
1.0,29,17.402488
1.0,23,17.407888
1.0,14,17.411171
1.0,23,17.41656
1.0,26,17.422644
1.0,19,17.427128
1.0,11,17.429713
1.0,23,17.435251
1.0,25,17.441306
1.0,19,17.445749
1.0,11,17.448336
1.0,23,17.453936
1.0,25,17.459781
0.0,11,17.462372
1.0,11,17.464957
1.0,23,17.470358
1.0,26,17.476432
1.0,19,17.480929
0.0,6,17.482357
1.0,27,17.488664
0.0,23,17.494158
1.0,21,17.499677
1.0,11,17.502316
1.0,23,17.507711
1.0,39,17.517434
1.0,19,17.522069
1.0,11,17.524703
1.0,23,17.530082
1.0,24,17.536045
1.0,19,17.540609
1.0,11,17.543341
1.0,27,17.549837
1.0,25,17.555858
1.0,18,17.56024
1.0,11,17.562824
0.0,6,17.564244
0.0,4,17.565225
1.0,19,17.569757
1.0,11,17.572381
1.0,25,17.578213
0.0,10,17.580565
1.0,17,17.584563
1.0,12,17.587374
0.0,4,17.588324
1.0,27,17.594672
1.0,18,17.598886
1.0,11,17.601472
1.0,23,17.606909
1.0,31,17.614203
1.0,17,17.618242
1.0,12,17.621102
1.0,27,17.627536
0.0,21,17.632501
1.0,18,17.637391
1.0,11,17.639982
1.0,23,17.645422
1.0,23,17.65081
1.0,20,17.655498
1.0,12,17.658316
1.0,25,17.664171
0.0,6,17.665591
1.0,21,17.670592
1.0,13,17.673655
1.0,25,17.679574
1.0,25,17.685433
1.0,18,17.689647
1.0,11,17.692237
1.0,29,17.699067
0.0,18,17.703273
1.0,23,17.708679
1.0,12,17.711505
1.0,28,17.718062
1.0,26,17.724143
1.0,19,17.728604
1.0,11,17.731193
0.0,14,17.73447
1.0,23,17.739857
1.0,17,17.744027
1.0,11,17.746615
1.0,24,17.752404
1.0,23,17.757787
1.0,17,17.762195
1.0,11,17.76478
1.0,24,17.770467
1.0,24,17.776139
1.0,21,17.781255
1.0,11,17.784049
1.0,27,17.790466
0.0,4,17.791425
1.0,17,17.795459
1.0,11,17.798069
1.0,27,17.804408
1.0,29,17.81121
0.0,4,17.812162
1.0,11,17.814746
1.0,26,17.82086
1.0,25,17.826706
1.0,20,17.83156
1.0,12,17.834385
0.0,19,17.83884
1.0,23,17.844218
1.0,20,17.848909
1.0,11,17.851493
1.0,23,17.856931
1.0,25,17.862792
1.0,17,17.866792
1.0,12,17.869609
1.0,27,17.875937
1.0,28,17.882491
1.0,22,17.887636
1.0,13,17.890692
1.0,23,17.896122
1.0,27,17.902407
1.0,19,17.906871
0.0,2,17.90736
1.0,35,17.915512
1.0,29,17.922281
1.0,17,17.926257
1.0,13,17.929528
0.0,17,17.933595
1.0,28,17.940263
1.0,21,17.945173
1.0,11,17.947761
1.0,26,17.954076
0.0,8,17.955963
1.0,17,17.959949
0.0,9,17.962066
1.0,27,17.968617
1.0,27,17.974969
1.0,18,17.97917
1.0,13,17.982215
1.0,23,17.98801
1.0,25,17.99385
1.0,17,17.998205
0.0,7,17.999888
1.0,23,18.005311
0.0,7,18.007054
1.0,21,18.011993
1.0,11,18.015027
1.0,25,18.021321
0.0,6,18.022787
1.0,20,18.027638
1.0,11,18.030221
1.0,25,18.036376
1.0,23,18.041828
1.0,23,18.047259
0.0,6,18.048683
1.0,25,18.054575
1.0,26,18.060644
0.0,4,18.061596
1.0,14,18.064992
1.0,23,18.070471
1.0,23,18.075858
0.0,12,18.078676
1.0,13,18.081753
1.0,29,18.088619
1.0,25,18.094545
1.0,19,18.099
1.0,11,18.101593
0.0,4,18.10255
1.0,29,18.109327
1.0,17,18.113627
1.0,11,18.116212
1.0,26,18.122498
1.0,25,18.128739
1.0,20,18.133426
1.0,15,18.136954
1.0,23,18.142352
1.0,25,18.14823
1.0,19,18.152676
1.0,11,18.155265
1.0,24,18.16099
1.0,23,18.166391
1.0,19,18.170839
1.0,11,18.173427
1.0,24,18.179052
0.0,16,18.182804
1.0,17,18.186798
1.0,11,18.189381
1.0,25,18.195261
1.0,23,18.200648
1.0,19,18.205097
1.0,15,18.208612
1.0,24,18.214238
1.0,25,18.220087
1.0,17,18.224324
1.0,21,18.229233
1.0,28,18.235941
1.0,23,18.24133
1.0,20,18.246015
1.0,16,18.249943
1.0,25,18.256049
1.0,23,18.261677
1.0,23,18.267181
1.0,13,18.270224
1.0,25,18.276201
0.0,6,18.27762
1.0,18,18.281913
1.0,11,18.284503
1.0,27,18.290844
0.0,14,18.294133
0.0,11,18.296726
1.0,12,18.299537
1.0,27,18.305854
0.0,23,18.311344
1.0,17,18.315346
1.0,12,18.318165
1.0,25,18.324018
1.0,30,18.331034
0.0,11,18.333618
1.0,11,18.3362
1.0,26,18.342316
1.0,25,18.348299
1.0,17,18.352304
1.0,12,18.355123
1.0,25,18.360956
1.0,25,18.366795
1.0,17,18.37077
1.0,12,18.373592
1.0,26,18.379679
0.0,20,18.384398
1.0,19,18.388854
1.0,11,18.391446
1.0,24,18.397063
1.0,27,18.403396
1.0,20,18.408075
1.0,13,18.411132
0.0,16,18.414865
1.0,25,18.420734
1.0,19,18.425237
1.0,11,18.427831
0.0,6,18.429247
1.0,27,18.435878
1.0,24,18.441502
0.0,7,18.443163
1.0,25,18.449009
1.0,23,18.454635
1.0,19,18.459085
1.0,11,18.461962
1.0,25,18.467805
1.0,31,18.475492
1.0,17,18.479508
1.0,12,18.482322
1.0,25,18.48825
1.0,23,18.493869
1.0,19,18.498705
1.0,11,18.501329
1.0,27,18.507696
1.0,25,18.513518
1.0,19,18.51829
0.0,2,18.518778
1.0,25,18.524616
0.0,8,18.526495
0.0,11,18.529074
1.0,11,18.531686
1.0,23,18.537136
0.0,12,18.539969
0.0,4,18.540925
1.0,11,18.543516
1.0,29,18.55029
1.0,27,18.556586
1.0,17,18.56058
1.0,13,18.563638
0.0,19,18.568108
1.0,24,18.573768
0.0,10,18.576122
1.0,15,18.57963
1.0,25,18.585473
0.0,12,18.5883
0.0,13,18.591344
1.0,11,18.593926
1.0,25,18.599777
1.0,23,18.605148
1.0,17,18.609148
1.0,11,18.611897
0.0,12,18.614714
1.0,24,18.620321
1.0,18,18.624545
1.0,18,18.628755
0.0,12,18.631613
1.0,23,18.637002
1.0,20,18.641697
0.0,9,18.643827
1.0,23,18.649293
0.0,11,18.651886
1.0,23,18.657258
1.0,11,18.659851
1.0,27,18.66619
1.0,23,18.671578
1.0,17,18.675572
1.0,11,18.678268
0.0,13,18.681405
1.0,23,18.686826
1.0,19,18.691279
1.0,11,18.693864
1.0,26,18.700537
1.0,23,18.705984
0.0,12,18.708938
0.0,6,18.710363
1.0,29,18.717107
1.0,29,18.724361
1.0,22,18.729838
1.0,13,18.732872
1.0,25,18.738706
1.0,26,18.745064
1.0,17,18.749122
1.0,11,18.751748
0.0,18,18.755989
1.0,29,18.762808
1.0,19,18.767253
1.0,11,18.769841
0.0,4,18.770794
0.0,14,18.774067
1.0,19,18.778554
1.0,11,18.78114
0.0,21,18.786042
1.0,35,18.7942
1.0,19,18.798729
1.0,14,18.802086
0.0,4,18.803047
0.0,8,18.804935
1.0,17,18.808924
1.0,11,18.811512
1.0,25,18.817335
0.0,14,18.820619
1.0,19,18.825067
0.0,6,18.826494
1.0,28,18.833032
1.0,32,18.840514
0.0,11,18.843114
1.0,11,18.845693
1.0,33,18.853389
1.0,24,18.859163
1.0,20,18.863813
1.0,11,18.866399
1.0,23,18.871774
1.0,29,18.878571
1.0,17,18.882564
1.0,14,18.885805
1.0,27,18.8921
0.0,16,18.895837
1.0,20,18.900499
0.0,7,18.902154
1.0,25,18.908086
1.0,25,18.914021
1.0,22,18.91916
1.0,12,18.921969
1.0,25,18.927812
1.0,25,18.933898
1.0,19,18.938851
1.0,12,18.941659
1.0,28,18.94866
1.0,23,18.95443
1.0,17,18.958407
1.0,11,18.961027
1.0,25,18.967137
0.0,10,18.969629
1.0,21,18.974598
1.0,11,18.977175
1.0,26,18.983243
1.0,25,18.989119
1.0,20,18.9938
1.0,13,18.996851
1.0,30,19.004181
0.0,6,19.005602
1.0,17,19.009605
0.0,6,19.011039
1.0,36,19.019587
1.0,26,19.025663
1.0,18,19.029929
1.0,13,19.032981
1.0,23,19.038367
1.0,27,19.044675
1.0,19,19.049228
1.0,11,19.05182
1.0,26,19.057888
1.0,23,19.063261
0.0,4,19.064304
1.0,11,19.066914
1.0,23,19.072293
1.0,25,19.078129
1.0,19,19.082568
1.0,13,19.085606
1.0,29,19.092385
1.0,31,19.099594
1.0,17,19.10368
1.0,11,19.10626
1.0,23,19.111706
1.0,25,19.117554
1.0,19,19.121989
1.0,13,19.125033
1.0,28,19.131573
0.0,19,19.13603
1.0,20,19.140761
1.0,13,19.143916
0.0,6,19.145346
1.0,23,19.150722
1.0,19,19.15517
1.0,11,19.157766
1.0,25,19.163599
0.0,23,19.169072
1.0,19,19.173783
1.0,11,19.176417
1.0,23,19.182148
1.0,29,19.189257
1.0,17,19.193293
1.0,14,19.196603
1.0,25,19.202638
1.0,27,19.209257
1.0,18,19.213503
1.0,11,19.216126
1.0,25,19.222026
1.0,25,19.227984
1.0,19,19.232446
1.0,11,19.235043
1.0,26,19.24114
0.0,12,19.24397
1.0,17,19.247959
1.0,11,19.250537
1.0,28,19.257103
1.0,26,19.26318
1.0,19,19.267617
1.0,11,19.270204
1.0,27,19.276486
1.0,23,19.281927
1.0,17,19.285906
1.0,11,19.288498
1.0,25,19.29444
1.0,25,19.300396
1.0,19,19.304845
1.0,15,19.308456
1.0,23,19.314015
0.0,6,19.315478
0.0,9,19.3176
1.0,11,19.320187
1.0,25,19.326026
1.0,31,19.333315
1.0,19,19.337765
0.0,6,19.339191
1.0,23,19.344608
1.0,25,19.350459
1.0,19,19.354915
1.0,11,19.357498
0.0,15,19.361005
1.0,28,19.367578
1.0,17,19.371575
1.0,13,19.374629
1.0,25,19.380493
1.0,25,19.386341
1.0,19,19.390836
1.0,14,19.394114
1.0,27,19.400433
1.0,24,19.406104
1.0,18,19.410494
1.0,11,19.413078
1.0,29,19.419976
0.0,17,19.42396
1.0,19,19.428408
1.0,12,19.431476
1.0,25,19.43758
1.0,29,19.44452
1.0,21,19.449413
1.0,16,19.453389
1.0,25,19.45937
1.0,23,19.46479
1.0,19,19.46928
1.0,11,19.47188
1.0,27,19.47824
1.0,25,19.484205
1.0,20,19.488957
1.0,11,19.491555
1.0,27,19.49791
1.0,25,19.50401
1.0,17,19.507999
1.0,12,19.510811
1.0,27,19.517388
0.0,4,19.518399
1.0,18,19.522599
1.0,12,19.525418
0.0,21,19.530338
1.0,27,19.53666
1.0,21,19.54158
1.0,12,19.544401
0.0,21,19.549312
1.0,25,19.555169
1.0,21,19.560181
1.0,19,19.564617
1.0,24,19.570229
0.0,4,19.571187
1.0,17,19.575172
1.0,11,19.577764
1.0,25,19.58361
1.0,27,19.589907
1.0,17,19.593947
1.0,13,19.597003
0.0,15,19.600532
0.0,16,19.604274
1.0,18,19.608488
0.0,11,19.61108
1.0,25,19.616936
1.0,27,19.623293
1.0,17,19.627289
1.0,11,19.629884
0.0,6,19.631384
1.0,30,19.638382
1.0,17,19.642372
0.0,9,19.64469
1.0,24,19.650357
1.0,23,19.655937
1.0,18,19.660331
1.0,11,19.662994
1.0,27,19.669337
1.0,25,19.675333
1.0,17,19.679649
1.0,11,19.682268
1.0,27,19.688595
1.0,26,19.694671
0.0,4,19.69563
0.0,2,19.696112
1.0,25,19.701943
1.0,26,19.708071
0.0,9,19.710266
1.0,13,19.713351
1.0,25,19.719187
0.0,14,19.722458
1.0,17,19.726448
1.0,13,19.729495
1.0,27,19.735803
1.0,23,19.741179
1.0,21,19.746232
1.0,13,19.749289
1.0,27,19.7556
1.0,23,19.760979
1.0,20,19.765661
1.0,11,19.768256
1.0,25,19.774096
1.0,29,19.780876
1.0,21,19.785867
1.0,11,19.788464
0.0,17,19.792474
0.0,19,19.796921
1.0,20,19.801597
1.0,15,19.805115
1.0,23,19.810538
1.0,23,19.815906
1.0,17,19.819899
0.0,4,19.820893
1.0,26,19.826962
1.0,25,19.832806
1.0,18,19.83702
1.0,11,19.839611
1.0,25,19.845435
1.0,23,19.850817
1.0,19,19.855261
1.0,11,19.857889
1.0,23,19.86327
1.0,28,19.869816
1.0,18,19.874031
1.0,13,19.877079
1.0,26,19.883701
0.0,12,19.886539
0.0,11,19.889131
1.0,13,19.892429
0.0,8,19.894467
1.0,28,19.901081
0.0,15,19.904592
0.0,2,19.90508
1.0,25,19.91105
0.0,14,19.914635
1.0,23,19.920105
1.0,11,19.922731
0.0,6,19.924148
0.0,16,19.927929
1.0,17,19.931954
1.0,13,19.935097
1.0,29,19.942175
1.0,23,19.947569
1.0,17,19.95156
1.0,11,19.954349
1.0,25,19.960193
1.0,25,19.966047
1.0,20,19.970742
1.0,13,19.973843
0.0,6,19.975268
1.0,25,19.981121
1.0,21,19.986041
1.0,11,19.988627
1.0,23,19.994011
1.0,29,20.001073
1.0,18,20.005287
1.0,13,20.008348
1.0,27,20.015011
1.0,23,20.020507
1.0,18,20.024745
1.0,11,20.027345
0.0,10,20.029691
1.0,23,20.03508
1.0,21,20.039991
1.0,11,20.042585
1.0,25,20.048486
0.0,22,20.05364
1.0,20,20.05834
1.0,11,20.060936
0.0,19,20.065452
1.0,25,20.071312
1.0,23,20.0767
1.0,13,20.07976
1.0,27,20.086143
1.0,29,20.092919
1.0,17,20.096909
1.0,13,20.099969
0.0,6,20.10139
0.0,8,20.103277
1.0,21,20.108202
1.0,12,20.111027
1.0,27,20.117354
1.0,29,20.124408
1.0,19,20.128965
0.0,2,20.12958
0.0,6,20.131097
1.0,26,20.137359
1.0,21,20.142352
1.0,16,20.146126
1.0,25,20.152299
1.0,26,20.158538
0.0,16,20.162352
1.0,11,20.164932
1.0,24,20.170598
0.0,20,20.17528
1.0,17,20.179301
1.0,11,20.181893
1.0,27,20.188203
1.0,25,20.19405
1.0,17,20.198095
1.0,12,20.200954
1.0,28,20.207469
1.0,29,20.214235
1.0,17,20.21822
1.0,11,20.220812
1.0,25,20.226656
1.0,23,20.232043
1.0,19,20.236541
1.0,13,20.239602
1.0,29,20.246383
0.0,12,20.249204
1.0,22,20.254355
1.0,13,20.257406
1.0,27,20.263728
1.0,25,20.269573
0.0,8,20.271469
1.0,11,20.274142
1.0,23,20.279587
1.0,31,20.286825
1.0,17,20.290831
1.0,11,20.293418
0.0,8,20.295346
1.0,28,20.301987
1.0,19,20.306442
0.0,4,20.3074
1.0,27,20.313771
1.0,23,20.319163
0.0,6,20.320582
0.0,11,20.323167
1.0,23,20.328565
0.0,14,20.331841
1.0,23,20.337214
1.0,11,20.3398
1.0,23,20.345199
1.0,25,20.351102
1.0,17,20.355243
1.0,11,20.357835
1.0,26,20.364016
0.0,16,20.368161
1.0,17,20.372143
1.0,11,20.374773
1.0,26,20.380927
1.0,27,20.387611
1.0,17,20.391633
1.0,11,20.394407
1.0,29,20.401245
1.0,26,20.407358
1.0,23,20.412751
1.0,11,20.415341
1.0,33,20.423047
1.0,25,20.428978
1.0,24,20.434602
1.0,11,20.437507
0.0,10,20.439857
1.0,24,20.445476
1.0,21,20.450398
1.0,12,20.453437
1.0,23,20.458826
1.0,25,20.464762
1.0,18,20.468999
1.0,16,20.472743
1.0,30,20.479748
0.0,8,20.481643
1.0,19,20.486091
1.0,13,20.489147
1.0,26,20.495234
0.0,15,20.499119
1.0,17,20.503167
1.0,13,20.506222
1.0,27,20.512533
1.0,28,20.519516
0.0,15,20.523069
1.0,13,20.526126
1.0,28,20.532677
1.0,31,20.539953
1.0,19,20.544426
0.0,2,20.544913
1.0,29,20.551891
0.0,15,20.555409
1.0,17,20.559394
1.0,11,20.561979
0.0,8,20.563876
1.0,23,20.569261
1.0,19,20.573725
1.0,13,20.576819
0.0,20,20.581501
1.0,25,20.587359
1.0,21,20.592429
1.0,13,20.595521
0.0,16,20.599276
1.0,28,20.605919
1.0,18,20.610152
1.0,13,20.613205
1.0,28,20.619975
1.0,27,20.626575
1.0,18,20.630999
1.0,11,20.633649
1.0,29,20.640493
0.0,16,20.644245
1.0,20,20.649021
1.0,11,20.651697
1.0,23,20.65709
0.0,12,20.659917
1.0,19,20.664391
1.0,11,20.666987
1.0,27,20.673302
1.0,26,20.679482
1.0,21,20.684396
1.0,13,20.687452
0.0,12,20.69031
0.0,18,20.694524
1.0,17,20.698514
1.0,11,20.701099
1.0,24,20.706707
0.0,8,20.708595
1.0,17,20.712601
1.0,11,20.715194
1.0,25,20.721051
1.0,27,20.727412
1.0,21,20.732328
1.0,11,20.734918
1.0,24,20.740531
1.0,23,20.745931
1.0,20,20.750604
0.0,6,20.752018
1.0,26,20.758099
1.0,27,20.764402
1.0,20,20.769134
1.0,11,20.771729
1.0,25,20.777595
1.0,24,20.78326
1.0,17,20.78724
1.0,13,20.790282
1.0,27,20.796582
1.0,28,20.803168
1.0,21,20.80808
1.0,13,20.811138
1.0,29,20.817916
1.0,23,20.823313
1.0,22,20.828656
1.0,13,20.8317
1.0,23,20.837085
1.0,28,20.844089
1.0,17,20.848114
1.0,11,20.850712
1.0,27,20.85709
1.0,25,20.86306
1.0,20,20.867738
1.0,11,20.870353
1.0,27,20.876673
1.0,27,20.883408
1.0,17,20.887475
1.0,13,20.890541
1.0,28,20.897108
1.0,25,20.903182
1.0,19,20.907646
0.0,2,20.908136
1.0,27,20.914459
0.0,9,20.91663
1.0,20,20.921302
1.0,11,20.923897
0.0,12,20.926718
1.0,26,20.932786
1.0,19,20.937623
1.0,11,20.940253
1.0,25,20.946107
1.0,23,20.951486
1.0,17,20.95586
1.0,12,20.958682
1.0,25,20.964541
1.0,23,20.969927
1.0,17,20.973935
1.0,11,20.976527
1.0,23,20.981903
1.0,23,20.987289
1.0,17,20.991276
0.0,6,20.992751
0.0,4,20.993707
0.0,8,20.9956
1.0,21,21.000743
0.0,7,21.002469
1.0,27,21.008773
1.0,24,21.014401
1.0,18,21.018945
1.0,13,21.021989
1.0,25,21.027846
1.0,25,21.03376
0.0,4,21.034719
1.0,11,21.037307
1.0,24,21.042917
1.0,25,21.048764
0.0,11,21.051348
1.0,12,21.054169
1.0,31,21.061424
1.0,25,21.067601
1.0,18,21.071831
1.0,11,21.07442
1.0,25,21.080664
1.0,23,21.086091
1.0,19,21.090544
0.0,8,21.092466
1.0,23,21.097915
1.0,23,21.103647
1.0,18,21.107958
1.0,11,21.110589
0.0,17,21.114582
0.0,18,21.118841
0.0,8,21.120734
1.0,11,21.123429
1.0,24,21.129105
1.0,26,21.135186
1.0,18,21.139629
1.0,11,21.142321
0.0,18,21.146614
1.0,23,21.151993
1.0,20,21.15668
1.0,15,21.160501
1.0,23,21.165882
1.0,25,21.171719
1.0,19,21.176482
1.0,11,21.179075
1.0,25,21.185077
1.0,25,21.190926
1.0,18,21.195151
0.0,2,21.195637
1.0,23,21.201042
1.0,25,21.206903
1.0,23,21.212261
1.0,13,21.215315
1.0,25,21.221246
1.0,23,21.226673
0.0,13,21.229725
0.0,8,21.23162
0.0,12,21.234449
1.0,26,21.240516
1.0,17,21.244511
0.0,10,21.246864
1.0,23,21.252249
1.0,32,21.259778
1.0,19,21.264217
1.0,11,21.266815
0.0,19,21.271241
1.0,27,21.277539
0.0,10,21.279896
1.0,12,21.282739
1.0,27,21.289064
1.0,25,21.295061
0.0,10,21.297416
1.0,16,21.301266
1.0,25,21.307407
1.0,25,21.313296
1.0,21,21.318655
1.0,13,21.32179
0.0,8,21.323692
1.0,29,21.330549
1.0,17,21.334734
1.0,13,21.337911
0.0,25,21.343962
1.0,25,21.349874
1.0,19,21.354322
1.0,14,21.357637
1.0,29,21.364476
1.0,27,21.370925
0.0,11,21.373524
1.0,11,21.376113
1.0,26,21.382199
1.0,25,21.388037
1.0,17,21.392023
0.0,2,21.392514
1.0,23,21.397907
1.0,28,21.40443
1.0,18,21.40876
1.0,11,21.411351
1.0,27,21.417662
1.0,25,21.423515
1.0,23,21.428909
0.0,7,21.430572
1.0,27,21.437196
0.0,17,21.441188
1.0,17,21.445264
1.0,11,21.447851
1.0,24,21.453739
1.0,23,21.459121
1.0,17,21.463113
1.0,13,21.466164
1.0,32,21.47365
1.0,27,21.479976
1.0,17,21.48401
1.0,12,21.486838
1.0,23,21.492213
0.0,8,21.494102
1.0,21,21.499314
0.0,9,21.501444
1.0,23,21.50684
1.0,26,21.512903
1.0,19,21.517639
1.0,11,21.520239
1.0,25,21.526149
1.0,26,21.53225
1.0,19,21.536697
1.0,12,21.539519
1.0,23,21.545201
1.0,25,21.551081
0.0,11,21.554018
0.0,11,21.556648
0.0,18,21.560992
1.0,27,21.567347
1.0,19,21.571919
1.0,13,21.575216
1.0,29,21.582187
1.0,25,21.588045
1.0,17,21.592034
1.0,11,21.594625
1.0,25,21.600559
1.0,23,21.605928
1.0,20,21.610753
0.0,2,21.611241
1.0,25,21.617189
1.0,24,21.622901
1.0,19,21.627414
1.0,11,21.629997
0.0,12,21.632813
1.0,23,21.638268
1.0,17,21.642269
0.0,8,21.64415
1.0,27,21.650472
1.0,28,21.656987
1.0,21,21.6619
1.0,18,21.666109
1.0,25,21.671999
1.0,27,21.678301
1.0,21,21.683204
1.0,12,21.686031
1.0,28,21.692573
1.0,25,21.698527
1.0,21,21.703424
1.0,11,21.706011
1.0,23,21.71154
1.0,27,21.718088
0.0,14,21.721409
1.0,11,21.723996
1.0,28,21.730534
1.0,27,21.736841
1.0,19,21.741296
1.0,12,21.744219
1.0,27,21.750627
0.0,6,21.752045
1.0,17,21.75604
1.0,11,21.758631
1.0,27,21.764948
1.0,26,21.771033
1.0,19,21.775499
1.0,11,21.778356
1.0,29,21.785194
0.0,5,21.786389
1.0,17,21.790502
1.0,11,21.793092
0.0,8,21.794986
0.0,14,21.798271
1.0,20,21.803361
1.0,11,21.805986
1.0,25,21.812032
1.0,26,21.818104
1.0,21,21.823284
1.0,13,21.826501
1.0,25,21.832406
1.0,25,21.838252
0.0,6,21.839712
1.0,13,21.842773
1.0,25,21.84862
1.0,27,21.855016
1.0,22,21.860159
1.0,11,21.862808
1.0,28,21.869354
1.0,27,21.875666
1.0,17,21.879668
0.0,9,21.881792
1.0,25,21.887656
1.0,25,21.893506
1.0,18,21.89773
1.0,11,21.90039
1.0,30,21.9074
1.0,29,21.914178
1.0,18,21.918399
1.0,13,21.921436
1.0,24,21.927232
1.0,23,21.932605
1.0,17,21.936899
1.0,11,21.939497
1.0,29,21.946275
1.0,23,21.951666
1.0,21,21.956822
1.0,11,21.959419
1.0,28,21.965986
0.0,8,21.967891
1.0,21,21.972819
1.0,11,21.975505
0.0,21,21.980425
1.0,29,21.987186
1.0,17,21.991188
1.0,14,21.99446
1.0,27,22.001096
1.0,26,22.007173
1.0,23,22.01259
0.0,6,22.014018
1.0,25,22.020236
1.0,28,22.027066
1.0,19,22.031624
1.0,14,22.034937
0.0,16,22.038687
1.0,25,22.044649
0.0,11,22.047229
1.0,11,22.050197
1.0,30,22.057425
1.0,25,22.063291
1.0,17,22.067411
1.0,11,22.070002
1.0,23,22.075417
1.0,25,22.081262
1.0,19,22.085721
1.0,13,22.08883
0.0,6,22.090254
1.0,27,22.09664
1.0,21,22.101554
1.0,12,22.104364
1.0,25,22.110219
1.0,26,22.11629
1.0,17,22.120309
0.0,9,22.122482
1.0,25,22.128408
1.0,25,22.134243
1.0,19,22.138704
1.0,11,22.141285
1.0,25,22.147226
1.0,23,22.152726
1.0,20,22.157426
1.0,11,22.160024
1.0,30,22.167113
1.0,24,22.172739
1.0,17,22.176737
1.0,11,22.179327
1.0,25,22.185194
1.0,27,22.191511
1.0,17,22.195504
1.0,13,22.198555
1.0,23,22.203984
1.0,25,22.209825
1.0,19,22.214298
1.0,15,22.2178
1.0,27,22.22412
0.0,12,22.226947
1.0,17,22.230932
1.0,11,22.233517
1.0,29,22.240351
1.0,25,22.246207
1.0,21,22.251149
1.0,12,22.254196
1.0,30,22.261204
1.0,24,22.267732
1.0,21,22.27272
1.0,15,22.276266
1.0,24,22.28203
1.0,24,22.287972
1.0,25,22.293982
1.0,11,22.296572
1.0,25,22.302464
1.0,29,22.309288
1.0,21,22.314286
1.0,13,22.317381
1.0,28,22.32393
0.0,12,22.326759
1.0,19,22.331199
1.0,11,22.333777
1.0,25,22.339615
0.0,16,22.343439
0.0,11,22.346092
1.0,12,22.348915
1.0,23,22.354345
1.0,29,22.361119
1.0,18,22.36533
0.0,4,22.366288
1.0,23,22.371675
0.0,8,22.373563
0.0,14,22.376854
1.0,15,22.38037
1.0,27,22.386694
1.0,31,22.394067
1.0,17,22.398365
1.0,11,22.400954
1.0,27,22.407301
0.0,12,22.41012
1.0,18,22.414329
1.0,11,22.416912
1.0,25,22.422743
1.0,25,22.428673
1.0,25,22.434536
1.0,13,22.437928
1.0,23,22.443314
1.0,30,22.450336
1.0,17,22.454575
0.0,6,22.455997
1.0,31,22.463236
1.0,25,22.469173
1.0,21,22.474089
1.0,11,22.476686
0.0,21,22.481605
1.0,23,22.486993
1.0,21,22.492225
1.0,11,22.494823
1.0,27,22.501497
1.0,23,22.506956
1.0,19,22.511409
1.0,13,22.514452
1.0,27,22.521181
0.0,15,22.524775
1.0,20,22.529646
1.0,11,22.532226
1.0,24,22.537863
1.0,24,22.543511
1.0,17,22.547497
1.0,14,22.550773
1.0,25,22.556639
1.0,27,22.562934
1.0,19,22.567426
0.0,8,22.56932
1.0,25,22.575166
1.0,25,22.581108
0.0,4,22.582064
1.0,14,22.585327
1.0,26,22.591421
0.0,16,22.595166
1.0,17,22.599167
1.0,12,22.601979
1.0,28,22.60852
1.0,25,22.614371
1.0,17,22.618442
1.0,14,22.621731
1.0,23,22.627103
1.0,27,22.633444
0.0,4,22.634405
1.0,13,22.637459
1.0,32,22.644932
1.0,28,22.651485
1.0,19,22.655988
1.0,13,22.659055
1.0,25,22.664961
1.0,27,22.67129
1.0,23,22.676661
1.0,13,22.679721
1.0,25,22.685577
1.0,26,22.691638
1.0,17,22.695672
1.0,11,22.698258
1.0,25,22.704118
0.0,8,22.706011
1.0,21,22.71091
1.0,14,22.714192
1.0,23,22.71959
1.0,24,22.725215
1.0,18,22.72978
1.0,15,22.733325
1.0,23,22.738992
1.0,26,22.74508
1.0,17,22.749075
1.0,11,22.751663
1.0,25,22.757623
1.0,24,22.763376
1.0,26,22.769518
1.0,11,22.772143
0.0,10,22.774489
1.0,28,22.781029
1.0,17,22.785106
1.0,11,22.787695
0.0,19,22.792147
1.0,25,22.79798
1.0,19,22.802413
0.0,4,22.803369
1.0,25,22.809253
1.0,25,22.815093
1.0,17,22.819072
1.0,11,22.821654
1.0,23,22.827026
0.0,17,22.831005
1.0,18,22.835227
1.0,11,22.837818
1.0,25,22.843708
1.0,29,22.850479
1.0,17,22.85446
0.0,7,22.856115
1.0,25,22.861945
1.0,28,22.868476
1.0,21,22.873393
1.0,11,22.875989
1.0,24,22.881626
1.0,33,22.88932
1.0,18,22.893532
1.0,11,22.896125
1.0,25,22.901954
1.0,25,22.907808
1.0,19,22.912245
1.0,16,22.915992
1.0,26,22.922116
1.0,25,22.927973
1.0,17,22.93195
1.0,12,22.934766
1.0,27,22.941487
0.0,19,22.945942
1.0,17,22.949923
1.0,11,22.952826
1.0,23,22.958359
1.0,23,22.963945
1.0,17,22.967929
1.0,11,22.970518
1.0,25,22.976606
1.0,27,22.982965
0.0,13,22.986003
1.0,12,22.988853
1.0,25,22.994793
1.0,25,23.001257
1.0,19,23.005795
1.0,17,23.0098
1.0,24,23.015703
1.0,28,23.022552
0.0,6,23.024004
1.0,14,23.027288
1.0,27,23.033665
1.0,27,23.040306
1.0,19,23.044793
1.0,13,23.047845
1.0,25,23.053689
1.0,25,23.059542
1.0,21,23.064533
1.0,15,23.068082
1.0,23,23.073543
0.0,19,23.077988
1.0,19,23.082444
1.0,11,23.085031
1.0,25,23.090895
1.0,25,23.096749
1.0,17,23.100734
1.0,15,23.104248
1.0,23,23.109685
1.0,29,23.11649
1.0,19,23.120932
1.0,13,23.12399
1.0,30,23.130993
1.0,23,23.13638
1.0,18,23.140595
1.0,11,23.143198
1.0,27,23.149538
0.0,12,23.152367
1.0,19,23.156833
1.0,11,23.159533
1.0,25,23.165375
1.0,27,23.171729
0.0,17,23.1757
1.0,13,23.178791
0.0,17,23.182783
1.0,25,23.188676
1.0,21,23.193572
1.0,11,23.196165
1.0,27,23.202681
1.0,27,23.208987
1.0,18,23.21343
0.0,7,23.215094
0.0,18,23.219327
1.0,26,23.225552
1.0,21,23.230558
1.0,11,23.233303
1.0,24,23.238963
1.0,25,23.244836
1.0,17,23.248828
1.0,11,23.251419
1.0,29,23.258222
1.0,28,23.264842
1.0,22,23.269995
1.0,11,23.272586
1.0,23,23.277985
1.0,29,23.284759
1.0,21,23.289648
1.0,13,23.292714
0.0,17,23.296739
0.0,8,23.298633
1.0,17,23.302611
1.0,15,23.306268
1.0,23,23.311646
1.0,25,23.317494
1.0,19,23.321948
1.0,11,23.324541
1.0,25,23.330381
1.0,25,23.336286
1.0,18,23.340505
1.0,11,23.343093
0.0,6,23.344515
1.0,23,23.349899
1.0,20,23.354589
1.0,15,23.358099
1.0,26,23.364178
0.0,14,23.367466
1.0,17,23.371445
1.0,11,23.374118
1.0,28,23.380661
0.0,14,23.383947
1.0,17,23.387946
1.0,11,23.390544
0.0,12,23.393354
1.0,23,23.398756
1.0,17,23.402747
1.0,12,23.405571
0.0,16,23.409319
1.0,32,23.416863
1.0,19,23.421317
1.0,11,23.423904
1.0,25,23.42975
1.0,29,23.436706
1.0,24,23.442374
1.0,11,23.444993
1.0,25,23.451013
1.0,25,23.457123
1.0,19,23.461602
1.0,11,23.464259
1.0,28,23.470981
1.0,24,23.47662
1.0,18,23.480863
1.0,12,23.483687
1.0,28,23.490322
1.0,27,23.496641
1.0,19,23.50145
1.0,12,23.504263
0.0,8,23.50618
1.0,28,23.512716
1.0,19,23.517472
1.0,12,23.520282
1.0,27,23.52666
1.0,23,23.532052
1.0,19,23.536506
0.0,6,23.537928
1.0,25,23.543777
0.0,19,23.548239
1.0,23,23.553762
0.0,8,23.55566
0.0,16,23.559412
1.0,25,23.565302
1.0,19,23.569755
1.0,11,23.57234
1.0,33,23.580065
0.0,2,23.580551
1.0,23,23.585924
1.0,13,23.588978
1.0,25,23.59492
1.0,29,23.601737
1.0,20,23.60663
1.0,13,23.609683
1.0,29,23.616489
0.0,4,23.617444
1.0,26,23.623567
1.0,11,23.626157
1.0,25,23.631995
1.0,23,23.637456
0.0,16,23.641187
1.0,11,23.643774
0.0,12,23.646598
1.0,23,23.652043
1.0,17,23.656022
1.0,11,23.658606
0.0,12,23.661422
1.0,25,23.66725
1.0,21,23.672406
