episodes,steps,total reward
8707,10000,8708.0
17498,20000,8791.0
26293,30000,8795.0
35095,40000,8802.0
43859,50000,8764.0
52674,60000,8815.0
61437,70000,8763.0
70249,80000,8812.0
79072,90000,8823.0
87939,100000,8867.0
