episodes,steps,total reward
8702,10000,8703.0
17441,20000,8739.0
26174,30000,8733.0
34854,40000,8680.0
43662,50000,8808.0
52376,60000,8714.0
61159,70000,8783.0
70028,80000,8869.0
78807,90000,8779.0
87625,100000,8818.0
