episodes,steps,total reward
8754,10000,8755.0
17561,20000,8807.0
26354,30000,8793.0
35146,40000,8792.0
43975,50000,8829.0
52798,60000,8823.0
61646,70000,8848.0
70390,80000,8744.0
79196,90000,8806.0
87991,100000,8795.0
