episodes,steps,total reward
8699,10000,8700.0
17537,20000,8838.0
26247,30000,8710.0
34992,40000,8745.0
43668,50000,8676.0
52499,60000,8831.0
61139,70000,8640.0
69914,80000,8775.0
78729,90000,8815.0
87507,100000,8778.0
