episodes,steps,total reward
8757,10000,8757.0
17480,20000,8724.0
26180,30000,8700.0
34945,40000,8765.0
43699,50000,8754.0
52509,60000,8810.0
61302,70000,8793.0
70067,80000,8765.0
78848,90000,8781.0
87670,100000,8822.0
