episodes,steps,total reward
8700,10000,8701.0
17578,20000,8878.0
26256,30000,8678.0
35023,40000,8767.0
43860,50000,8837.0
52631,60000,8771.0
61342,70000,8711.0
70156,80000,8814.0
78959,90000,8803.0
87708,100000,8749.0
