episodes,steps,total reward
8675,10000,8676.0
17480,20000,8805.0
26261,30000,8781.0
35070,40000,8809.0
43829,50000,8759.0
52588,60000,8759.0
61344,70000,8756.0
70164,80000,8820.0
78897,90000,8733.0
87700,100000,8803.0
