# {"t_start": 1640486635.082477, "env_id": "Office-single-v0"} 
r,l,t
0.0,10,0.00184
0.0,34,0.006896
0.0,48,0.014521
0.0,17,0.016985
0.0,32,0.021722
0.0,26,0.025403
0.0,20,0.028317
0.0,13,0.030139
0.0,31,0.034607
0.0,13,0.036434
0.0,60,0.044686
0.0,24,0.048095
0.0,19,0.050747
0.0,71,0.060898
0.0,126,0.078793
0.0,7,0.079839
0.0,87,0.092132
0.0,42,0.098163
0.0,18,0.100745
0.0,93,0.11396
0.0,72,0.125037
0.0,53,0.132565
0.0,66,0.141975
0.0,15,0.144135
0.0,66,0.153491
0.0,10,0.154942
0.0,45,0.16134
0.0,31,0.165781
0.0,108,0.181174
0.0,157,0.203542
0.0,51,0.210869
0.0,19,0.213587
0.0,40,0.219256
0.0,82,0.231071
0.0,209,0.260867
0.0,25,0.26453
0.0,106,0.2798
0.0,67,0.289403
0.0,47,0.296095
0.0,119,0.31304
0.0,184,0.339611
0.0,144,0.360243
0.0,381,0.41497
0.0,242,0.449606
0.0,52,0.457149
0.0,2,0.457465
0.0,119,0.474474
0.0,120,0.491714
0.0,23,0.495022
0.0,380,0.549497
0.0,567,0.630606
0.0,309,0.674927
0.0,242,0.709491
0.0,110,0.725307
0.0,19,0.728055
0.0,10,0.729508
0.0,145,0.750251
0.0,167,0.774197
0.0,370,0.827343
0.0,35,0.832386
0.0,37,0.837766
0.0,377,0.892118
0.0,101,0.906764
0.0,397,0.964155
0.0,123,0.981749
0.0,106,0.997034
0.0,29,1.001168
0.0,839,1.121135
0.0,104,1.136033
0.0,180,1.161899
0.0,31,1.166345
0.0,546,1.244401
0.0,16,1.246729
0.0,92,1.259947
0.0,45,1.266562
0.0,16,1.268867
0.0,147,1.289864
0.0,166,1.313773
1.0,827,1.432534
0.0,126,1.451075
0.0,290,1.494698
0.0,261,1.531885
0.0,97,1.545649
0.0,140,1.56559
0.0,173,1.590454
0.0,489,1.660328
0.0,19,1.663077
0.0,31,1.667515
0.0,150,1.688876
0.0,23,1.69219
0.0,146,1.712963
0.0,129,1.731511
0.0,7,1.73254
0.0,58,1.740842
0.0,314,1.785854
0.0,19,1.788604
0.0,434,1.850605
0.0,257,1.887381
0.0,394,1.943724
0.0,45,1.950205
0.0,8,1.951386
0.0,93,1.964673
0.0,334,2.012524
0.0,57,2.020685
0.0,380,2.075345
0.0,30,2.079669
0.0,48,2.086517
0.0,131,2.105124
0.0,257,2.141845
0.0,306,2.185706
0.0,193,2.21316
0.0,84,2.225114
0.0,122,2.242491
0.0,174,2.267398
0.0,12,2.269135
0.0,90,2.281914
0.0,27,2.285858
0.0,77,2.296772
0.0,29,2.300931
0.0,134,2.320181
0.0,52,2.32759
0.0,268,2.36601
0.0,309,2.410286
0.0,106,2.425389
0.0,282,2.46576
0.0,13,2.467649
0.0,2,2.467962
0.0,73,2.478322
0.0,181,2.504106
0.0,18,2.506707
0.0,263,2.544394
0.0,31,2.548822
1.0,458,2.614204
0.0,21,2.617296
0.0,144,2.63802
0.0,268,2.676706
0.0,83,2.68847
0.0,18,2.691071
0.0,325,2.73745
0.0,339,2.785998
0.0,35,2.791022
0.0,21,2.794017
0.0,162,2.817095
0.0,234,2.850603
0.0,95,2.864116
0.0,31,2.868614
0.0,14,2.87089
0.0,43,2.877016
0.0,31,2.881688
0.0,109,2.89801
0.0,28,2.902298
0.0,2,2.902666
0.0,16,2.905046
0.0,55,2.912884
0.0,38,2.918428
0.0,110,2.9341
1.0,575,3.016328
1.0,474,3.083951
0.0,278,3.12357
0.0,353,3.174025
0.0,10,3.175514
0.0,7,3.176538
0.0,252,3.212507
0.0,177,3.238209
0.0,146,3.259391
0.0,42,3.265443
0.0,39,3.271053
0.0,56,3.279078
0.0,267,3.317171
0.0,36,3.322307
0.0,51,3.329544
0.0,139,3.349348
0.0,97,3.363165
0.0,193,3.390733
0.0,25,3.394322
0.0,22,3.397475
0.0,67,3.406995
0.0,189,3.433845
0.0,29,3.438014
1.0,277,3.477563
0.0,366,3.529786
0.0,98,3.543736
0.0,41,3.549674
0.0,53,3.557254
0.0,798,3.671727
0.0,94,3.685002
0.0,134,3.704102
0.0,207,3.733632
0.0,204,3.762822
0.0,67,3.772456
0.0,232,3.805543
0.0,149,3.826822
0.0,12,3.828565
0.0,113,3.84473
0.0,126,3.863032
0.0,24,3.866604
0.0,178,3.891941
0.0,32,3.896523
0.0,184,3.922959
0.0,8,3.924134
0.0,130,3.942788
0.0,608,4.029542
0.0,46,4.036133
1.0,225,4.068306
1.0,320,4.113958
0.0,14,4.115978
0.0,109,4.131452
0.0,92,4.144582
0.0,140,4.164554
0.0,1000,4.307983
0.0,118,4.325141
0.0,126,4.34397
0.0,183,4.370247
0.0,44,4.37652
1.0,267,4.415357
0.0,390,4.471539
0.0,16,4.473846
0.0,193,4.50142
0.0,83,4.513254
0.0,23,4.516579
0.0,50,4.523697
0.0,260,4.560851
1.0,147,4.581931
1.0,280,4.621917
1.0,176,4.646947
0.0,103,4.661631
0.0,298,4.704099
0.0,19,4.70682
0.0,887,4.833523
0.0,26,4.837256
0.0,159,4.859957
1.0,182,4.885945
0.0,326,4.932773
0.0,70,4.942823
0.0,321,4.988878
0.0,286,5.029709
0.0,203,5.058851
0.0,12,5.060752
0.0,94,5.07428
0.0,108,5.089653
0.0,75,5.100386
0.0,114,5.116624
0.0,43,5.122778
0.0,63,5.131923
0.0,27,5.135784
0.0,71,5.145876
0.0,22,5.149098
0.0,102,5.163774
0.0,56,5.17197
0.0,16,5.174262
0.0,242,5.208756
1.0,102,5.223406
0.0,38,5.228848
0.0,137,5.248525
1.0,84,5.260667
0.0,243,5.295466
0.0,127,5.313645
1.0,104,5.328454
0.0,10,5.329921
0.0,51,5.337201
0.0,9,5.338514
1.0,90,5.351398
0.0,48,5.35825
0.0,582,5.441501
0.0,34,5.446465
1.0,73,5.45691
0.0,481,5.525607
1.0,73,5.536051
0.0,34,5.540918
0.0,694,5.639791
1.0,74,5.650343
0.0,88,5.663255
0.0,940,5.80099
0.0,25,5.804595
0.0,139,5.824394
0.0,48,5.831174
1.0,108,5.846538
0.0,19,5.849271
0.0,427,5.910139
0.0,27,5.914002
1.0,88,5.92648
0.0,391,5.982415
1.0,78,5.993545
0.0,21,5.996583
1.0,68,6.006275
0.0,220,6.037723
0.0,137,6.057395
0.0,64,6.066545
1.0,57,6.074769
0.0,27,6.078693
1.0,68,6.088356
0.0,36,6.093518
0.0,15,6.095678
1.0,66,6.105094
1.0,59,6.113655
0.0,45,6.120095
1.0,54,6.127795
1.0,52,6.135248
0.0,4,6.135846
0.0,31,6.140304
1.0,52,6.147789
0.0,41,6.153781
1.0,60,6.162386
0.0,16,6.164692
1.0,195,6.192683
1.0,54,6.200426
0.0,31,6.204904
0.0,40,6.21065
0.0,19,6.213385
1.0,52,6.220989
0.0,19,6.223736
1.0,57,6.231887
1.0,57,6.240071
1.0,52,6.247551
1.0,55,6.255722
0.0,19,6.258647
0.0,28,6.262714
0.0,478,6.331427
1.0,65,6.340779
1.0,53,6.348402
0.0,12,6.350143
1.0,56,6.358153
0.0,43,6.364448
1.0,66,6.373954
1.0,53,6.381579
1.0,53,6.389172
0.0,19,6.39191
1.0,55,6.399913
0.0,30,6.404217
0.0,41,6.410117
0.0,32,6.414726
1.0,59,6.423177
1.0,58,6.431556
1.0,52,6.439027
1.0,57,6.447207
1.0,53,6.454829
1.0,54,6.462586
0.0,40,6.468427
0.0,25,6.472091
1.0,53,6.479687
0.0,19,6.482434
0.0,4,6.483033
0.0,46,6.489621
1.0,54,6.497374
0.0,4,6.497972
1.0,56,6.506067
0.0,764,6.615087
0.0,12,6.616833
1.0,59,6.62524
0.0,14,6.627264
1.0,58,6.63554
0.0,31,6.639989
0.0,14,6.642114
1.0,60,6.650724
1.0,54,6.658441
0.0,19,6.661185
0.0,16,6.663495
1.0,59,6.671948
1.0,52,6.679489
1.0,53,6.687089
0.0,40,6.692817
0.0,19,6.695551
1.0,53,6.703125
1.0,60,6.711795
1.0,59,6.720252
0.0,22,6.723493
0.0,17,6.725941
1.0,52,6.733396
1.0,56,6.741399
1.0,59,6.749904
1.0,56,6.757908
1.0,55,6.765826
1.0,51,6.773199
1.0,55,6.781147
0.0,14,6.783175
0.0,23,6.786486
1.0,63,6.795502
0.0,12,6.797247
1.0,57,6.805402
0.0,42,6.811436
1.0,185,6.837884
1.0,56,6.845907
1.0,54,6.853719
1.0,60,6.862633
1.0,55,6.870579
0.0,30,6.874897
1.0,63,6.883903
0.0,34,6.888872
1.0,52,6.896359
1.0,51,6.903829
0.0,42,6.909854
0.0,42,6.915893
1.0,55,6.92385
1.0,51,6.931177
1.0,61,6.939977
0.0,21,6.943023
0.0,12,6.944762
0.0,40,6.950519
1.0,56,6.958677
0.0,19,6.961406
0.0,38,6.966869
1.0,53,6.974544
1.0,54,6.982284
1.0,52,6.989766
0.0,41,6.995757
1.0,56,7.003776
0.0,30,7.008101
1.0,55,7.015977
1.0,53,7.02359
1.0,61,7.032402
1.0,56,7.040445
0.0,4,7.041044
1.0,53,7.048689
1.0,53,7.056296
1.0,56,7.064386
1.0,61,7.073175
1.0,54,7.080908
1.0,54,7.088674
0.0,8,7.089847
0.0,16,7.092157
1.0,52,7.099655
1.0,54,7.10741
1.0,56,7.115558
1.0,52,7.123022
1.0,57,7.131181
1.0,54,7.139014
1.0,54,7.14688
1.0,54,7.154644
0.0,397,7.213313
0.0,6,7.214216
1.0,55,7.22211
0.0,19,7.224849
1.0,59,7.233283
1.0,57,7.241465
0.0,4,7.242062
1.0,53,7.249675
1.0,59,7.258222
0.0,4,7.258825
0.0,44,7.265161
1.0,52,7.272628
1.0,54,7.28042
1.0,62,7.289258
1.0,54,7.297052
0.0,42,7.303043
0.0,167,7.326866
0.0,6,7.327751
1.0,54,7.335485
1.0,58,7.343864
1.0,54,7.351608
1.0,62,7.360462
1.0,68,7.370229
0.0,8,7.371436
1.0,54,7.379283
1.0,54,7.387012
1.0,61,7.395768
1.0,59,7.40421
1.0,56,7.412232
1.0,52,7.41975
0.0,29,7.423936
0.0,42,7.429966
1.0,53,7.437547
1.0,52,7.444989
1.0,61,7.453766
1.0,50,7.461243
1.0,54,7.469
1.0,52,7.476529
1.0,60,7.485169
0.0,18,7.487778
1.0,65,7.497078
0.0,42,7.503127
0.0,105,7.5181
0.0,18,7.520786
1.0,56,7.528817
0.0,16,7.531135
0.0,18,7.533736
0.0,6,7.534631
0.0,49,7.541647
1.0,56,7.549662
0.0,21,7.552718
1.0,50,7.559989
0.0,43,7.566156
1.0,55,7.574101
1.0,52,7.581577
0.0,46,7.58819
0.0,16,7.590564
1.0,57,7.598772
0.0,43,7.604944
1.0,54,7.612686
1.0,54,7.620442
1.0,56,7.628632
0.0,14,7.630719
1.0,63,7.639785
1.0,55,7.647712
1.0,56,7.655778
0.0,6,7.656663
0.0,27,7.660599
0.0,30,7.664926
1.0,53,7.672587
0.0,8,7.673765
0.0,42,7.679806
1.0,56,7.687844
1.0,58,7.696274
1.0,62,7.705163
1.0,57,7.713336
1.0,54,7.721146
0.0,35,7.726197
1.0,53,7.733904
0.0,17,7.736359
0.0,14,7.738392
0.0,19,7.741138
0.0,29,7.745327
1.0,315,7.790476
0.0,42,7.796494
1.0,56,7.804527
1.0,63,7.813529
0.0,12,7.815408
1.0,56,7.823446
0.0,29,7.827629
1.0,61,7.836442
1.0,61,7.845172
1.0,55,7.853063
1.0,56,7.861064
0.0,6,7.861944
1.0,53,7.869526
0.0,33,7.874394
1.0,54,7.882128
1.0,53,7.889733
1.0,55,7.897633
0.0,20,7.900527
1.0,52,7.908092
1.0,60,7.916686
1.0,56,7.92473
0.0,18,7.927325
0.0,35,7.93235
0.0,14,7.934414
1.0,52,7.941985
0.0,8,7.943165
0.0,6,7.94404
1.0,54,7.951806
1.0,57,7.959955
1.0,52,7.96739
0.0,33,7.972219
0.0,4,7.972818
1.0,63,7.981931
1.0,58,7.990263
1.0,51,7.99761
0.0,27,8.001518
1.0,53,8.009145
1.0,57,8.017374
1.0,58,8.025663
0.0,39,8.031284
0.0,4,8.031884
0.0,50,8.039036
1.0,60,8.047748
0.0,29,8.051945
1.0,53,8.059792
1.0,57,8.067975
1.0,55,8.075875
0.0,14,8.077904
0.0,6,8.078794
1.0,54,8.086655
0.0,8,8.087825
1.0,52,8.095276
1.0,50,8.102473
1.0,56,8.110481
1.0,60,8.119232
0.0,16,8.121544
0.0,19,8.124277
1.0,57,8.132439
1.0,56,8.140431
1.0,50,8.14761
1.0,60,8.156251
0.0,43,8.162424
1.0,52,8.169845
1.0,60,8.178483
1.0,54,8.186205
1.0,54,8.194016
0.0,25,8.197617
1.0,52,8.205062
0.0,4,8.20566
0.0,20,8.208538
1.0,56,8.216561
0.0,36,8.222192
1.0,52,8.229649
1.0,56,8.237867
1.0,57,8.246175
1.0,54,8.253936
0.0,19,8.256676
1.0,61,8.265464
1.0,52,8.272959
1.0,55,8.280811
1.0,53,8.288407
0.0,44,8.294811
1.0,60,8.303368
0.0,30,8.307678
1.0,54,8.315373
1.0,58,8.323674
1.0,63,8.332747
0.0,49,8.339751
1.0,50,8.346913
1.0,52,8.354358
1.0,55,8.362206
1.0,57,8.370407
0.0,19,8.373213
0.0,18,8.375798
0.0,48,8.382662
0.0,20,8.385548
1.0,58,8.393828
1.0,50,8.401109
1.0,55,8.40908
0.0,27,8.412957
0.0,44,8.419255
1.0,56,8.427264
1.0,51,8.434759
1.0,50,8.441917
1.0,55,8.449769
1.0,58,8.458076
0.0,10,8.459531
1.0,58,8.467954
1.0,51,8.47534
0.0,25,8.478934
0.0,19,8.48168
1.0,54,8.48942
0.0,6,8.490306
0.0,29,8.494477
1.0,58,8.502779
0.0,6,8.503738
1.0,55,8.511611
1.0,59,8.520067
1.0,52,8.527509
1.0,57,8.535661
1.0,53,8.543269
1.0,57,8.551451
0.0,16,8.553763
1.0,56,8.561792
1.0,56,8.569822
1.0,54,8.577697
1.0,60,8.586276
0.0,21,8.589289
1.0,53,8.596918
1.0,53,8.604484
0.0,11,8.606073
0.0,30,8.610458
0.0,43,8.616853
1.0,54,8.624572
1.0,55,8.63276
1.0,52,8.64027
1.0,53,8.649794
1.0,51,8.657175
1.0,57,8.66542
0.0,4,8.666071
1.0,57,8.67451
1.0,54,8.682398
1.0,52,8.690086
1.0,52,8.697605
0.0,12,8.699342
1.0,60,8.707918
0.0,16,8.710223
1.0,54,8.717997
1.0,52,8.725503
1.0,56,8.733491
0.0,26,8.737206
1.0,59,8.745635
0.0,19,8.748375
0.0,42,8.754472
0.0,31,8.758925
0.0,41,8.764901
1.0,55,8.772877
0.0,7,8.773903
1.0,58,8.782197
0.0,20,8.785148
1.0,61,8.79388
1.0,55,8.801768
0.0,21,8.804815
1.0,55,8.812669
1.0,59,8.821165
0.0,16,8.823482
0.0,44,8.829782
1.0,56,8.837807
1.0,58,8.846107
1.0,53,8.853704
1.0,56,8.861832
1.0,57,8.869997
0.0,4,8.870633
1.0,58,8.878972
0.0,23,8.882292
0.0,36,8.887466
0.0,42,8.893599
1.0,55,8.901479
1.0,55,8.909357
0.0,31,8.913811
1.0,55,8.921712
1.0,56,8.929833
1.0,54,8.937562
1.0,51,8.94487
0.0,42,8.950898
1.0,50,8.958064
1.0,56,8.966161
1.0,52,8.973673
0.0,20,8.976561
1.0,59,8.985018
0.0,18,8.987625
1.0,54,8.995381
1.0,55,9.003257
1.0,53,9.010852
0.0,21,9.013881
1.0,55,9.021752
1.0,56,9.029785
1.0,61,9.038547
0.0,21,9.04157
0.0,4,9.042164
0.0,29,9.046329
1.0,52,9.053827
1.0,53,9.061443
1.0,53,9.06909
1.0,60,9.077769
1.0,54,9.085495
1.0,54,9.093244
0.0,40,9.099004
0.0,53,9.106655
1.0,57,9.114968
0.0,45,9.121454
1.0,56,9.129552
1.0,54,9.137336
1.0,58,9.145661
1.0,58,9.153964
1.0,59,9.162448
1.0,55,9.170329
1.0,53,9.178083
0.0,43,9.184251
0.0,10,9.185713
1.0,52,9.19328
0.0,17,9.195758
1.0,50,9.202943
1.0,51,9.210377
0.0,30,9.2147
0.0,29,9.218885
1.0,57,9.227065
1.0,52,9.234524
0.0,35,9.239548
1.0,57,9.247954
0.0,21,9.25098
1.0,57,9.259567
1.0,54,9.267343
1.0,55,9.275302
1.0,53,9.282956
1.0,55,9.290854
1.0,53,9.29845
0.0,39,9.304065
1.0,50,9.311343
0.0,16,9.313657
0.0,17,9.316124
1.0,54,9.323835
1.0,54,9.331566
1.0,57,9.339738
0.0,12,9.341476
1.0,55,9.34947
1.0,63,9.358525
0.0,8,9.359704
0.0,12,9.361444
0.0,15,9.363608
1.0,52,9.371066
0.0,32,9.375738
0.0,33,9.380475
1.0,54,9.388294
1.0,58,9.396602
1.0,56,9.404614
1.0,64,9.413773
1.0,52,9.42135
1.0,53,9.428986
1.0,56,9.436993
1.0,58,9.445303
1.0,52,9.452918
0.0,45,9.459373
1.0,53,9.466995
1.0,59,9.475479
0.0,43,9.481679
1.0,54,9.489496
1.0,54,9.497288
1.0,56,9.505339
1.0,53,9.512962
1.0,61,9.521688
1.0,57,9.529963
1.0,63,9.538971
1.0,52,9.54642
1.0,53,9.554004
1.0,53,9.561647
1.0,54,9.569401
1.0,52,9.576936
1.0,58,9.585246
1.0,55,9.593228
1.0,61,9.601938
1.0,61,9.61068
0.0,22,9.613832
0.0,8,9.615005
0.0,21,9.618019
1.0,57,9.626194
1.0,61,9.634972
0.0,38,9.640483
1.0,50,9.647645
1.0,54,9.655401
1.0,58,9.66377
0.0,25,9.667367
1.0,54,9.675172
1.0,62,9.684027
1.0,57,9.692171
0.0,14,9.694192
1.0,52,9.701696
0.0,4,9.702301
0.0,27,9.706194
1.0,55,9.714067
0.0,44,9.720412
0.0,44,9.726799
1.0,54,9.73461
1.0,54,9.742339
0.0,16,9.744647
1.0,52,9.752101
0.0,14,9.75413
1.0,56,9.762152
0.0,9,9.763469
1.0,55,9.771465
0.0,12,9.773216
1.0,62,9.782143
1.0,54,9.789892
1.0,60,9.798666
0.0,30,9.802977
0.0,44,9.809355
0.0,40,9.81512
1.0,56,9.823141
1.0,61,9.831877
1.0,60,9.840501
0.0,37,9.845836
1.0,58,9.854129
1.0,52,9.861846
1.0,57,9.870088
1.0,57,9.878399
1.0,52,9.885836
1.0,54,9.893578
1.0,56,9.901603
1.0,53,9.909389
1.0,59,9.917825
1.0,52,9.925277
0.0,27,9.929159
0.0,8,9.930328
1.0,52,9.937833
1.0,55,9.945787
0.0,19,9.948534
1.0,59,9.956982
1.0,57,9.965153
1.0,53,9.972728
1.0,54,9.9806
0.0,16,9.982911
0.0,4,9.983508
1.0,50,9.990743
1.0,52,9.99817
1.0,58,10.006495
0.0,8,10.007664
1.0,56,10.015769
1.0,56,10.02382
1.0,53,10.031423
1.0,51,10.038739
1.0,62,10.047623
1.0,51,10.05507
1.0,56,10.063296
0.0,28,10.067298
1.0,52,10.075161
1.0,62,10.084238
1.0,58,10.093268
0.0,23,10.096776
1.0,57,10.104945
1.0,52,10.112442
0.0,6,10.113323
1.0,53,10.121016
0.0,4,10.12162
0.0,33,10.126361
1.0,54,10.134106
1.0,54,10.141877
1.0,52,10.14931
0.0,25,10.152947
1.0,54,10.160748
1.0,59,10.169215
1.0,56,10.177268
0.0,6,10.178218
1.0,54,10.185993
1.0,56,10.194067
0.0,36,10.199249
1.0,55,10.207127
1.0,54,10.214904
0.0,34,10.219802
0.0,20,10.222757
0.0,6,10.223645
1.0,59,10.232147
1.0,56,10.240308
1.0,55,10.248184
0.0,21,10.25123
1.0,51,10.258604
1.0,52,10.266129
1.0,51,10.273466
1.0,53,10.281137
0.0,46,10.287724
1.0,53,10.295395
1.0,55,10.303287
1.0,58,10.311575
0.0,16,10.313897
1.0,52,10.321363
1.0,52,10.328833
0.0,27,10.332766
0.0,12,10.334511
1.0,58,10.342816
0.0,16,10.345143
0.0,8,10.346314
1.0,54,10.354079
1.0,59,10.362549
1.0,52,10.370062
1.0,57,10.378254
1.0,52,10.385718
1.0,56,10.393786
1.0,56,10.40189
1.0,52,10.409344
1.0,58,10.417661
1.0,53,10.425307
1.0,56,10.433339
1.0,52,10.440857
1.0,55,10.448754
0.0,14,10.450821
1.0,57,10.458996
1.0,54,10.466971
0.0,19,10.469714
1.0,58,10.478179
0.0,26,10.481937
0.0,18,10.484516
0.0,18,10.487101
1.0,53,10.494718
1.0,57,10.502863
0.0,17,10.505347
1.0,60,10.514002
1.0,51,10.521316
0.0,44,10.527629
1.0,59,10.536052
1.0,54,10.543844
0.0,12,10.545584
0.0,4,10.54618
1.0,62,10.555068
1.0,53,10.562675
1.0,57,10.57084
0.0,17,10.573302
0.0,18,10.576039
1.0,54,10.583765
0.0,18,10.586379
1.0,58,10.594682
0.0,48,10.601576
0.0,12,10.603332
0.0,37,10.608644
0.0,19,10.611415
1.0,52,10.618863
0.0,19,10.621589
0.0,33,10.626335
0.0,16,10.628644
1.0,51,10.636001
0.0,25,10.639607
1.0,55,10.647557
1.0,55,10.655447
1.0,52,10.662892
1.0,54,10.670649
1.0,57,10.678882
1.0,72,10.689242
1.0,52,10.696699
1.0,58,10.705026
0.0,42,10.711061
0.0,29,10.71524
0.0,43,10.72154
0.0,4,10.722138
0.0,18,10.724713
1.0,56,10.732753
0.0,18,10.735352
1.0,58,10.743648
1.0,52,10.751077
1.0,52,10.758603
0.0,18,10.761197
1.0,55,10.769092
1.0,50,10.776348
0.0,24,10.779804
1.0,54,10.787605
1.0,56,10.795623
0.0,9,10.79693
1.0,54,10.804644
1.0,58,10.812939
0.0,12,10.814677
1.0,64,10.8239
0.0,46,10.830512
1.0,60,10.839153
0.0,47,10.845896
0.0,45,10.852363
1.0,55,10.860318
0.0,20,10.863205
1.0,53,10.870788
1.0,53,10.878398
1.0,56,10.886396
1.0,60,10.89501
0.0,16,10.897331
1.0,52,10.904764
0.0,27,10.908658
1.0,57,10.916786
1.0,54,10.92452
1.0,50,10.931735
1.0,60,10.940313
0.0,37,10.945618
1.0,54,10.953348
1.0,55,10.961193
1.0,57,10.969418
0.0,23,10.972742
0.0,4,10.973342
0.0,19,10.976142
1.0,55,10.984009
1.0,55,10.991891
1.0,50,10.999129
1.0,59,11.007577
1.0,54,11.015315
1.0,54,11.023056
1.0,57,11.031195
1.0,56,11.03926
0.0,41,11.045178
1.0,60,11.053766
1.0,54,11.06162
0.0,46,11.068545
1.0,62,11.07746
0.0,8,11.078645
0.0,6,11.079527
1.0,56,11.087563
1.0,54,11.095307
1.0,57,11.103565
0.0,21,11.106605
1.0,56,11.114619
0.0,46,11.121212
0.0,23,11.124532
1.0,59,11.132958
1.0,51,11.140373
1.0,56,11.148422
1.0,55,11.156284
1.0,56,11.164314
0.0,45,11.170768
0.0,39,11.176441
1.0,60,11.18503
1.0,60,11.19359
1.0,63,11.202592
1.0,67,11.212286
1.0,54,11.220016
0.0,30,11.224324
1.0,58,11.232592
0.0,44,11.238909
0.0,33,11.243761
1.0,54,11.251491
1.0,54,11.259312
1.0,57,11.267466
1.0,65,11.276776
1.0,55,11.284712
0.0,44,11.291022
1.0,50,11.298185
1.0,60,11.306759
1.0,58,11.315071
1.0,58,11.323331
0.0,26,11.327071
0.0,5,11.327806
0.0,21,11.33083
0.0,44,11.337137
0.0,43,11.343338
1.0,60,11.352006
0.0,4,11.352607
1.0,59,11.361032
0.0,12,11.362781
0.0,46,11.369397
0.0,16,11.371709
0.0,6,11.372604
1.0,55,11.380553
1.0,58,11.38897
1.0,54,11.396704
1.0,52,11.404157
0.0,12,11.405897
1.0,54,11.413766
0.0,18,11.416364
1.0,57,11.424634
0.0,40,11.430359
0.0,24,11.433795
0.0,40,11.439617
1.0,54,11.447354
1.0,56,11.455426
1.0,54,11.46316
0.0,38,11.468631
1.0,54,11.476416
1.0,55,11.484283
0.0,40,11.490106
0.0,30,11.494426
1.0,62,11.503473
1.0,55,11.511499
1.0,55,11.519518
0.0,21,11.52254
1.0,56,11.5312
0.0,8,11.532376
1.0,55,11.540575
1.0,55,11.548547
0.0,8,11.549724
1.0,59,11.558206
1.0,53,11.565876
0.0,8,11.567045
1.0,58,11.575325
0.0,19,11.578144
1.0,60,11.586732
0.0,40,11.592475
1.0,57,11.600682
1.0,53,11.608268
0.0,18,11.610859
1.0,54,11.618576
1.0,62,11.627474
0.0,35,11.632635
0.0,4,11.633231
1.0,58,11.641575
1.0,58,11.649905
1.0,50,11.657057
1.0,56,11.665146
0.0,17,11.667599
1.0,58,11.676084
1.0,50,11.683541
1.0,62,11.692375
1.0,52,11.699825
0.0,4,11.700496
1.0,52,11.707929
1.0,60,11.716512
1.0,53,11.724174
1.0,55,11.732064
1.0,57,11.740263
0.0,6,11.741147
1.0,56,11.749141
1.0,57,11.757283
0.0,46,11.763887
1.0,54,11.771692
1.0,52,11.779226
0.0,25,11.782822
1.0,55,11.790703
0.0,35,11.79573
0.0,46,11.802319
0.0,22,11.805493
0.0,19,11.808247
1.0,54,11.815963
0.0,14,11.817992
0.0,38,11.823462
1.0,54,11.831188
0.0,33,11.835929
0.0,16,11.838239
1.0,53,11.845928
0.0,31,11.850405
0.0,33,11.855138
1.0,52,11.862573
0.0,17,11.865028
0.0,47,11.871755
1.0,57,11.879946
0.0,4,11.880543
0.0,19,11.88328
1.0,52,11.890731
1.0,54,11.898477
1.0,57,11.906652
1.0,50,11.914006
0.0,13,11.915884
1.0,55,11.923738
1.0,55,11.9316
0.0,4,11.932199
1.0,50,11.939347
1.0,56,11.947394
1.0,60,11.955997
1.0,58,11.964293
1.0,51,11.971612
1.0,51,11.979041
1.0,58,11.987415
1.0,62,11.996249
1.0,53,12.003825
0.0,33,12.008574
1.0,52,12.016028
0.0,18,12.018683
1.0,60,12.027239
0.0,35,12.032276
1.0,54,12.040025
0.0,17,12.042488
0.0,25,12.046079
0.0,14,12.048116
1.0,58,12.056479
1.0,52,12.064027
1.0,52,12.071476
1.0,50,12.078753
1.0,59,12.087771
0.0,17,12.090238
1.0,56,12.098377
1.0,50,12.105604
1.0,53,12.113201
0.0,35,12.118233
1.0,53,12.125903
0.0,18,12.128509
1.0,56,12.136557
1.0,52,12.144029
1.0,51,12.151374
1.0,56,12.159387
0.0,30,12.163706
1.0,55,12.171558
0.0,17,12.174022
1.0,52,12.181499
0.0,42,12.18752
0.0,21,12.190545
1.0,56,12.198615
1.0,55,12.20648
0.0,15,12.208656
1.0,52,12.216108
1.0,52,12.223556
0.0,29,12.227758
0.0,36,12.232984
0.0,50,12.240125
0.0,19,12.242899
1.0,60,12.251465
1.0,55,12.259371
1.0,61,12.268402
0.0,39,12.274012
1.0,57,12.282231
1.0,55,12.290127
0.0,17,12.29258
1.0,58,12.300971
1.0,52,12.308434
1.0,57,12.316594
0.0,40,12.322347
1.0,56,12.330348
1.0,53,12.337996
0.0,10,12.33945
1.0,60,12.348003
1.0,60,12.356586
0.0,19,12.35933
1.0,67,12.369006
0.0,8,12.370174
1.0,56,12.378252
1.0,58,12.386584
1.0,53,12.394164
1.0,52,12.401625
0.0,26,12.405468
1.0,55,12.413317
1.0,53,12.420925
0.0,26,12.424672
1.0,61,12.433391
1.0,50,12.440612
1.0,54,12.448325
1.0,65,12.457664
1.0,53,12.465261
0.0,7,12.466285
1.0,61,12.475091
1.0,53,12.482767
0.0,21,12.485798
1.0,58,12.494049
1.0,56,12.502057
1.0,55,12.510017
0.0,48,12.516888
0.0,39,12.522495
0.0,38,12.527944
1.0,52,12.535394
0.0,14,12.537409
1.0,50,12.544668
1.0,51,12.551977
1.0,53,12.559576
0.0,44,12.565858
1.0,52,12.573323
1.0,55,12.581283
0.0,30,12.585581
1.0,54,12.593317
0.0,14,12.595389
0.0,42,12.601395
0.0,6,12.60229
1.0,51,12.609553
0.0,8,12.610728
0.0,36,12.616014
0.0,27,12.619913
0.0,8,12.621081
1.0,52,12.628515
1.0,61,12.63724
1.0,55,12.64511
1.0,55,12.653067
1.0,56,12.661091
0.0,40,12.666819
1.0,50,12.673982
0.0,6,12.674871
1.0,64,12.684138
1.0,58,12.69243
1.0,50,12.699609
1.0,54,12.70734
1.0,50,12.714512
0.0,16,12.716815
1.0,55,12.724818
1.0,55,12.732669
1.0,55,12.741217
1.0,57,12.74935
1.0,50,12.756591
1.0,53,12.764155
0.0,25,12.767763
1.0,54,12.775564
0.0,21,12.778653
0.0,8,12.779813
1.0,58,12.788095
1.0,57,12.79627
1.0,52,12.80371
1.0,54,12.811415
1.0,55,12.819277
1.0,55,12.827184
1.0,57,12.835438
0.0,17,12.837895
0.0,42,12.843901
1.0,57,12.852056
0.0,14,12.854076
0.0,26,12.857816
0.0,21,12.860908
1.0,52,12.868354
1.0,58,12.876623
1.0,54,12.884423
0.0,19,12.887172
0.0,39,12.892769
1.0,57,12.900966
0.0,33,12.905709
1.0,56,12.913821
0.0,48,12.920683
0.0,12,12.922426
1.0,57,12.930587
0.0,17,12.933051
1.0,57,12.941466
1.0,55,12.949403
1.0,54,12.957371
1.0,55,12.965316
0.0,44,12.972471
0.0,9,12.973865
1.0,53,12.9817
1.0,57,12.989856
1.0,58,12.998108
1.0,54,13.005923
0.0,14,13.00795
0.0,9,13.00925
1.0,52,13.016688
1.0,54,13.024428
0.0,30,13.028734
0.0,14,13.030769
0.0,18,13.033358
1.0,59,13.041862
1.0,56,13.049881
0.0,33,13.054675
0.0,18,13.057274
0.0,43,13.063556
0.0,16,13.065857
0.0,37,13.071293
0.0,21,13.074342
1.0,60,13.083005
0.0,27,13.086895
1.0,58,13.095203
1.0,54,13.10292
1.0,54,13.110736
1.0,51,13.11804
1.0,52,13.12549
1.0,53,13.133102
0.0,43,13.13926
0.0,20,13.142232
1.0,55,13.150081
1.0,51,13.157392
0.0,31,13.161854
0.0,8,13.163031
1.0,50,13.170182
1.0,55,13.178169
1.0,58,13.186527
1.0,55,13.194398
1.0,52,13.201838
0.0,41,13.207738
0.0,10,13.20919
1.0,52,13.216637
0.0,14,13.218663
1.0,55,13.226867
1.0,56,13.234878
1.0,60,13.243728
1.0,59,13.252229
1.0,56,13.260338
1.0,54,13.268059
1.0,58,13.276335
1.0,55,13.284292
0.0,48,13.29116
1.0,59,13.299576
1.0,52,13.307002
0.0,6,13.307888
1.0,54,13.315595
0.0,23,13.318984
1.0,53,13.326565
1.0,53,13.334148
1.0,51,13.341459
0.0,6,13.342338
0.0,53,13.349909
1.0,59,13.358407
1.0,57,13.366548
1.0,52,13.373982
0.0,48,13.380943
0.0,16,13.383261
1.0,60,13.391895
0.0,12,13.393636
1.0,53,13.401232
0.0,16,13.403548
1.0,51,13.410852
1.0,53,13.418418
1.0,57,13.426619
0.0,24,13.430079
1.0,51,13.437379
0.0,39,13.442988
1.0,54,13.450803
0.0,10,13.452256
1.0,59,13.46075
1.0,52,13.468213
1.0,52,13.475646
1.0,57,13.48385
1.0,53,13.491438
1.0,57,13.499607
0.0,2,13.499922
1.0,62,13.508755
1.0,58,13.517034
1.0,57,13.525176
1.0,54,13.532974
1.0,58,13.541283
1.0,58,13.549548
1.0,61,13.558599
0.0,40,13.564435
1.0,60,13.573002
0.0,30,13.577318
1.0,56,13.585401
0.0,27,13.589306
1.0,52,13.59678
1.0,65,13.606128
0.0,32,13.610703
0.0,15,13.612869
0.0,36,13.618021
1.0,61,13.626756
1.0,55,13.634668
1.0,56,13.642718
0.0,4,13.64332
1.0,58,13.651603
1.0,54,13.659354
0.0,37,13.664645
1.0,52,13.672179
1.0,65,13.68155
1.0,55,13.68943
0.0,6,13.690321
0.0,48,13.697188
0.0,14,13.699219
0.0,43,13.705455
0.0,23,13.708779
0.0,8,13.709945
1.0,54,13.717668
1.0,53,13.725374
0.0,46,13.732023
1.0,53,13.739736
1.0,53,13.747306
1.0,63,13.756336
1.0,54,13.764057
1.0,52,13.771512
0.0,18,13.774182
1.0,52,13.781737
0.0,10,13.783201
1.0,58,13.791497
0.0,12,13.79324
1.0,53,13.800852
1.0,64,13.810058
0.0,12,13.8118
0.0,31,13.816258
1.0,57,13.824421
1.0,68,13.834156
0.0,46,13.840741
0.0,43,13.846996
1.0,62,13.855823
1.0,53,13.863417
1.0,55,13.8713
1.0,56,13.879495
1.0,56,13.887488
1.0,58,13.896045
1.0,62,13.904922
1.0,59,13.913471
1.0,52,13.920923
1.0,53,13.928521
1.0,53,13.936116
1.0,55,13.944025
0.0,22,13.947191
0.0,44,13.953567
1.0,59,13.962009
0.0,43,13.968194
1.0,61,13.976926
1.0,58,13.985308
1.0,52,13.992812
0.0,12,13.994546
1.0,57,14.002686
1.0,55,14.010563
0.0,16,14.012872
1.0,54,14.020668
1.0,53,14.028236
1.0,59,14.036662
0.0,51,14.043964
1.0,57,14.052126
1.0,59,14.060575
0.0,33,14.065324
1.0,54,14.073056
0.0,45,14.079575
1.0,59,14.088003
0.0,43,14.09428
1.0,55,14.10213
0.0,25,14.105743
0.0,17,14.108198
0.0,42,14.114231
1.0,59,14.122736
1.0,54,14.130584
0.0,51,14.13787
1.0,58,14.146151
1.0,61,14.155067
1.0,55,14.163144
1.0,57,14.171291
1.0,55,14.179202
0.0,22,14.182354
0.0,40,14.188123
1.0,55,14.19611
0.0,29,14.200298
1.0,59,14.208745
1.0,53,14.216375
1.0,52,14.223828
1.0,59,14.232381
1.0,55,14.240271
1.0,58,14.248557
1.0,55,14.256433
1.0,57,14.264644
1.0,50,14.271914
1.0,54,14.279707
0.0,23,14.283029
1.0,54,14.290761
0.0,14,14.29279
1.0,64,14.302053
0.0,44,14.308381
1.0,52,14.31583
1.0,53,14.323436
1.0,62,14.332319
0.0,48,14.339306
1.0,60,14.347909
1.0,50,14.355089
0.0,27,14.358979
1.0,58,14.367273
1.0,54,14.37509
0.0,14,14.377133
1.0,53,14.385048
0.0,37,14.39035
0.0,39,14.39625
1.0,54,14.403996
1.0,56,14.412786
0.0,47,14.419763
0.0,44,14.426089
1.0,56,14.434147
1.0,57,14.442512
0.0,13,14.444391
1.0,57,14.452571
1.0,61,14.461297
1.0,55,14.469159
1.0,62,14.478097
1.0,54,14.485848
1.0,58,14.494149
0.0,14,14.496175
1.0,52,14.503627
1.0,50,14.510896
0.0,16,14.513205
0.0,12,14.514943
1.0,52,14.522355
1.0,54,14.530068
1.0,54,14.537799
0.0,8,14.538978
1.0,56,14.547078
1.0,55,14.555193
1.0,61,14.56413
1.0,55,14.572054
0.0,29,14.576346
1.0,55,14.584607
0.0,39,14.590377
1.0,57,14.598791
1.0,56,14.606849
0.0,42,14.612883
1.0,51,14.620407
0.0,35,14.62558
1.0,51,14.632971
1.0,59,14.641648
1.0,56,14.649878
1.0,56,14.658203
1.0,56,14.666455
1.0,59,14.675095
0.0,44,14.681646
1.0,54,14.68977
1.0,55,14.697839
1.0,58,14.706367
1.0,56,14.714603
1.0,58,14.723347
0.0,20,14.7263
1.0,65,14.735833
0.0,16,14.738206
1.0,56,14.746429
0.0,32,14.751147
1.0,57,14.759883
1.0,56,14.768115
0.0,17,14.770641
1.0,60,14.779478
1.0,57,14.787894
1.0,59,14.796638
1.0,58,14.805138
0.0,12,14.806924
1.0,56,14.815168
0.0,36,14.820464
1.0,53,14.828397
0.0,21,14.831504
0.0,33,14.836356
0.0,21,14.839457
1.0,56,14.847704
1.0,56,14.855924
1.0,59,14.864667
1.0,55,14.872744
1.0,57,14.881185
1.0,58,14.889678
0.0,31,14.894282
1.0,56,14.902523
0.0,4,14.903132
1.0,54,14.911096
0.0,39,14.916844
0.0,24,14.920382
0.0,43,14.926704
1.0,55,14.934868
0.0,8,14.936056
0.0,8,14.937244
0.0,4,14.93785
1.0,50,14.945203
1.0,52,14.952854
1.0,56,14.961087
1.0,58,14.969682
1.0,53,14.97748
1.0,54,14.985419
0.0,48,14.992469
1.0,55,15.000529
1.0,56,15.008851
0.0,10,15.010355
1.0,50,15.017748
1.0,54,15.025677
0.0,16,15.028046
0.0,17,15.030557
1.0,52,15.038316
0.0,19,15.041107
1.0,52,15.04872
0.0,35,15.053891
0.0,4,15.054504
1.0,57,15.062862
1.0,52,15.070571
0.0,21,15.073749
0.0,47,15.080759
1.0,55,15.088869
1.0,65,15.098535
0.0,6,15.099418
1.0,59,15.107843
0.0,33,15.112638
1.0,52,15.120076
0.0,26,15.123829
1.0,58,15.132139
1.0,53,15.139735
0.0,8,15.140944
1.0,56,15.149074
0.0,19,15.151816
1.0,55,15.159672
1.0,65,15.168967
1.0,52,15.17642
1.0,52,15.184005
1.0,55,15.1919
1.0,57,15.200055
1.0,52,15.207537
1.0,58,15.215949
0.0,14,15.217975
0.0,31,15.222491
0.0,17,15.224935
0.0,49,15.231944
0.0,4,15.232542
0.0,7,15.233559
1.0,56,15.241581
1.0,64,15.250836
1.0,53,15.258515
1.0,64,15.267649
1.0,50,15.274823
1.0,59,15.283346
0.0,17,15.285892
0.0,13,15.288071
0.0,4,15.288742
1.0,52,15.296215
0.0,16,15.298539
1.0,54,15.306261
0.0,48,15.313159
1.0,63,15.32222
0.0,25,15.325815
0.0,17,15.328269
1.0,50,15.335423
1.0,50,15.342575
1.0,53,15.350152
1.0,53,15.358087
1.0,55,15.365966
1.0,52,15.373501
0.0,44,15.379816
0.0,22,15.383039
0.0,31,15.38749
1.0,60,15.396174
0.0,29,15.400375
0.0,6,15.401258
1.0,50,15.408433
1.0,58,15.416715
1.0,56,15.424694
1.0,55,15.432658
1.0,56,15.440683
1.0,57,15.448874
1.0,56,15.456919
0.0,21,15.460049
1.0,55,15.467916
1.0,53,15.475483
0.0,8,15.476659
1.0,57,15.484881
1.0,56,15.492918
0.0,41,15.498851
0.0,27,15.502745
0.0,25,15.506342
0.0,19,15.509072
1.0,63,15.518063
1.0,54,15.525789
0.0,41,15.531739
0.0,4,15.53234
1.0,51,15.539667
1.0,50,15.546838
1.0,52,15.554283
1.0,50,15.561445
1.0,52,15.568975
1.0,56,15.576995
1.0,54,15.58482
1.0,67,15.594375
1.0,52,15.601958
0.0,19,15.604713
1.0,55,15.612592
1.0,52,15.620088
1.0,52,15.62764
1.0,51,15.635056
1.0,51,15.642534
0.0,26,15.646278
0.0,16,15.648596
1.0,55,15.656473
0.0,6,15.657355
1.0,62,15.666242
0.0,45,15.672771
1.0,57,15.680923
0.0,19,15.683742
1.0,58,15.692065
1.0,54,15.699818
0.0,47,15.70665
1.0,54,15.714395
1.0,56,15.722557
0.0,10,15.72401
0.0,45,15.730484
0.0,27,15.734354
1.0,58,15.742706
1.0,56,15.750716
1.0,54,15.758524
1.0,57,15.76666
1.0,51,15.773959
0.0,29,15.778183
0.0,6,15.779075
0.0,42,15.785221
1.0,58,15.793512
1.0,57,15.801657
1.0,54,15.809387
1.0,54,15.817193
1.0,52,15.824635
0.0,23,15.82796
1.0,54,15.835677
1.0,52,15.843428
0.0,7,15.844454
1.0,58,15.85313
1.0,55,15.861022
1.0,61,15.870616
0.0,20,15.873498
0.0,12,15.875309
1.0,54,15.883235
1.0,61,15.891995
1.0,54,15.899743
1.0,58,15.908041
1.0,52,15.915668
1.0,52,15.923179
1.0,56,15.931198
1.0,56,15.939213
0.0,21,15.942236
1.0,54,15.950192
0.0,46,15.956934
0.0,31,15.961391
0.0,14,15.963519
1.0,50,15.970788
0.0,36,15.975961
1.0,59,15.984485
1.0,54,15.992242
1.0,58,16.00056
1.0,54,16.0083
1.0,66,16.017723
1.0,53,16.025414
0.0,4,16.026014
0.0,16,16.028333
0.0,31,16.0328
1.0,50,16.039961
1.0,59,16.048413
1.0,51,16.055723
1.0,52,16.063204
1.0,51,16.070561
0.0,39,16.076172
0.0,27,16.080066
1.0,51,16.087448
1.0,53,16.095115
1.0,55,16.103017
0.0,33,16.107765
1.0,59,16.116239
1.0,57,16.124378
1.0,53,16.132036
1.0,51,16.13938
1.0,57,16.147573
1.0,59,16.156057
0.0,8,16.15723
1.0,52,16.164741
1.0,59,16.17315
1.0,57,16.181312
1.0,52,16.18885
1.0,54,16.1966
0.0,28,16.2007
1.0,54,16.208451
1.0,57,16.216581
1.0,59,16.225024
1.0,59,16.233577
0.0,24,16.237021
1.0,60,16.245613
1.0,52,16.253037
1.0,50,16.26028
1.0,51,16.267595
1.0,52,16.275135
1.0,50,16.282362
0.0,8,16.28352
1.0,53,16.291152
1.0,58,16.299418
1.0,53,16.307098
0.0,39,16.312685
0.0,12,16.314425
1.0,54,16.32213
1.0,62,16.330961
0.0,42,16.336993
1.0,59,16.345547
1.0,55,16.353409
0.0,4,16.354006
0.0,29,16.358164
1.0,60,16.366732
0.0,23,16.370058
0.0,23,16.373425
1.0,52,16.380858
1.0,50,16.388087
1.0,54,16.395797
0.0,39,16.401393
1.0,58,16.409777
1.0,54,16.417509
1.0,52,16.424953
1.0,60,16.433504
1.0,61,16.442213
0.0,29,16.446463
0.0,14,16.448493
0.0,8,16.449659
0.0,46,16.456285
0.0,17,16.458731
0.0,12,16.46046
1.0,55,16.468334
1.0,52,16.475784
1.0,54,16.483677
0.0,30,16.487972
0.0,18,16.490566
0.0,39,16.496177
1.0,57,16.504301
1.0,58,16.51258
0.0,14,16.514723
1.0,58,16.522999
1.0,57,16.531148
1.0,54,16.538871
0.0,14,16.540893
0.0,49,16.547895
0.0,48,16.554882
1.0,53,16.562709
0.0,6,16.563605
1.0,52,16.571033
1.0,54,16.578755
1.0,54,16.586663
1.0,58,16.594963
1.0,55,16.602855
0.0,44,16.609163
1.0,56,16.617176
1.0,51,16.624602
1.0,57,16.632754
1.0,58,16.641097
1.0,54,16.648907
0.0,12,16.650644
0.0,4,16.651237
1.0,54,16.659073
1.0,60,16.667628
1.0,51,16.674955
1.0,54,16.682775
1.0,55,16.690727
1.0,51,16.698033
1.0,51,16.705352
1.0,58,16.713639
1.0,56,16.721743
0.0,10,16.723197
0.0,18,16.725896
1.0,54,16.733622
0.0,40,16.739376
1.0,54,16.747141
1.0,54,16.754923
1.0,52,16.762434
1.0,66,16.771862
1.0,67,16.781437
1.0,53,16.789172
1.0,53,16.796864
0.0,48,16.803735
0.0,29,16.807896
1.0,57,16.816032
0.0,19,16.818765
1.0,50,16.825926
1.0,59,16.834492
1.0,52,16.841908
1.0,57,16.850057
1.0,52,16.857498
1.0,62,16.866425
0.0,9,16.867728
1.0,54,16.875419
1.0,56,16.883454
1.0,56,16.891454
1.0,55,16.899304
1.0,54,16.907152
1.0,51,16.91445
0.0,19,16.917183
0.0,31,16.921626
0.0,47,16.928333
1.0,56,16.936386
1.0,56,16.944366
0.0,9,16.945677
1.0,54,16.953382
1.0,53,16.960951
1.0,50,16.968104
0.0,12,16.969826
1.0,60,16.978472
0.0,46,16.985102
1.0,52,16.992517
0.0,14,16.994552
1.0,52,17.001992
1.0,55,17.009944
1.0,57,17.018062
0.0,43,17.02419
1.0,56,17.032284
1.0,59,17.040691
0.0,35,17.045769
1.0,51,17.053057
0.0,40,17.05881
1.0,50,17.066001
0.0,35,17.071059
1.0,55,17.079009
1.0,55,17.086935
1.0,62,17.09581
0.0,8,17.096983
0.0,32,17.101573
1.0,54,17.109294
0.0,12,17.111037
0.0,40,17.116914
0.0,19,17.119654
0.0,8,17.120818
0.0,4,17.121409
0.0,6,17.1223
0.0,23,17.125597
0.0,6,17.126567
1.0,54,17.134291
1.0,51,17.14159
1.0,52,17.149099
0.0,2,17.149408
0.0,8,17.150569
1.0,53,17.15816
1.0,53,17.166031
0.0,19,17.168774
0.0,19,17.171515
0.0,16,17.173816
1.0,64,17.183035
1.0,56,17.191068
1.0,60,17.199647
1.0,54,17.207386
1.0,57,17.215524
1.0,55,17.223481
0.0,42,17.229501
0.0,21,17.232525
0.0,44,17.238849
1.0,51,17.246144
0.0,36,17.251309
1.0,57,17.259625
1.0,59,17.268057
1.0,55,17.27591
0.0,16,17.27847
1.0,53,17.286133
0.0,16,17.288563
1.0,54,17.296487
1.0,57,17.305215
1.0,65,17.314513
0.0,33,17.31936
0.0,43,17.325767
1.0,56,17.334083
1.0,59,17.342532
0.0,6,17.343416
0.0,15,17.345566
0.0,48,17.352657
1.0,55,17.360591
0.0,42,17.366617
1.0,51,17.373924
1.0,54,17.38218
0.0,21,17.38529
0.0,22,17.388448
0.0,42,17.394536
1.0,55,17.402414
0.0,50,17.409574
1.0,55,17.417577
1.0,61,17.426382
1.0,54,17.434219
1.0,63,17.443222
1.0,54,17.451031
0.0,47,17.457738
1.0,61,17.466501
1.0,55,17.474353
1.0,51,17.481648
1.0,52,17.489168
0.0,14,17.491189
0.0,40,17.496932
0.0,35,17.502032
0.0,17,17.504499
1.0,54,17.512318
1.0,55,17.520166
1.0,55,17.528042
0.0,9,17.529346
0.0,18,17.531933
1.0,56,17.540025
1.0,58,17.548302
1.0,56,17.556327
1.0,53,17.563911
1.0,50,17.571128
0.0,18,17.573729
0.0,27,17.577618
1.0,53,17.585284
0.0,37,17.590625
1.0,54,17.598345
0.0,22,17.601555
1.0,57,17.609804
1.0,52,17.617262
1.0,55,17.62515
1.0,56,17.633149
1.0,52,17.640687
1.0,55,17.648568
1.0,57,17.656722
1.0,60,17.665339
1.0,57,17.673535
1.0,55,17.681451
1.0,56,17.689567
1.0,53,17.697168
1.0,58,17.705476
1.0,54,17.713251
0.0,21,17.716289
1.0,59,17.724814
1.0,55,17.73272
1.0,64,17.741888
1.0,50,17.749265
1.0,57,17.757445
1.0,52,17.765349
1.0,53,17.772969
1.0,56,17.781086
1.0,55,17.789038
0.0,6,17.789924
0.0,12,17.79166
0.0,14,17.793678
0.0,39,17.799283
1.0,60,17.807881
1.0,52,17.815453
0.0,13,17.817335
1.0,56,17.825379
1.0,52,17.832865
1.0,59,17.841289
0.0,31,17.845744
1.0,55,17.853685
1.0,60,17.862293
0.0,7,17.863323
1.0,61,17.872058
1.0,59,17.880479
0.0,27,17.88447
0.0,28,17.88851
0.0,8,17.889675
1.0,59,17.898175
1.0,54,17.905895
1.0,51,17.913201
0.0,20,17.916086
1.0,54,17.923904
1.0,58,17.932238
0.0,14,17.934271
1.0,50,17.941453
0.0,26,17.945165
1.0,51,17.952519
1.0,60,17.961176
1.0,55,17.96906
0.0,43,17.975233
1.0,65,17.984607
1.0,60,17.993465
0.0,23,17.996771
0.0,19,17.99952
0.0,4,18.000117
1.0,52,18.007565
1.0,53,18.015179
0.0,44,18.021509
0.0,38,18.027084
1.0,54,18.034814
1.0,55,18.042687
0.0,39,18.048279
0.0,4,18.048872
1.0,56,18.056905
0.0,23,18.060285
1.0,56,18.068277
1.0,52,18.075763
0.0,6,18.076638
0.0,42,18.082657
0.0,36,18.087873
0.0,17,18.090319
1.0,59,18.098791
0.0,21,18.101831
0.0,16,18.104147
1.0,54,18.111891
1.0,51,18.11922
1.0,60,18.127797
0.0,40,18.133634
1.0,55,18.141514
1.0,58,18.149787
0.0,16,18.152118
0.0,18,18.154721
1.0,58,18.163032
0.0,39,18.168711
1.0,52,18.176156
1.0,53,18.183778
1.0,51,18.19112
0.0,39,18.196722
0.0,30,18.201122
0.0,4,18.201723
1.0,52,18.209194
1.0,59,18.217664
1.0,52,18.2254
1.0,56,18.233452
1.0,59,18.242166
1.0,54,18.249906
1.0,55,18.257777
1.0,54,18.265551
1.0,64,18.274781
1.0,55,18.282686
0.0,23,18.286071
1.0,51,18.293383
1.0,56,18.301426
1.0,55,18.309392
0.0,4,18.309989
0.0,9,18.311311
0.0,20,18.314189
1.0,50,18.32137
0.0,22,18.324541
1.0,54,18.332314
0.0,29,18.336487
1.0,56,18.344613
1.0,55,18.352485
0.0,6,18.353365
1.0,59,18.362095
0.0,4,18.362704
1.0,57,18.370898
1.0,61,18.379671
1.0,56,18.387744
1.0,59,18.396207
1.0,60,18.404803
1.0,52,18.412345
1.0,54,18.420089
1.0,54,18.427844
0.0,17,18.430315
0.0,18,18.43292
1.0,51,18.440235
0.0,21,18.443271
0.0,10,18.444714
1.0,50,18.451972
1.0,56,18.460002
1.0,57,18.468157
0.0,25,18.471757
1.0,55,18.479629
1.0,53,18.487337
1.0,63,18.496351
1.0,63,18.50536
1.0,51,18.512686
1.0,55,18.520679
0.0,6,18.521559
1.0,54,18.529279
0.0,38,18.534752
1.0,61,18.5435
0.0,20,18.546379
1.0,52,18.553956
1.0,53,18.561556
1.0,52,18.56902
0.0,8,18.570192
0.0,36,18.575379
0.0,41,18.581266
1.0,56,18.58945
1.0,54,18.597202
1.0,58,18.606059
0.0,16,18.608432
0.0,14,18.610528
1.0,58,18.618946
0.0,22,18.622175
0.0,19,18.625007
0.0,12,18.626753
1.0,54,18.634508
0.0,27,18.638409
1.0,58,18.646693
0.0,19,18.649446
0.0,31,18.653904
1.0,55,18.66189
1.0,61,18.670773
0.0,26,18.67453
0.0,36,18.679702
1.0,52,18.68724
0.0,39,18.692956
0.0,19,18.695693
1.0,56,18.703723
1.0,59,18.712168
0.0,30,18.716492
1.0,53,18.724367
1.0,55,18.732438
1.0,57,18.7408
1.0,53,18.748892
1.0,56,18.758048
1.0,52,18.765635
1.0,51,18.772958
0.0,32,18.777579
1.0,56,18.785675
1.0,52,18.793208
1.0,56,18.80133
1.0,62,18.810218
1.0,59,18.818692
1.0,54,18.826436
1.0,53,18.834111
1.0,52,18.841598
0.0,37,18.846927
0.0,16,18.849236
0.0,40,18.854988
1.0,50,18.862168
1.0,54,18.869947
1.0,54,18.877717
0.0,22,18.88088
0.0,45,18.887412
1.0,57,18.895612
1.0,53,18.903212
0.0,13,18.905165
1.0,54,18.912906
1.0,54,18.920782
0.0,17,18.923248
0.0,15,18.92541
0.0,48,18.932276
1.0,61,18.941077
1.0,53,18.948743
1.0,58,18.957072
0.0,18,18.959676
1.0,57,18.96821
0.0,6,18.969094
0.0,16,18.971411
1.0,56,18.979481
1.0,58,18.987877
1.0,58,18.996162
1.0,54,19.003898
0.0,44,19.010272
0.0,43,19.016628
0.0,34,19.021511
1.0,52,19.028968
1.0,51,19.036273
1.0,54,19.044064
1.0,54,19.051819
0.0,10,19.05327
0.0,14,19.055292
1.0,57,19.063425
0.0,22,19.0666
1.0,55,19.074494
0.0,36,19.079865
1.0,56,19.087952
1.0,56,19.095979
1.0,56,19.103992
1.0,57,19.112176
1.0,55,19.120242
1.0,52,19.127692
1.0,55,19.135581
1.0,50,19.142795
1.0,53,19.150702
1.0,61,19.159396
1.0,63,19.168391
1.0,59,19.176859
1.0,55,19.184823
1.0,52,19.192361
1.0,54,19.200094
1.0,55,19.208001
0.0,45,19.214466
0.0,35,19.219523
0.0,37,19.224821
1.0,57,19.233008
1.0,52,19.240458
0.0,50,19.247622
1.0,52,19.255143
1.0,51,19.262547
1.0,53,19.270125
1.0,53,19.277713
0.0,28,19.281748
1.0,57,19.289999
0.0,22,19.293166
1.0,56,19.301174
1.0,54,19.308905
1.0,59,19.317332
1.0,50,19.324499
1.0,59,19.33311
1.0,53,19.340722
0.0,45,19.347164
1.0,55,19.355016
0.0,37,19.360403
1.0,52,19.367842
1.0,60,19.376456
0.0,20,19.379358
1.0,56,19.387439
0.0,38,19.392884
0.0,17,19.395445
1.0,54,19.403182
1.0,52,19.41065
1.0,58,19.418963
1.0,60,19.427551
1.0,55,19.435511
1.0,50,19.442666
1.0,54,19.45037
1.0,57,19.458497
1.0,63,19.467571
1.0,58,19.475868
0.0,48,19.482722
1.0,52,19.490231
1.0,57,19.498389
1.0,64,19.50765
0.0,18,19.510237
0.0,40,19.515968
0.0,16,19.518282
0.0,6,19.519161
1.0,53,19.526742
1.0,54,19.534481
1.0,54,19.542245
1.0,53,19.549844
0.0,18,19.552452
0.0,8,19.553616
0.0,8,19.554785
0.0,35,19.559799
1.0,59,19.568537
1.0,57,19.576781
0.0,14,19.578804
0.0,21,19.581841
1.0,54,19.589645
1.0,58,19.597968
0.0,12,19.599717
1.0,54,19.60758
1.0,57,19.615728
1.0,54,19.623496
1.0,51,19.630869
0.0,4,19.631469
1.0,52,19.638992
0.0,31,19.643596
0.0,41,19.649493
1.0,56,19.657504
0.0,12,19.659239
1.0,56,19.667246
1.0,56,19.67525
0.0,19,19.678095
1.0,57,19.686272
0.0,4,19.686868
1.0,56,19.69489
0.0,38,19.700351
0.0,36,19.705498
1.0,53,19.713197
1.0,54,19.720947
1.0,55,19.728878
0.0,9,19.730182
1.0,51,19.737488
1.0,54,19.745203
0.0,31,19.749732
1.0,60,19.758316
1.0,54,19.766054
1.0,57,19.774204
1.0,60,19.782837
1.0,50,19.790068
1.0,58,19.798443
1.0,63,19.80744
1.0,52,19.814886
1.0,54,19.822736
1.0,56,19.830793
1.0,59,19.839237
0.0,9,19.840541
1.0,51,19.847862
0.0,38,19.853413
1.0,57,19.861557
1.0,59,19.869978
1.0,55,19.877845
1.0,50,19.885036
1.0,59,19.893564
1.0,66,19.903016
0.0,33,19.907758
1.0,56,19.915789
1.0,59,19.924306
0.0,7,19.925328
0.0,40,19.93104
1.0,56,19.939053
1.0,52,19.946534
0.0,47,19.953233
0.0,43,19.959497
1.0,56,19.967522
1.0,52,19.974989
0.0,4,19.975583
1.0,54,19.983304
1.0,56,19.991411
1.0,56,19.999538
0.0,21,20.00258
0.0,46,20.009172
1.0,54,20.016912
1.0,54,20.024658
0.0,39,20.030361
1.0,61,20.039058
1.0,55,20.046935
1.0,57,20.055082
1.0,53,20.062696
0.0,6,20.063665
1.0,55,20.071577
0.0,35,20.0766
1.0,56,20.084699
0.0,42,20.090803
0.0,21,20.093822
1.0,50,20.10113
1.0,57,20.109269
0.0,37,20.114605
0.0,18,20.117202
1.0,52,20.124644
1.0,55,20.132529
1.0,56,20.140671
0.0,35,20.145679
1.0,59,20.154128
1.0,51,20.161458
1.0,55,20.170062
1.0,58,20.178391
0.0,18,20.180973
1.0,52,20.18876
0.0,27,20.193591
1.0,50,20.201403
1.0,54,20.209362
0.0,8,20.210568
1.0,54,20.218426
0.0,17,20.220899
0.0,22,20.224213
1.0,54,20.232002
1.0,56,20.240155
0.0,17,20.242633
1.0,54,20.250382
0.0,17,20.252834
0.0,15,20.255
1.0,57,20.263188
0.0,41,20.269081
1.0,52,20.276643
1.0,59,20.285062
0.0,26,20.288869
1.0,53,20.296453
1.0,52,20.3039
1.0,50,20.311184
0.0,19,20.313918
0.0,17,20.316384
1.0,58,20.324679
0.0,14,20.326706
1.0,53,20.334337
1.0,53,20.341899
1.0,54,20.349727
1.0,55,20.357606
1.0,52,20.365047
1.0,61,20.373753
1.0,52,20.381274
1.0,56,20.389349
0.0,35,20.394365
1.0,55,20.402297
0.0,32,20.406882
1.0,63,20.415991
0.0,27,20.420011
0.0,41,20.425948
1.0,58,20.434294
0.0,47,20.441009
0.0,44,20.447317
1.0,54,20.455243
1.0,57,20.463395
1.0,54,20.471111
0.0,40,20.476853
1.0,50,20.484027
1.0,51,20.491503
0.0,35,20.496508
0.0,37,20.501795
0.0,28,20.505794
0.0,14,20.507822
0.0,32,20.512413
0.0,46,20.518983
0.0,4,20.519579
0.0,46,20.526259
0.0,16,20.528584
1.0,57,20.536716
1.0,52,20.544161
0.0,40,20.549887
0.0,8,20.551059
1.0,54,20.558839
0.0,6,20.559718
0.0,35,20.564751
1.0,52,20.572204
0.0,23,20.575517
1.0,57,20.583674
1.0,58,20.592017
1.0,66,20.601413
0.0,40,20.607202
0.0,35,20.612228
1.0,54,20.619967
0.0,17,20.62242
1.0,54,20.630216
1.0,53,20.637787
0.0,19,20.640545
1.0,54,20.648277
1.0,59,20.6567
1.0,54,20.66442
0.0,2,20.664729
1.0,52,20.672154
0.0,4,20.672757
0.0,17,20.675213
0.0,24,20.678659
0.0,21,20.681673
0.0,16,20.683982
0.0,27,20.687933
1.0,54,20.695806
1.0,53,20.703369
1.0,50,20.710522
1.0,63,20.719507
0.0,16,20.721847
1.0,57,20.730022
1.0,52,20.737528
1.0,60,20.74606
1.0,58,20.754338
1.0,54,20.762033
1.0,58,20.770675
1.0,57,20.778801
0.0,22,20.781946
1.0,58,20.790272
0.0,17,20.792719
0.0,49,20.799726
0.0,4,20.800324
1.0,60,20.808936
0.0,18,20.811537
1.0,53,20.819115
1.0,55,20.82699
1.0,59,20.835484
1.0,59,20.84398
1.0,55,20.851868
0.0,34,20.856727
0.0,36,20.861893
0.0,17,20.864345
1.0,54,20.872099
1.0,52,20.87956
0.0,8,20.880724
1.0,54,20.888516
0.0,45,20.894941
1.0,56,20.902927
1.0,54,20.910721
1.0,53,20.918309
0.0,25,20.921899
0.0,14,20.923928
1.0,61,20.932651
0.0,18,20.935258
1.0,56,20.943347
0.0,12,20.945088
1.0,55,20.952961
1.0,58,20.96126
1.0,56,20.969272
0.0,46,20.97586
1.0,54,20.983672
1.0,58,20.992018
1.0,54,20.999764
0.0,28,21.003793
1.0,54,21.011531
1.0,55,21.019448
0.0,15,21.02161
1.0,53,21.029199
1.0,59,21.037631
1.0,50,21.044795
1.0,56,21.05291
0.0,36,21.058083
0.0,38,21.063538
0.0,4,21.064136
0.0,15,21.066293
0.0,29,21.070451
1.0,59,21.07957
0.0,8,21.080738
1.0,63,21.089902
1.0,51,21.097205
1.0,58,21.105486
1.0,57,21.113636
0.0,31,21.118182
0.0,16,21.120492
0.0,21,21.123538
1.0,61,21.132331
1.0,58,21.140641
1.0,59,21.149069
0.0,25,21.152771
1.0,52,21.160233
0.0,37,21.165523
1.0,59,21.173947
0.0,18,21.176521
1.0,52,21.183956
1.0,60,21.192653
1.0,52,21.200094
0.0,45,21.206548
0.0,22,21.209707
1.0,58,21.217995
1.0,61,21.226845
0.0,6,21.227724
0.0,29,21.231898
1.0,55,21.239793
1.0,52,21.247245
1.0,53,21.254849
1.0,59,21.263424
0.0,28,21.267454
0.0,12,21.269192
1.0,57,21.277339
1.0,65,21.286616
1.0,50,21.293943
0.0,27,21.297809
1.0,58,21.306096
1.0,60,21.314666
1.0,50,21.321813
1.0,59,21.330379
1.0,60,21.338959
0.0,21,21.342004
1.0,53,21.3496
1.0,52,21.357058
1.0,58,21.365476
1.0,58,21.374051
0.0,6,21.374943
1.0,55,21.382832
1.0,51,21.390166
1.0,61,21.399005
0.0,23,21.402325
1.0,56,21.410355
1.0,56,21.418407
0.0,17,21.420844
1.0,57,21.429002
1.0,50,21.436212
1.0,56,21.444218
1.0,59,21.45267
1.0,53,21.460332
0.0,8,21.461505
1.0,54,21.46932
1.0,56,21.477345
1.0,55,21.485202
1.0,61,21.493995
0.0,14,21.49603
0.0,18,21.498618
1.0,54,21.506437
1.0,64,21.51558
0.0,14,21.5176
1.0,56,21.525627
1.0,61,21.534306
0.0,47,21.541131
1.0,58,21.549417
1.0,50,21.556597
0.0,29,21.560762
1.0,60,21.569303
1.0,51,21.576725
1.0,57,21.584867
1.0,57,21.593099
1.0,54,21.60082
0.0,19,21.6036
0.0,40,21.609774
1.0,53,21.617539
1.0,61,21.626403
1.0,52,21.634383
0.0,12,21.636144
1.0,54,21.644109
0.0,16,21.646531
1.0,57,21.654712
1.0,56,21.662733
1.0,59,21.671191
1.0,54,21.678966
0.0,37,21.684381
1.0,56,21.692452
0.0,40,21.69818
1.0,52,21.705628
1.0,52,21.713078
1.0,50,21.720347
1.0,50,21.727577
1.0,54,21.735291
1.0,53,21.742877
1.0,51,21.75026
1.0,55,21.758115
0.0,16,21.760429
0.0,42,21.76684
1.0,57,21.775426
1.0,59,21.784349
1.0,55,21.792707
1.0,62,21.80171
0.0,36,21.807275
0.0,8,21.808476
1.0,55,21.816346
1.0,53,21.823999
1.0,56,21.83201
1.0,50,21.839186
1.0,56,21.847205
1.0,55,21.855057
1.0,59,21.863616
1.0,54,21.871345
0.0,42,21.877376
1.0,50,21.884542
0.0,34,21.889449
1.0,54,21.897293
0.0,12,21.899036
1.0,55,21.906911
0.0,18,21.909501
1.0,53,21.917094
0.0,23,21.920532
1.0,54,21.928392
1.0,54,21.936126
0.0,20,21.93901
0.0,13,21.9409
1.0,54,21.94862
1.0,54,21.956437
1.0,55,21.964368
0.0,19,21.967301
1.0,50,21.974638
0.0,6,21.975527
1.0,52,21.982972
1.0,56,21.991109
0.0,4,21.991792
1.0,54,21.999629
1.0,54,22.007433
0.0,23,22.010754
1.0,60,22.019348
1.0,51,22.026664
1.0,52,22.034201
0.0,40,22.039971
0.0,25,22.043584
1.0,52,22.051038
1.0,52,22.058512
0.0,20,22.061388
1.0,56,22.069501
1.0,52,22.07696
0.0,27,22.080925
0.0,6,22.081831
0.0,29,22.086691
1.0,53,22.094374
0.0,23,22.097692
0.0,46,22.104345
0.0,37,22.109664
0.0,38,22.115119
0.0,8,22.116287
1.0,53,22.123903
0.0,21,22.126938
1.0,59,22.135351
1.0,60,22.143985
0.0,8,22.145152
0.0,4,22.145749
1.0,55,22.153636
1.0,57,22.161787
1.0,54,22.169514
0.0,43,22.175729
0.0,18,22.178321
1.0,66,22.187742
0.0,18,22.190377
1.0,60,22.199045
1.0,57,22.207267
1.0,54,22.215008
1.0,50,22.222167
1.0,59,22.230615
1.0,59,22.239054
1.0,56,22.247208
0.0,22,22.25037
0.0,42,22.256413
0.0,16,22.25875
1.0,56,22.266784
1.0,57,22.274945
0.0,23,22.278348
1.0,56,22.286424
0.0,38,22.291946
0.0,19,22.294693
1.0,54,22.302426
1.0,53,22.310015
1.0,53,22.317652
0.0,23,22.32096
1.0,55,22.328843
1.0,55,22.336722
0.0,16,22.339024
1.0,56,22.347031
1.0,58,22.355427
1.0,51,22.362739
1.0,56,22.370773
1.0,58,22.379086
0.0,12,22.380831
0.0,26,22.384658
1.0,53,22.392324
1.0,52,22.399767
1.0,51,22.407095
1.0,51,22.414411
0.0,16,22.416731
1.0,55,22.424656
0.0,19,22.427404
1.0,53,22.435002
1.0,55,22.442899
0.0,37,22.448212
0.0,33,22.452992
1.0,52,22.460433
1.0,55,22.468305
1.0,56,22.476304
0.0,6,22.477189
1.0,56,22.485195
0.0,19,22.487995
0.0,9,22.48931
1.0,54,22.497069
1.0,59,22.505498
1.0,60,22.514093
1.0,55,22.52196
1.0,51,22.529314
0.0,23,22.532634
0.0,8,22.533798
1.0,53,22.541391
1.0,54,22.549102
0.0,16,22.551413
1.0,53,22.559062
1.0,60,22.567677
1.0,55,22.575767
0.0,27,22.579664
0.0,6,22.580552
1.0,53,22.588165
0.0,23,22.591538
1.0,50,22.598844
1.0,55,22.606758
0.0,35,22.611777
1.0,52,22.619307
1.0,55,22.627204
1.0,53,22.63494
1.0,58,22.643286
0.0,28,22.647307
1.0,52,22.654758
1.0,53,22.662353
1.0,54,22.670158
1.0,53,22.677761
1.0,58,22.686074
1.0,56,22.69417
1.0,55,22.702113
0.0,22,22.705298
1.0,58,22.713592
0.0,14,22.715621
1.0,52,22.723177
1.0,53,22.730786
0.0,19,22.733531
1.0,52,22.741013
1.0,59,22.749496
1.0,55,22.757343
1.0,55,22.765283
1.0,53,22.772964
1.0,58,22.781262
0.0,12,22.783011
1.0,56,22.791116
1.0,55,22.799003
1.0,58,22.807476
1.0,54,22.815213
1.0,55,22.823078
1.0,58,22.831377
1.0,53,22.8391
1.0,53,22.846786
1.0,57,22.854937
0.0,10,22.856394
1.0,55,22.864256
1.0,54,22.871988
0.0,30,22.876407
1.0,50,22.883578
1.0,53,22.891235
1.0,57,22.89939
1.0,57,22.907539
0.0,6,22.908422
1.0,56,22.916492
0.0,42,22.922527
1.0,56,22.930547
0.0,33,22.935293
1.0,50,22.942436
0.0,47,22.949263
1.0,54,22.956997
1.0,52,22.964464
0.0,36,22.969633
0.0,31,22.974089
1.0,53,22.981789
0.0,25,22.985398
1.0,53,22.993047
0.0,44,22.999354
0.0,14,23.001383
0.0,31,23.005839
0.0,41,23.011716
1.0,54,23.019604
1.0,53,23.027199
1.0,55,23.035079
0.0,19,23.037803
0.0,32,23.042393
0.0,19,23.045123
0.0,8,23.046299
0.0,16,23.048625
0.0,28,23.053029
0.0,18,23.055618
0.0,22,23.058791
1.0,59,23.0675
0.0,35,23.072531
1.0,54,23.080387
1.0,62,23.089671
0.0,21,23.092808
1.0,54,23.100627
0.0,4,23.101259
1.0,59,23.10971
1.0,57,23.117904
1.0,58,23.126309
1.0,55,23.134181
0.0,19,23.136928
1.0,58,23.145274
1.0,54,23.153005
0.0,44,23.159462
1.0,60,23.168095
0.0,14,23.17012
0.0,38,23.175876
0.0,30,23.180244
0.0,12,23.181983
0.0,5,23.182718
1.0,54,23.190446
0.0,21,23.193604
0.0,22,23.196768
1.0,65,23.206043
0.0,30,23.210394
1.0,58,23.218675
1.0,52,23.226543
1.0,59,23.234991
1.0,53,23.242894
1.0,55,23.250769
0.0,19,23.253505
0.0,48,23.260489
0.0,14,23.262623
1.0,52,23.270087
1.0,54,23.277823
1.0,58,23.286117
0.0,29,23.290276
1.0,55,23.298331
0.0,16,23.30064
0.0,41,23.306527
1.0,62,23.315399
1.0,50,23.32257
1.0,54,23.330327
1.0,54,23.338165
1.0,59,23.346598
1.0,59,23.355027
0.0,49,23.362035
1.0,59,23.370683
0.0,17,23.373143
0.0,11,23.374734
1.0,55,23.382615
1.0,52,23.390075
1.0,57,23.398298
1.0,61,23.407141
0.0,12,23.408879
1.0,54,23.416623
0.0,42,23.422751
0.0,14,23.424775
1.0,55,23.432622
1.0,56,23.440689
1.0,58,23.448966
1.0,53,23.456611
1.0,54,23.464354
0.0,16,23.466657
1.0,60,23.475357
1.0,51,23.482661
1.0,52,23.490094
0.0,14,23.492194
0.0,8,23.493361
0.0,37,23.498668
0.0,42,23.504706
1.0,52,23.512267
0.0,4,23.512864
1.0,61,23.521562
1.0,54,23.529305
0.0,14,23.531341
1.0,55,23.539193
0.0,25,23.542897
0.0,14,23.544922
0.0,16,23.547239
1.0,60,23.555819
0.0,19,23.558557
0.0,32,23.563157
1.0,54,23.570873
1.0,53,23.578541
1.0,52,23.585989
1.0,52,23.593479
1.0,58,23.601781
0.0,4,23.602385
0.0,20,23.605296
0.0,39,23.610898
1.0,54,23.618719
0.0,12,23.620464
1.0,50,23.627751
0.0,45,23.634262
1.0,56,23.642441
1.0,55,23.650443
1.0,59,23.658892
0.0,19,23.661624
0.0,44,23.667937
1.0,50,23.67511
1.0,54,23.682865
1.0,56,23.690996
1.0,54,23.698849
1.0,57,23.706998
1.0,55,23.714911
1.0,52,23.722582
1.0,56,23.730606
1.0,60,23.739207
0.0,50,23.746392
1.0,54,23.754237
0.0,39,23.759843
0.0,26,23.763614
0.0,35,23.768661
1.0,54,23.776884
0.0,6,23.777762
0.0,9,23.77907
0.0,46,23.785669
1.0,55,23.793697
1.0,60,23.802319
1.0,52,23.809843
0.0,43,23.816012
1.0,52,23.823435
1.0,54,23.831261
1.0,58,23.839574
0.0,12,23.841311
1.0,54,23.849056
1.0,53,23.856638
1.0,57,23.864898
1.0,53,23.872495
1.0,53,23.880099
0.0,33,23.884842
1.0,52,23.89236
1.0,52,23.899931
1.0,58,23.908251
0.0,25,23.911846
1.0,55,23.919733
0.0,54,23.927457
0.0,12,23.929245
1.0,57,23.937409
0.0,33,23.942144
0.0,8,23.943351
1.0,55,23.951238
0.0,20,23.954116
0.0,6,23.955
1.0,57,23.963147
1.0,57,23.971313
1.0,55,23.979211
1.0,50,23.986408
1.0,59,23.994902
0.0,33,23.999752
0.0,24,24.003177
1.0,53,24.01078
1.0,54,24.018526
1.0,55,24.026401
0.0,27,24.030281
0.0,4,24.030878
1.0,54,24.038707
0.0,40,24.044431
0.0,13,24.046317
0.0,37,24.051639
1.0,56,24.059638
1.0,60,24.068196
0.0,16,24.070617
1.0,60,24.079212
0.0,40,24.084979
1.0,52,24.092514
1.0,57,24.100692
1.0,54,24.108516
0.0,17,24.110972
1.0,56,24.118997
1.0,57,24.127173
1.0,62,24.136158
0.0,39,24.141868
1.0,61,24.150585
0.0,9,24.151893
0.0,8,24.153059
1.0,54,24.160783
1.0,58,24.169101
0.0,38,24.174567
0.0,10,24.176082
1.0,61,24.184785
0.0,19,24.18753
0.0,4,24.188124
1.0,54,24.195885
1.0,54,24.203763
1.0,55,24.211666
1.0,52,24.219138
1.0,55,24.227
1.0,59,24.235445
1.0,56,24.24346
0.0,10,24.244917
1.0,57,24.253143
1.0,59,24.261597
1.0,59,24.270022
0.0,6,24.270906
1.0,54,24.278634
1.0,54,24.286473
1.0,53,24.294127
0.0,18,24.296722
1.0,52,24.304172
1.0,55,24.312012
1.0,58,24.320449
0.0,41,24.326322
0.0,14,24.328346
1.0,53,24.335939
1.0,58,24.34422
1.0,58,24.352553
1.0,54,24.360277
0.0,39,24.36588
0.0,6,24.366808
0.0,31,24.371249
1.0,62,24.380111
1.0,54,24.387913
1.0,53,24.395584
1.0,54,24.403324
1.0,54,24.411065
1.0,59,24.419498
0.0,4,24.420093
1.0,57,24.428338
0.0,38,24.433873
1.0,54,24.441601
1.0,60,24.450196
1.0,58,24.458604
1.0,57,24.466765
1.0,53,24.474358
0.0,40,24.480092
1.0,62,24.488971
1.0,51,24.49662
0.0,19,24.499359
0.0,32,24.50409
0.0,35,24.509207
1.0,58,24.517553
1.0,56,24.525808
1.0,52,24.533469
0.0,17,24.535927
1.0,58,24.544233
1.0,56,24.552252
1.0,53,24.559883
1.0,51,24.56728
0.0,44,24.573575
1.0,57,24.581759
1.0,53,24.589364
1.0,56,24.597511
1.0,54,24.605244
1.0,58,24.61358
1.0,52,24.621145
0.0,14,24.623173
1.0,58,24.63146
1.0,53,24.639148
1.0,51,24.646527
1.0,55,24.654417
1.0,54,24.66216
1.0,56,24.670213
0.0,7,24.671246
1.0,54,24.678979
0.0,16,24.681289
0.0,41,24.687182
0.0,48,24.694118
1.0,56,24.70213
0.0,31,24.706666
0.0,9,24.707978
1.0,59,24.71642
0.0,23,24.719733
1.0,53,24.7274
1.0,55,24.735271
0.0,33,24.740088
0.0,7,24.741118
1.0,52,24.748568
1.0,54,24.756308
0.0,25,24.759918
1.0,59,24.768383
0.0,42,24.774502
1.0,54,24.78225
1.0,54,24.790001
1.0,54,24.79781
1.0,62,24.80679
0.0,12,24.808638
1.0,59,24.817096
1.0,54,24.824828
1.0,52,24.832291
0.0,21,24.835321
0.0,44,24.841636
1.0,55,24.849656
1.0,51,24.85697
0.0,43,24.86313
0.0,29,24.8673
1.0,57,24.875463
1.0,51,24.882869
1.0,52,24.890327
0.0,25,24.894006
1.0,54,24.901768
0.0,16,24.904086
1.0,54,24.911799
0.0,35,24.916884
1.0,51,24.924301
1.0,58,24.932587
0.0,14,24.934624
0.0,27,24.938526
1.0,60,24.947124
1.0,56,24.955294
1.0,62,24.964205
1.0,50,24.97138
1.0,53,24.978964
1.0,62,24.987883
1.0,52,24.995375
1.0,54,25.003116
1.0,54,25.01084
0.0,8,25.012007
0.0,6,25.012881
0.0,16,25.015197
1.0,54,25.022974
1.0,56,25.030997
1.0,50,25.038154
1.0,57,25.046338
1.0,57,25.054582
1.0,59,25.06303
1.0,53,25.070643
1.0,58,25.078956
1.0,54,25.086689
0.0,35,25.091837
1.0,59,25.100383
0.0,37,25.105911
0.0,17,25.108408
1.0,51,25.115889
1.0,57,25.124131
1.0,66,25.13359
1.0,54,25.141371
0.0,31,25.145976
1.0,64,25.155185
0.0,42,25.161507
1.0,56,25.169535
0.0,8,25.170712
0.0,35,25.175755
0.0,16,25.178077
1.0,58,25.186393
0.0,29,25.190579
0.0,6,25.191464
1.0,54,25.199373
0.0,23,25.202691
0.0,16,25.20501
0.0,31,25.209475
0.0,44,25.215826
1.0,53,25.223689
1.0,53,25.231371
1.0,56,25.239398
1.0,53,25.24702
1.0,55,25.254921
0.0,41,25.260908
1.0,57,25.269193
0.0,37,25.274506
1.0,52,25.28195
0.0,36,25.287105
1.0,55,25.295056
0.0,37,25.300492
0.0,9,25.301805
0.0,37,25.307154
0.0,10,25.308602
1.0,55,25.316499
1.0,56,25.324526
0.0,42,25.33055
1.0,55,25.338504
1.0,52,25.345977
1.0,57,25.354188
0.0,43,25.360359
1.0,63,25.369347
1.0,57,25.377585
1.0,57,25.385729
1.0,63,25.394811
1.0,58,25.403199
1.0,53,25.410838
0.0,46,25.417421
0.0,46,25.42402
1.0,57,25.43218
1.0,53,25.439765
0.0,12,25.441587
1.0,66,25.451009
1.0,52,25.458478
1.0,63,25.467562
0.0,38,25.473018
0.0,13,25.474904
1.0,60,25.483528
0.0,4,25.484122
1.0,57,25.492278
1.0,53,25.49995
1.0,56,25.507972
1.0,50,25.515235
1.0,50,25.522436
0.0,12,25.52417
1.0,55,25.532042
0.0,10,25.533487
1.0,52,25.540931
1.0,54,25.548694
1.0,55,25.55658
1.0,52,25.564042
0.0,48,25.570914
0.0,15,25.573087
1.0,50,25.58028
1.0,54,25.588115
1.0,58,25.596501
1.0,58,25.604821
1.0,57,25.613054
0.0,8,25.614227
1.0,55,25.62219
1.0,54,25.629939
1.0,55,25.637816
1.0,51,25.645182
1.0,57,25.653398
1.0,56,25.661403
0.0,22,25.66458
0.0,14,25.666612
1.0,56,25.674641
1.0,56,25.682639
1.0,58,25.690974
1.0,53,25.698634
0.0,33,25.703395
1.0,56,25.711707
1.0,52,25.719275
0.0,45,25.72588
0.0,19,25.728628
0.0,45,25.735149
1.0,58,25.743461
1.0,54,25.751201
0.0,33,25.755938
1.0,56,25.764134
1.0,57,25.772321
1.0,52,25.779773
1.0,54,25.78751
1.0,61,25.796369
1.0,53,25.803973
1.0,58,25.81232
1.0,52,25.819786
0.0,19,25.822525
0.0,5,25.823262
0.0,6,25.824143
1.0,56,25.832226
1.0,52,25.839698
0.0,46,25.846324
1.0,55,25.854199
1.0,57,25.862488
1.0,58,25.8708
0.0,17,25.873266
1.0,60,25.881869
1.0,51,25.889228
1.0,54,25.897059
1.0,55,25.904938
1.0,50,25.912126
1.0,55,25.920007
0.0,8,25.921165
0.0,20,25.92403
0.0,40,25.929775
0.0,21,25.932913
0.0,6,25.93398
0.0,29,25.938258
1.0,53,25.946035
1.0,51,25.953552
1.0,54,25.961368
0.0,16,25.963727
1.0,63,25.972844
0.0,8,25.974013
0.0,23,25.977368
0.0,35,25.982423
1.0,52,25.990127
1.0,53,25.997787
1.0,57,26.006078
0.0,40,26.011888
0.0,16,26.014217
1.0,61,26.022971
1.0,54,26.030709
0.0,9,26.032027
0.0,18,26.034627
1.0,56,26.042747
1.0,55,26.050649
1.0,53,26.058279
1.0,53,26.065882
1.0,51,26.073255
0.0,17,26.075711
0.0,19,26.078441
1.0,55,26.086313
0.0,5,26.08705
1.0,56,26.095166
1.0,56,26.103195
1.0,52,26.110684
1.0,52,26.118149
1.0,54,26.12595
0.0,39,26.131575
0.0,27,26.135478
0.0,16,26.137799
0.0,8,26.138975
1.0,55,26.146968
1.0,60,26.155659
1.0,55,26.163651
1.0,53,26.17135
1.0,51,26.178739
1.0,56,26.18697
1.0,64,26.196216
1.0,58,26.204643
1.0,57,26.212903
1.0,54,26.220769
1.0,57,26.228942
1.0,56,26.237005
0.0,19,26.239772
0.0,27,26.243664
0.0,41,26.249731
0.0,38,26.255204
1.0,53,26.262838
1.0,64,26.271993
1.0,56,26.280029
0.0,27,26.284003
1.0,55,26.291885
1.0,54,26.299705
0.0,42,26.305822
1.0,56,26.314075
0.0,8,26.315255
1.0,55,26.323223
1.0,58,26.33154
1.0,61,26.340334
1.0,57,26.348493
0.0,24,26.351959
1.0,53,26.359629
1.0,54,26.367378
1.0,51,26.374693
0.0,21,26.377732
1.0,60,26.386325
1.0,52,26.393816
1.0,64,26.403034
0.0,33,26.407771
0.0,40,26.413535
0.0,4,26.414132
1.0,58,26.422426
0.0,42,26.428665
1.0,66,26.43814
1.0,53,26.445846
0.0,14,26.447876
0.0,15,26.450081
1.0,52,26.457698
0.0,43,26.4639
1.0,61,26.47262
0.0,45,26.47907
1.0,58,26.487372
0.0,38,26.492832
0.0,31,26.497458
1.0,52,26.5049
1.0,60,26.513491
0.0,21,26.516527
0.0,14,26.518554
0.0,44,26.524866
0.0,17,26.527326
1.0,52,26.534821
1.0,55,26.542715
0.0,12,26.544453
0.0,10,26.5459
0.0,15,26.548067
1.0,57,26.556238
0.0,6,26.557126
1.0,55,26.565087
1.0,57,26.573251
1.0,58,26.58157
1.0,53,26.58919
1.0,56,26.597297
1.0,54,26.605041
0.0,49,26.612069
1.0,63,26.621092
1.0,58,26.629416
1.0,55,26.637465
1.0,50,26.644658
0.0,46,26.651271
0.0,37,26.656594
1.0,56,26.664653
1.0,52,26.672202
1.0,58,26.680516
0.0,44,26.686841
0.0,35,26.691859
1.0,58,26.700295
1.0,58,26.708727
1.0,57,26.716898
0.0,35,26.721928
1.0,59,26.730457
1.0,55,26.738341
1.0,57,26.746651
1.0,57,26.754808
1.0,54,26.762572
1.0,53,26.770175
0.0,27,26.774075
0.0,2,26.77439
1.0,58,26.782807
0.0,6,26.783693
1.0,51,26.791008
0.0,4,26.791607
1.0,52,26.799143
1.0,57,26.807307
0.0,8,26.808473
1.0,56,26.816707
1.0,62,26.825607
1.0,57,26.833773
1.0,54,26.841514
1.0,52,26.849074
0.0,26,26.852816
0.0,16,26.855128
1.0,55,26.863002
1.0,54,26.870766
0.0,16,26.873083
1.0,53,26.880689
1.0,56,26.888811
1.0,59,26.897355
0.0,17,26.899829
0.0,34,26.904719
1.0,55,26.912873
1.0,50,26.920176
1.0,57,26.928375
0.0,6,26.929259
1.0,54,26.937027
1.0,56,26.945093
1.0,53,26.952795
1.0,53,26.960391
0.0,39,26.965978
0.0,44,26.972314
1.0,53,26.979931
0.0,44,26.986247
1.0,56,26.994342
1.0,65,27.003717
1.0,50,27.010908
1.0,53,27.018537
0.0,16,27.020853
1.0,63,27.029969
1.0,53,27.037574
0.0,24,27.04105
0.0,12,27.042799
1.0,69,27.052684
1.0,52,27.060238
1.0,54,27.067991
1.0,56,27.076025
0.0,25,27.079654
0.0,10,27.081109
1.0,52,27.088587
1.0,56,27.096732
1.0,53,27.104343
0.0,42,27.110406
0.0,14,27.112444
0.0,8,27.113616
1.0,57,27.121897
1.0,53,27.12954
0.0,10,27.130988
1.0,51,27.138317
0.0,31,27.142824
1.0,50,27.150006
1.0,56,27.158035
1.0,59,27.166564
0.0,42,27.172605
0.0,16,27.174929
1.0,54,27.182698
0.0,28,27.186745
0.0,27,27.19063
1.0,57,27.198875
0.0,19,27.201622
0.0,18,27.204216
1.0,55,27.212088
1.0,60,27.220697
1.0,56,27.228739
0.0,30,27.233119
1.0,55,27.241003
1.0,57,27.249167
0.0,39,27.25478
1.0,56,27.262897
0.0,8,27.264053
0.0,47,27.270843
1.0,52,27.278322
1.0,58,27.28665
0.0,6,27.287543
1.0,52,27.295084
1.0,52,27.302749
1.0,53,27.310338
1.0,57,27.318529
1.0,58,27.326857
1.0,53,27.334477
0.0,12,27.336225
1.0,58,27.344611
1.0,52,27.352095
1.0,56,27.360141
1.0,56,27.36818
0.0,35,27.373339
0.0,4,27.373942
0.0,19,27.37669
0.0,39,27.382499
1.0,57,27.390853
0.0,28,27.394987
0.0,25,27.398667
0.0,19,27.401402
1.0,52,27.408948
1.0,54,27.416821
0.0,18,27.419428
0.0,19,27.422196
0.0,12,27.423935
1.0,51,27.431268
0.0,35,27.436319
1.0,57,27.444582
0.0,37,27.449881
0.0,40,27.455629
1.0,60,27.464206
0.0,17,27.46667
0.0,44,27.472974
1.0,56,27.481111
1.0,54,27.488841
1.0,54,27.496657
1.0,54,27.504474
0.0,31,27.509003
1.0,56,27.517144
1.0,54,27.525106
1.0,57,27.533269
0.0,31,27.537739
1.0,53,27.54533
1.0,63,27.554482
1.0,57,27.562638
0.0,16,27.564952
1.0,51,27.57226
1.0,55,27.580155
1.0,60,27.58884
1.0,51,27.596162
0.0,28,27.600244
1.0,61,27.60899
1.0,57,27.617136
0.0,37,27.622612
1.0,53,27.630222
0.0,28,27.634305
0.0,6,27.635207
1.0,61,27.643989
0.0,4,27.64459
0.0,33,27.64933
1.0,60,27.658026
1.0,62,27.666876
1.0,66,27.676282
0.0,41,27.682168
0.0,4,27.68277
1.0,54,27.690617
1.0,56,27.698718
1.0,51,27.706017
1.0,52,27.713459
1.0,56,27.721474
0.0,22,27.724764
1.0,56,27.732759
0.0,20,27.735631
1.0,55,27.743474
1.0,54,27.751196
1.0,57,27.759437
1.0,60,27.768039
1.0,54,27.775737
1.0,50,27.782877
1.0,50,27.790018
0.0,34,27.79495
1.0,53,27.802577
0.0,31,27.807035
1.0,61,27.815798
0.0,12,27.817548
1.0,56,27.825564
0.0,35,27.830651
0.0,6,27.831539
1.0,59,27.839958
1.0,56,27.847964
1.0,54,27.855695
1.0,50,27.86284
0.0,17,27.865378
1.0,62,27.874222
1.0,60,27.882811
1.0,55,27.890681
1.0,52,27.898192
0.0,23,27.901645
1.0,55,27.909511
0.0,30,27.913815
0.0,48,27.920671
1.0,60,27.929353
1.0,54,27.937183
0.0,27,27.941061
1.0,53,27.948626
1.0,54,27.956347
0.0,31,27.960891
0.0,39,27.966476
1.0,52,27.974021
1.0,56,27.982021
1.0,63,27.991047
1.0,58,27.999386
1.0,58,28.007785
1.0,51,28.015085
0.0,19,28.017819
0.0,6,28.018701
1.0,52,28.026137
0.0,16,28.028452
1.0,56,28.036453
1.0,55,28.044421
1.0,53,28.051992
1.0,56,28.060001
1.0,60,28.06855
1.0,56,28.076644
0.0,18,28.079239
1.0,61,28.08795
1.0,53,28.09551
0.0,32,28.100218
1.0,51,28.107526
0.0,35,28.112881
0.0,25,28.116511
0.0,26,28.120239
1.0,52,28.127665
0.0,35,28.132703
0.0,35,28.13779
0.0,37,28.143136
1.0,52,28.150671
1.0,61,28.159359
0.0,41,28.165204
1.0,54,28.172943
1.0,50,28.180095
1.0,55,28.188037
0.0,12,28.189773
1.0,56,28.197855
1.0,54,28.205594
1.0,59,28.214015
1.0,51,28.221395
1.0,54,28.229517
0.0,31,28.233959
0.0,23,28.237298
1.0,54,28.245231
1.0,56,28.253348
0.0,36,28.258534
0.0,6,28.259455
1.0,59,28.267947
1.0,54,28.275677
0.0,4,28.276278
0.0,50,28.28343
1.0,56,28.291513
1.0,54,28.299307
1.0,52,28.306771
1.0,58,28.315078
0.0,26,28.318813
1.0,55,28.326754
0.0,19,28.329506
1.0,58,28.337817
0.0,23,28.341133
0.0,20,28.344053
1.0,52,28.351527
0.0,42,28.357678
1.0,58,28.36599
1.0,52,28.373446
0.0,22,28.376611
0.0,22,28.379778
1.0,52,28.387239
1.0,52,28.394797
1.0,53,28.402491
0.0,39,28.408084
1.0,57,28.416252
1.0,56,28.424275
1.0,52,28.431855
1.0,59,28.440297
1.0,56,28.448338
0.0,19,28.451086
1.0,56,28.459088
1.0,50,28.466323
1.0,54,28.474057
0.0,8,28.475233
1.0,54,28.482972
1.0,54,28.490721
1.0,54,28.4986
1.0,55,28.506477
1.0,58,28.514752
1.0,55,28.522635
1.0,57,28.530798
1.0,59,28.539269
1.0,53,28.546861
1.0,52,28.554335
1.0,54,28.562071
0.0,20,28.564959
1.0,57,28.57325
0.0,28,28.577271
1.0,63,28.586257
0.0,25,28.589853
1.0,50,28.597006
0.0,31,28.601521
1.0,51,28.608931
1.0,53,28.616542
1.0,54,28.624267
1.0,56,28.63229
1.0,51,28.639701
1.0,54,28.647474
0.0,48,28.654362
0.0,4,28.65496
1.0,51,28.662274
1.0,55,28.670161
1.0,56,28.678289
1.0,60,28.686858
0.0,48,28.693725
1.0,57,28.701943
0.0,22,28.705122
1.0,57,28.713613
0.0,42,28.71971
1.0,51,28.727119
1.0,53,28.734708
1.0,52,28.742199
1.0,58,28.750598
0.0,22,28.753774
1.0,53,28.761362
0.0,34,28.766255
0.0,43,28.772407
1.0,55,28.780307
1.0,53,28.787901
1.0,50,28.795074
1.0,53,28.802716
1.0,55,28.810591
1.0,54,28.818484
1.0,54,28.826488
1.0,55,28.834583
1.0,63,28.843605
1.0,54,28.851545
0.0,46,28.858288
1.0,60,28.866879
0.0,4,28.867477
0.0,22,28.870627
0.0,9,28.871932
1.0,52,28.87939
1.0,53,28.887101
1.0,51,28.894413
1.0,53,28.90205
0.0,4,28.902684
1.0,53,28.910272
0.0,29,28.91446
1.0,52,28.92201
1.0,53,28.929617
0.0,8,28.930791
1.0,53,28.938376
1.0,55,28.946249
1.0,50,28.953443
1.0,55,28.961366
1.0,54,28.969097
0.0,45,28.975551
1.0,55,28.983421
1.0,54,28.991252
1.0,59,28.999761
0.0,16,29.002068
1.0,60,29.010637
0.0,27,29.014518
1.0,57,29.022659
0.0,33,29.027507
0.0,15,29.029669
0.0,44,29.035994
1.0,52,29.04346
0.0,16,29.045769
1.0,57,29.053929
1.0,58,29.06235
1.0,51,29.06965
0.0,4,29.070246
0.0,31,29.074709
0.0,6,29.07559
1.0,58,29.083879
1.0,58,29.092191
0.0,35,29.097348
1.0,56,29.105452
1.0,52,29.112915
1.0,55,29.12097
0.0,39,29.126622
1.0,52,29.13422
0.0,41,29.140104
1.0,50,29.147282
0.0,4,29.147878
0.0,33,29.152611
1.0,58,29.160894
0.0,17,29.163341
1.0,55,29.171234
0.0,43,29.177401
0.0,35,29.182409
0.0,20,29.185279
0.0,27,29.189162
0.0,43,29.195336
0.0,37,29.20067
1.0,51,29.20802
0.0,19,29.210765
0.0,31,29.215219
1.0,65,29.224501
1.0,56,29.232525
1.0,53,29.240177
1.0,54,29.247905
1.0,53,29.255491
0.0,39,29.261135
1.0,56,29.269143
0.0,17,29.271621
0.0,14,29.273634
1.0,60,29.282854
0.0,27,29.28681
0.0,45,29.293295
0.0,19,29.29603
0.0,21,29.29911
0.0,17,29.301558
1.0,53,29.309171
1.0,61,29.318148
1.0,59,29.326633
1.0,50,29.333781
0.0,22,29.336943
1.0,59,29.345432
1.0,60,29.354068
0.0,12,29.355804
1.0,55,29.363639
0.0,30,29.367942
1.0,52,29.375364
1.0,53,29.382969
1.0,54,29.390671
1.0,55,29.398553
0.0,4,29.399201
1.0,52,29.406646
1.0,58,29.415678
0.0,17,29.418132
1.0,53,29.425757
1.0,55,29.433722
1.0,58,29.442025
0.0,19,29.444774
0.0,4,29.445373
1.0,54,29.453131
0.0,12,29.454879
1.0,55,29.462812
0.0,29,29.466963
1.0,58,29.475239
1.0,55,29.483185
1.0,59,29.491627
0.0,27,29.495512
1.0,50,29.502752
1.0,50,29.509908
0.0,25,29.513486
0.0,22,29.516655
0.0,22,29.519909
1.0,56,29.527905
1.0,53,29.53548
1.0,54,29.543196
1.0,58,29.551483
0.0,12,29.553297
1.0,52,29.560748
1.0,58,29.569027
1.0,55,29.576925
1.0,56,29.584936
0.0,39,29.590575
0.0,17,29.593029
1.0,54,29.600832
0.0,24,29.604273
1.0,62,29.613163
1.0,55,29.621037
1.0,57,29.629213
0.0,26,29.63294
1.0,53,29.640507
1.0,52,29.647946
1.0,60,29.656509
0.0,12,29.658317
0.0,20,29.661199
1.0,57,29.669348
1.0,61,29.678088
0.0,21,29.681116
0.0,21,29.684145
1.0,53,29.691733
1.0,59,29.700374
1.0,51,29.707669
0.0,38,29.71313
0.0,41,29.719014
1.0,57,29.72721
1.0,53,29.73492
1.0,59,29.743356
1.0,59,29.751776
1.0,63,29.760779
1.0,60,29.769392
0.0,12,29.771134
1.0,55,29.778992
1.0,53,29.78658
1.0,53,29.79415
1.0,64,29.803456
1.0,61,29.812225
0.0,16,29.814546
1.0,52,29.822081
0.0,30,29.826392
1.0,61,29.835179
1.0,54,29.842921
1.0,51,29.850235
0.0,22,29.85346
0.0,43,29.859612
1.0,57,29.867774
1.0,57,29.87598
1.0,56,29.883986
1.0,63,29.893003
0.0,16,29.895329
0.0,15,29.897488
0.0,35,29.902601
1.0,56,29.910689
1.0,58,29.919272
1.0,61,29.927979
1.0,55,29.935863
1.0,52,29.94334
0.0,38,29.948848
0.0,21,29.951884
0.0,20,29.954767
0.0,34,29.959671
1.0,52,29.967137
1.0,52,29.974598
1.0,53,29.982169
1.0,53,29.989771
0.0,8,29.990945
1.0,53,29.998604
1.0,51,30.00598
1.0,59,30.014476
1.0,54,30.022221
1.0,51,30.029579
0.0,44,30.035905
0.0,42,30.041949
0.0,14,30.043977
0.0,20,30.04695
0.0,16,30.049259
0.0,38,30.054719
0.0,9,30.056032
1.0,54,30.063757
0.0,4,30.064355
1.0,59,30.072781
1.0,54,30.080553
1.0,51,30.087842
1.0,57,30.095991
1.0,56,30.104059
0.0,12,30.10579
1.0,58,30.114074
0.0,38,30.119654
1.0,52,30.127104
1.0,55,30.134963
1.0,60,30.143527
0.0,29,30.147688
0.0,19,30.150474
1.0,52,30.157922
1.0,54,30.165646
0.0,28,30.169676
1.0,58,30.177959
1.0,54,30.185719
1.0,56,30.193711
1.0,55,30.201615
0.0,37,30.206935
0.0,12,30.208671
1.0,55,30.216544
0.0,6,30.217432
1.0,56,30.225567
0.0,31,30.230029
0.0,18,30.232626
1.0,52,30.240069
1.0,50,30.247272
1.0,53,30.254852
0.0,31,30.259631
0.0,19,30.262415
1.0,53,30.27006
1.0,56,30.278324
1.0,53,30.285915
1.0,59,30.294612
1.0,63,30.303842
1.0,54,30.311628
1.0,51,30.318905
1.0,55,30.326804
1.0,60,30.335346
1.0,52,30.342781
1.0,55,30.350645
0.0,23,30.353945
0.0,12,30.35568
1.0,53,30.36332
1.0,52,30.370767
1.0,50,30.377928
1.0,54,30.385663
1.0,65,30.394921
1.0,50,30.402225
0.0,37,30.407535
1.0,56,30.415539
0.0,15,30.417698
0.0,21,30.420717
1.0,55,30.428595
0.0,21,30.431651
0.0,4,30.432246
0.0,6,30.43312
0.0,9,30.434426
1.0,57,30.442569
0.0,37,30.447901
1.0,58,30.456207
1.0,56,30.464226
0.0,12,30.465997
1.0,63,30.475019
1.0,51,30.482328
1.0,56,30.490358
1.0,52,30.49781
1.0,54,30.505628
1.0,54,30.513472
1.0,53,30.521298
1.0,56,30.529321
0.0,23,30.53264
1.0,55,30.540565
0.0,20,30.543436
1.0,52,30.550928
1.0,57,30.559093
1.0,53,30.566687
0.0,32,30.571311
1.0,58,30.579622
0.0,18,30.582213
0.0,19,30.584955
0.0,27,30.588832
1.0,53,30.59643
0.0,33,30.601241
1.0,52,30.608737
1.0,53,30.616369
0.0,23,30.619689
0.0,33,30.624415
1.0,61,30.633122
0.0,29,30.637311
1.0,57,30.645504
1.0,54,30.653228
0.0,29,30.657403
1.0,53,30.664992
0.0,6,30.665877
1.0,54,30.673607
0.0,14,30.675635
1.0,61,30.684398
1.0,53,30.69199
0.0,43,30.69819
1.0,54,30.705967
0.0,19,30.708708
1.0,61,30.717454
1.0,53,30.725098
1.0,58,30.733386
1.0,54,30.741104
1.0,54,30.748868
0.0,4,30.749464
0.0,15,30.75162
1.0,54,30.75939
1.0,61,30.768108
1.0,57,30.776249
0.0,33,30.780998
0.0,6,30.781904
1.0,57,30.790085
0.0,21,30.793119
0.0,8,30.794294
1.0,54,30.802102
0.0,22,30.805277
1.0,62,30.81415
1.0,56,30.822224
1.0,59,30.830851
0.0,8,30.832017
0.0,31,30.836589
0.0,28,30.840658
0.0,27,30.844589
0.0,4,30.845187
0.0,29,30.8494
0.0,20,30.852324
0.0,4,30.852923
0.0,39,30.858531
0.0,25,30.862134
1.0,53,30.869761
1.0,57,30.877913
0.0,17,30.880373
1.0,54,30.888146
0.0,16,30.890458
1.0,58,30.898766
0.0,4,30.899364
1.0,62,30.908275
1.0,54,30.91605
1.0,66,30.925529
1.0,57,30.93383
1.0,58,30.942145
1.0,51,30.94948
1.0,58,30.957824
0.0,34,30.962835
1.0,64,30.971977
0.0,8,30.973151
0.0,48,30.980054
1.0,53,30.987655
1.0,63,30.996697
0.0,18,30.999297
0.0,8,31.00047
0.0,17,31.002996
1.0,55,31.010877
0.0,39,31.016489
0.0,34,31.021377
1.0,50,31.028601
1.0,62,31.037512
1.0,56,31.045541
1.0,57,31.053707
1.0,55,31.0616
1.0,56,31.069673
0.0,29,31.073849
1.0,63,31.082895
1.0,50,31.090072
1.0,63,31.099184
1.0,59,31.107798
1.0,57,31.116255
1.0,57,31.124459
0.0,48,31.131368
1.0,56,31.13948
1.0,62,31.148419
1.0,55,31.156307
1.0,51,31.163641
0.0,46,31.170306
1.0,53,31.177929
1.0,54,31.185683
1.0,56,31.1937
0.0,31,31.19816
1.0,54,31.206067
1.0,58,31.214369
1.0,53,31.221966
1.0,62,31.230842
0.0,33,31.235601
0.0,39,31.241274
1.0,51,31.248601
1.0,58,31.25691
1.0,54,31.264742
1.0,56,31.272771
1.0,58,31.28111
1.0,56,31.28915
1.0,50,31.296343
0.0,36,31.301543
1.0,57,31.309751
1.0,57,31.317921
1.0,54,31.325665
1.0,57,31.333829
1.0,53,31.341473
0.0,41,31.347399
0.0,45,31.353847
1.0,60,31.362445
0.0,48,31.369426
1.0,51,31.376749
0.0,12,31.378487
0.0,6,31.379411
1.0,55,31.387292
0.0,44,31.393612
1.0,52,31.401059
1.0,63,31.410123
1.0,57,31.418369
0.0,29,31.422546
1.0,52,31.430029
0.0,8,31.431199
1.0,58,31.439509
1.0,52,31.446965
0.0,10,31.448424
1.0,52,31.45597
1.0,50,31.463152
1.0,61,31.471877
1.0,51,31.479192
0.0,19,31.48193
1.0,56,31.490037
1.0,57,31.498232
1.0,53,31.505921
0.0,4,31.506525
0.0,4,31.507123
1.0,58,31.515435
1.0,54,31.523307
0.0,4,31.523905
0.0,30,31.528221
0.0,29,31.532393
1.0,51,31.539721
0.0,14,31.54175
1.0,60,31.550333
0.0,27,31.55421
0.0,12,31.556069
1.0,59,31.564527
1.0,58,31.572818
1.0,58,31.581107
1.0,58,31.589394
1.0,55,31.597384
1.0,53,31.605051
1.0,52,31.612525
1.0,57,31.620678
1.0,53,31.628468
1.0,52,31.636021
1.0,55,31.643995
1.0,52,31.651439
1.0,64,31.660671
1.0,56,31.66868
0.0,4,31.669274
0.0,19,31.672011
1.0,50,31.679183
1.0,54,31.68693
1.0,52,31.694393
1.0,56,31.702762
1.0,51,31.71009
1.0,55,31.718222
0.0,25,31.721821
0.0,6,31.722779
1.0,50,31.729992
0.0,41,31.736169
0.0,42,31.742293
0.0,4,31.74289
1.0,55,31.750765
1.0,58,31.759066
1.0,51,31.766422
1.0,52,31.773859
1.0,65,31.783109
1.0,54,31.790838
1.0,57,31.798964
1.0,53,31.806626
0.0,17,31.809072
1.0,58,31.81732
1.0,53,31.8249
1.0,56,31.832938
1.0,56,31.840957
1.0,55,31.848799
0.0,32,31.853398
0.0,18,31.855985
1.0,53,31.863572
0.0,29,31.867744
0.0,45,31.874215
1.0,54,31.88192
1.0,51,31.889235
1.0,57,31.89739
1.0,55,31.905347
1.0,53,31.912983
0.0,38,31.918429
0.0,33,31.923169
1.0,53,31.930745
1.0,51,31.938048
1.0,54,31.945851
1.0,54,31.953602
1.0,51,31.960902
0.0,18,31.9635
1.0,57,31.971633
1.0,50,31.97884
1.0,52,31.986279
1.0,55,31.994246
1.0,56,32.00231
1.0,52,32.009736
1.0,57,32.017913
0.0,6,32.018794
1.0,53,32.026329
1.0,59,32.034749
1.0,52,32.042221
1.0,55,32.050122
1.0,53,32.057694
1.0,52,32.065125
1.0,52,32.072566
0.0,42,32.07866
0.0,13,32.080534
1.0,56,32.089272
1.0,55,32.097147
0.0,30,32.101453
1.0,57,32.109721
1.0,53,32.117376
1.0,50,32.124542
1.0,54,32.132264
1.0,55,32.14016
0.0,37,32.145463
1.0,54,32.153299
1.0,55,32.161169
0.0,6,32.162051
0.0,18,32.164648
1.0,54,32.172375
1.0,53,32.17995
0.0,34,32.184821
0.0,37,32.190239
1.0,52,32.197693
0.0,18,32.200287
1.0,54,32.208076
1.0,58,32.216381
1.0,59,32.224931
0.0,30,32.229234
0.0,17,32.2317
1.0,61,32.240417
1.0,52,32.247864
1.0,56,32.255884
1.0,54,32.263788
0.0,4,32.264384
0.0,39,32.269969
0.0,17,32.27243
1.0,52,32.27988
0.0,14,32.281906
0.0,4,32.282505
1.0,57,32.290672
1.0,52,32.298221
0.0,23,32.301532
1.0,57,32.309767
0.0,8,32.310938
1.0,56,32.3192
1.0,52,32.326671
0.0,9,32.328064
0.0,4,32.328658
1.0,59,32.337064
1.0,60,32.345619
1.0,58,32.353934
0.0,44,32.360229
1.0,56,32.368385
1.0,62,32.377232
0.0,22,32.380394
0.0,17,32.382841
1.0,58,32.391127
1.0,61,32.399899
0.0,34,32.404837
1.0,56,32.412837
1.0,58,32.42113
0.0,44,32.42742
0.0,23,32.430727
1.0,51,32.43816
1.0,53,32.445715
0.0,29,32.449876
1.0,50,32.457075
1.0,60,32.465723
0.0,17,32.468183
1.0,56,32.476225
0.0,20,32.479105
1.0,56,32.4871
1.0,58,32.495394
1.0,50,32.502551
1.0,54,32.51041
0.0,4,32.51101
0.0,14,32.51303
0.0,45,32.519464
0.0,15,32.521621
1.0,54,32.529358
1.0,54,32.537074
1.0,56,32.545157
0.0,25,32.548753
1.0,55,32.556605
1.0,51,32.563889
0.0,35,32.568883
1.0,54,32.576733
1.0,52,32.584195
1.0,63,32.593173
1.0,51,32.600486
0.0,17,32.603009
0.0,15,32.60516
1.0,52,32.612679
1.0,56,32.620768
1.0,60,32.629334
0.0,14,32.631362
1.0,54,32.639077
1.0,54,32.646937
1.0,61,32.655638
1.0,54,32.66335
1.0,55,32.671208
0.0,21,32.674213
0.0,16,32.676506
0.0,36,32.681763
0.0,39,32.687344
0.0,6,32.688222
1.0,50,32.695382
1.0,58,32.70371
1.0,53,32.711347
1.0,55,32.719316
0.0,21,32.722332
0.0,30,32.726715
0.0,8,32.727888
1.0,58,32.736136
1.0,52,32.743572
1.0,54,32.751367
1.0,52,32.758806
0.0,6,32.759687
0.0,21,32.762701
1.0,56,32.770692
0.0,29,32.77486
0.0,4,32.775455
1.0,56,32.783456
0.0,12,32.785298
1.0,54,32.79303
1.0,62,32.801871
0.0,31,32.806381
0.0,12,32.808117
1.0,57,32.816234
1.0,56,32.824355
0.0,35,32.829411
1.0,54,32.837256
0.0,30,32.841559
0.0,45,32.847996
1.0,55,32.855975
1.0,54,32.863679
0.0,6,32.864566
0.0,17,32.867011
1.0,55,32.87487
1.0,54,32.882604
0.0,33,32.887342
0.0,45,32.893895
1.0,62,32.902722
0.0,4,32.903385
0.0,43,32.909523
0.0,39,32.915095
1.0,59,32.923802
0.0,22,32.92704
1.0,55,32.934886
0.0,41,32.940744
0.0,44,32.947067
0.0,48,32.953903
0.0,6,32.954784
1.0,62,32.963701
1.0,51,32.970977
1.0,54,32.978693
1.0,51,32.985973
0.0,23,32.989284
1.0,64,32.998492
0.0,27,33.002364
1.0,56,33.010411
0.0,37,33.01571
1.0,55,33.023555
0.0,22,33.02672
0.0,38,33.03227
1.0,52,33.039693
0.0,27,33.043557
0.0,18,33.046139
1.0,57,33.05427
0.0,28,33.05829
1.0,54,33.066104
1.0,56,33.074136
1.0,54,33.081857
0.0,50,33.088996
1.0,54,33.096752
0.0,4,33.097348
0.0,17,33.099787
1.0,59,33.108407
0.0,27,33.11233
0.0,44,33.118642
1.0,52,33.12607
1.0,52,33.133543
1.0,52,33.141321
1.0,53,33.148927
1.0,52,33.156608
0.0,22,33.159827
1.0,55,33.167753
1.0,56,33.176063
1.0,60,33.18476
1.0,62,33.193684
0.0,26,33.197408
1.0,57,33.205617
0.0,21,33.208719
1.0,57,33.216849
1.0,50,33.224267
0.0,40,33.230016
0.0,41,33.236014
1.0,56,33.244335
0.0,19,33.247072
1.0,59,33.255538
1.0,60,33.264201
1.0,53,33.271791
1.0,54,33.279619
1.0,52,33.287064
0.0,26,33.290798
0.0,36,33.295944
0.0,5,33.296684
0.0,31,33.301157
0.0,4,33.301751
0.0,8,33.302917
1.0,56,33.310989
0.0,6,33.31187
0.0,34,33.316849
0.0,19,33.319582
1.0,54,33.327295
0.0,14,33.329308
1.0,56,33.337295
0.0,43,33.343443
0.0,10,33.344882
1.0,58,33.353304
0.0,34,33.358172
0.0,21,33.361192
1.0,54,33.36889
1.0,51,33.376181
1.0,52,33.383699
1.0,56,33.391682
0.0,10,33.393131
1.0,60,33.40167
0.0,42,33.407725
0.0,25,33.411311
1.0,58,33.419673
0.0,10,33.421117
1.0,56,33.429117
1.0,54,33.436826
1.0,54,33.444526
1.0,65,33.453942
0.0,31,33.458383
0.0,30,33.462674
1.0,51,33.469946
1.0,54,33.477665
1.0,63,33.486648
1.0,57,33.494935
0.0,37,33.500243
1.0,50,33.507431
1.0,54,33.515145
0.0,8,33.516319
1.0,53,33.524397
1.0,60,33.532985
1.0,56,33.540976
1.0,53,33.548542
0.0,24,33.55199
0.0,14,33.554039
0.0,6,33.554923
1.0,52,33.562461
1.0,56,33.57044
1.0,58,33.57872
0.0,8,33.579885
1.0,56,33.587867
1.0,52,33.595424
1.0,53,33.603012
0.0,8,33.60425
1.0,50,33.611414
0.0,18,33.614039
1.0,54,33.621803
1.0,55,33.629734
0.0,25,33.633332
1.0,57,33.641505
1.0,59,33.649923
0.0,43,33.65607
1.0,63,33.665198
0.0,23,33.668514
1.0,63,33.677494
1.0,57,33.685644
1.0,51,33.69294
1.0,58,33.701351
1.0,56,33.709389
1.0,60,33.717958
1.0,60,33.726691
0.0,8,33.727856
0.0,19,33.730606
1.0,53,33.73831
1.0,53,33.74588
1.0,52,33.753309
1.0,51,33.760579
1.0,50,33.767742
1.0,51,33.775273
1.0,52,33.782812
0.0,19,33.78555
1.0,60,33.79419
1.0,59,33.802735
0.0,6,33.803606
1.0,52,33.811153
1.0,52,33.818591
1.0,54,33.826298
1.0,53,33.833908
1.0,52,33.841436
0.0,22,33.844611
1.0,64,33.853764
1.0,50,33.86093
0.0,27,33.864826
1.0,56,33.872836
1.0,55,33.88076
1.0,56,33.888756
1.0,59,33.897184
1.0,59,33.905667
1.0,52,33.913132
0.0,44,33.919431
1.0,53,33.926981
1.0,56,33.935096
0.0,17,33.937545
1.0,53,33.945141
0.0,34,33.950007
0.0,21,33.95304
1.0,54,33.960759
1.0,56,33.968837
0.0,40,33.974576
1.0,54,33.982356
0.0,43,33.988513
1.0,52,33.995955
1.0,53,34.00357
1.0,57,34.011758
0.0,8,34.01292
1.0,55,34.020839
1.0,58,34.029115
1.0,56,34.037119
1.0,52,34.044544
1.0,55,34.052431
1.0,56,34.060484
0.0,28,34.064509
0.0,42,34.070518
1.0,56,34.078503
1.0,61,34.087263
1.0,59,34.095686
1.0,57,34.103806
1.0,57,34.112007
1.0,53,34.119771
1.0,51,34.127418
1.0,56,34.135403
1.0,62,34.144258
1.0,54,34.152016
0.0,19,34.154766
1.0,57,34.162969
1.0,52,34.170413
1.0,61,34.179126
0.0,22,34.182287
1.0,57,34.190408
1.0,51,34.197805
1.0,50,34.205076
1.0,58,34.213369
0.0,49,34.220373
0.0,35,34.225383
1.0,52,34.2329
1.0,56,34.240956
1.0,53,34.248541
0.0,29,34.252712
0.0,6,34.253597
1.0,54,34.261416
0.0,8,34.262577
1.0,53,34.270149
1.0,52,34.27759
1.0,52,34.285052
0.0,8,34.28622
1.0,61,34.294927
1.0,54,34.30275
1.0,53,34.310393
1.0,54,34.318109
1.0,55,34.325955
1.0,57,34.334192
1.0,60,34.342775
0.0,21,34.345792
1.0,56,34.353815
1.0,54,34.361568
0.0,14,34.363609
1.0,56,34.37171
0.0,51,34.378994
1.0,57,34.387138
0.0,30,34.391451
0.0,22,34.394597
0.0,20,34.397477
1.0,53,34.405212
1.0,52,34.412635
1.0,58,34.420909
1.0,54,34.42863
1.0,51,34.435968
0.0,30,34.440506
0.0,14,34.442533
1.0,55,34.450387
0.0,26,34.454111
1.0,54,34.461851
1.0,55,34.469736
0.0,6,34.470624
1.0,55,34.478569
0.0,18,34.481154
0.0,33,34.485871
1.0,61,34.49457
1.0,56,34.502565
1.0,57,34.510873
1.0,55,34.518715
1.0,57,34.526847
0.0,38,34.532296
1.0,55,34.540153
1.0,58,34.548529
0.0,34,34.553411
0.0,41,34.559295
1.0,59,34.567725
1.0,55,34.575588
1.0,54,34.583623
1.0,54,34.591742
0.0,14,34.593764
1.0,61,34.602566
1.0,61,34.611744
0.0,17,34.614332
1.0,58,34.622858
1.0,55,34.630789
1.0,53,34.63838
0.0,44,34.644686
1.0,51,34.652121
1.0,50,34.659287
0.0,21,34.662312
0.0,38,34.667751
0.0,23,34.671063
1.0,65,34.680329
0.0,31,34.684805
0.0,51,34.692108
1.0,58,34.70041
1.0,61,34.709178
1.0,58,34.717476
1.0,53,34.725244
1.0,50,34.732653
0.0,32,34.737288
1.0,61,34.746035
0.0,8,34.747201
1.0,53,34.754876
1.0,57,34.763052
0.0,13,34.764933
0.0,34,34.769807
1.0,57,34.777951
0.0,18,34.78056
1.0,52,34.787994
1.0,51,34.795377
0.0,36,34.800523
1.0,60,34.809133
0.0,39,34.81472
1.0,54,34.822443
1.0,60,34.831049
0.0,4,34.831648
0.0,8,34.832813
1.0,52,34.840309
1.0,52,34.847747
0.0,41,34.853637
1.0,56,34.86171
0.0,47,34.868429
0.0,37,34.873734
0.0,39,34.879333
1.0,50,34.886498
0.0,8,34.887664
0.0,27,34.891543
1.0,54,34.899358
0.0,18,34.901949
1.0,53,34.909602
1.0,52,34.917062
1.0,55,34.924922
0.0,16,34.927231
0.0,4,34.927828
0.0,29,34.932102
1.0,54,34.939809
1.0,52,34.947245
1.0,56,34.955237
1.0,54,34.962943
1.0,57,34.971186
1.0,59,34.979631
0.0,29,34.98379
1.0,54,34.99151
1.0,55,34.999479
1.0,53,35.007113
0.0,49,35.014112
0.0,4,35.014718
1.0,53,35.022296
1.0,52,35.029744
1.0,56,35.037846
1.0,54,35.045578
1.0,55,35.053445
0.0,38,35.058901
1.0,52,35.066338
1.0,61,35.075133
1.0,55,35.082997
1.0,54,35.090708
0.0,18,35.093292
1.0,56,35.101297
1.0,62,35.110315
1.0,60,35.118875
1.0,54,35.12659
1.0,54,35.134431
1.0,55,35.142416
1.0,57,35.150524
1.0,55,35.158387
1.0,51,35.165666
1.0,60,35.174241
0.0,41,35.180179
0.0,27,35.184063
0.0,44,35.190363
0.0,16,35.192663
1.0,51,35.199954
1.0,55,35.207821
0.0,46,35.214504
0.0,4,35.215135
1.0,55,35.222995
0.0,55,35.230924
0.0,26,35.234645
0.0,37,35.240069
1.0,53,35.247777
1.0,56,35.255785
1.0,55,35.263754
0.0,30,35.268054
0.0,14,35.270066
1.0,54,35.277814
0.0,47,35.28465
1.0,52,35.292087
1.0,60,35.300627
0.0,6,35.30151
0.0,14,35.303528
1.0,52,35.311027
1.0,54,35.31885
1.0,56,35.327198
1.0,59,35.335651
0.0,17,35.338093
0.0,37,35.343377
0.0,26,35.347105
0.0,14,35.349128
1.0,56,35.357265
1.0,52,35.36469
1.0,50,35.371895
0.0,42,35.377893
0.0,45,35.384316
0.0,31,35.388871
0.0,8,35.390039
1.0,54,35.397745
1.0,55,35.405667
1.0,61,35.414427
1.0,59,35.42293
1.0,59,35.431334
1.0,55,35.439299
0.0,10,35.440744
1.0,61,35.449425
0.0,44,35.455707
0.0,23,35.459075
1.0,55,35.466998
1.0,57,35.475127
0.0,24,35.478557
1.0,56,35.486543
1.0,55,35.494496
1.0,50,35.501628
1.0,50,35.508846
1.0,58,35.517124
0.0,6,35.518003
0.0,14,35.520024
1.0,55,35.527974
1.0,58,35.53625
1.0,56,35.544248
0.0,45,35.550675
0.0,21,35.553687
1.0,52,35.561183
0.0,44,35.567633
0.0,6,35.568511
0.0,29,35.572652
0.0,23,35.575937
1.0,56,35.583935
1.0,52,35.591386
0.0,4,35.591981
1.0,61,35.6008
1.0,52,35.608315
1.0,58,35.616612
1.0,52,35.624143
1.0,55,35.6322
1.0,53,35.639858
0.0,29,35.644051
1.0,53,35.651617
0.0,4,35.65221
0.0,12,35.653937
0.0,42,35.659964
1.0,53,35.667601
1.0,50,35.674749
0.0,30,35.679047
0.0,30,35.683352
1.0,60,35.69193
0.0,14,35.693947
1.0,61,35.702739
1.0,57,35.710997
0.0,43,35.717163
1.0,54,35.725065
0.0,40,35.730821
1.0,57,35.739033
0.0,35,35.744041
1.0,54,35.751751
1.0,56,35.759791
1.0,53,35.767349
0.0,6,35.768227
1.0,56,35.776328
1.0,57,35.78444
0.0,13,35.786318
1.0,57,35.794466
1.0,54,35.8022
0.0,21,35.805236
1.0,58,35.813687
1.0,52,35.821124
1.0,53,35.828687
1.0,56,35.836762
1.0,55,35.844766
1.0,58,35.853093
1.0,52,35.860528
1.0,58,35.868782
1.0,54,35.876504
0.0,30,35.880934
1.0,53,35.888563
1.0,54,35.896292
0.0,14,35.898323
0.0,37,35.903628
1.0,52,35.911133
1.0,52,35.918682
1.0,64,35.92782
1.0,59,35.936286
1.0,54,35.944023
1.0,55,35.951985
0.0,16,35.954284
0.0,19,35.957022
1.0,54,35.964721
1.0,54,35.97246
1.0,60,35.98104
0.0,32,35.98571
1.0,62,35.994534
1.0,54,36.00227
0.0,4,36.002869
0.0,8,36.004034
0.0,4,36.004626
0.0,42,36.010705
0.0,4,36.0113
1.0,61,36.020332
1.0,51,36.027866
1.0,59,36.036439
1.0,57,36.044691
1.0,54,36.05272
0.0,25,36.056422
1.0,54,36.064177
0.0,4,36.064768
1.0,56,36.072789
1.0,52,36.080272
1.0,53,36.087863
1.0,61,36.096569
1.0,54,36.104284
0.0,17,36.106735
1.0,55,36.114667
1.0,54,36.122411
0.0,42,36.128443
0.0,29,36.132595
0.0,4,36.133193
0.0,31,36.137647
1.0,64,36.146974
1.0,53,36.154654
1.0,51,36.16211
0.0,14,36.164173
0.0,32,36.168802
0.0,34,36.173704
0.0,18,36.176331
1.0,59,36.184847
0.0,40,36.19066
0.0,18,36.193245
1.0,59,36.201763
1.0,55,36.209635
0.0,21,36.21267
1.0,54,36.220385
1.0,53,36.227955
0.0,27,36.231914
0.0,40,36.237674
0.0,37,36.242974
1.0,54,36.250693
1.0,53,36.258298
1.0,57,36.266579
0.0,46,36.273184
1.0,61,36.281906
1.0,52,36.289355
1.0,61,36.298039
1.0,60,36.306671
0.0,8,36.30791
1.0,55,36.315781
1.0,53,36.323378
1.0,51,36.33071
1.0,54,36.338476
1.0,54,36.346291
1.0,53,36.353884
1.0,52,36.361331
1.0,60,36.369919
1.0,59,36.378457
0.0,14,36.380476
0.0,46,36.387068
1.0,51,36.394395
0.0,30,36.398705
1.0,55,36.406651
0.0,8,36.407889
1.0,65,36.417192
0.0,33,36.421935
0.0,27,36.425827
1.0,53,36.433421
0.0,6,36.434313
1.0,56,36.442398
0.0,30,36.446809
1.0,57,36.454933
1.0,54,36.462677
1.0,55,36.47055
0.0,37,36.475963
1.0,55,36.48385
1.0,56,36.491877
1.0,58,36.500237
0.0,28,36.504274
0.0,42,36.510329
1.0,52,36.517871
0.0,8,36.519045
1.0,52,36.526622
0.0,41,36.532507
1.0,58,36.540782
1.0,61,36.54962
1.0,58,36.557895
1.0,58,36.566183
1.0,55,36.57403
0.0,20,36.576907
0.0,27,36.580776
1.0,57,36.589025
1.0,59,36.597471
1.0,58,36.605771
1.0,50,36.613158
1.0,58,36.621518
1.0,55,36.629689
1.0,50,36.637056
0.0,19,36.639801
0.0,14,36.641821
1.0,57,36.649975
1.0,62,36.659017
1.0,55,36.666884
1.0,54,36.674613
0.0,16,36.676916
1.0,50,36.684066
1.0,53,36.691763
1.0,52,36.699214
1.0,54,36.70695
1.0,59,36.71544
1.0,52,36.723078
1.0,50,36.73025
1.0,53,36.737845
0.0,17,36.740308
1.0,56,36.748335
1.0,58,36.756624
0.0,8,36.7579
0.0,35,36.762923
1.0,54,36.770642
0.0,24,36.774098
0.0,9,36.775413
1.0,52,36.782856
1.0,52,36.790301
0.0,36,36.795551
1.0,53,36.803147
1.0,52,36.810666
1.0,51,36.81797
1.0,58,36.826288
1.0,55,36.834252
0.0,10,36.835712
0.0,15,36.837872
0.0,33,36.842688
1.0,63,36.851707
1.0,53,36.859293
1.0,54,36.867095
0.0,32,36.871697
0.0,35,36.87672
0.0,19,36.87947
0.0,31,36.883929
1.0,52,36.891377
0.0,18,36.893971
1.0,55,36.901899
1.0,54,36.909705
1.0,57,36.917914
1.0,52,36.925347
0.0,14,36.927407
0.0,21,36.930426
1.0,57,36.938688
0.0,31,36.943146
0.0,21,36.94615
1.0,61,36.954817
0.0,31,36.959257
1.0,57,36.967407
1.0,60,36.976161
0.0,9,36.977463
1.0,59,36.985891
1.0,54,36.993629
1.0,56,37.001633
0.0,6,37.00252
1.0,53,37.010246
1.0,57,37.018425
0.0,19,37.021163
1.0,53,37.028735
0.0,45,37.035191
0.0,41,37.041136
0.0,26,37.044868
1.0,59,37.053308
1.0,51,37.060599
0.0,14,37.062628
1.0,52,37.070081
0.0,37,37.07542
1.0,55,37.083311
1.0,53,37.09092
1.0,56,37.098922
1.0,52,37.106374
1.0,57,37.114746
0.0,42,37.120764
0.0,22,37.124009
0.0,8,37.125179
1.0,52,37.132686
0.0,43,37.138991
1.0,54,37.146825
0.0,21,37.149848
1.0,54,37.157595
1.0,51,37.164909
0.0,50,37.172088
0.0,21,37.175115
1.0,65,37.184471
0.0,27,37.188355
1.0,55,37.19623
1.0,54,37.204025
0.0,31,37.208571
1.0,56,37.216674
1.0,53,37.224341
0.0,16,37.22666
0.0,4,37.227257
1.0,62,37.236523
0.0,19,37.239259
1.0,56,37.247274
1.0,59,37.255747
1.0,53,37.263426
1.0,57,37.271629
1.0,53,37.2792
0.0,6,37.280089
1.0,57,37.28832
0.0,28,37.292349
0.0,6,37.293233
1.0,64,37.302414
1.0,51,37.309802
0.0,31,37.314254
1.0,53,37.321949
1.0,52,37.32941
0.0,30,37.333726
0.0,16,37.336035
0.0,35,37.341062
0.0,30,37.345389
1.0,55,37.353295
1.0,52,37.36085
0.0,46,37.367449
0.0,16,37.369764
1.0,53,37.377356
1.0,50,37.384539
1.0,54,37.392395
0.0,20,37.395278
0.0,14,37.397303
1.0,57,37.405495
1.0,55,37.413445
1.0,53,37.421039
1.0,58,37.429438
1.0,52,37.43689
0.0,25,37.440494
0.0,4,37.441088
1.0,63,37.450076
1.0,54,37.458175
1.0,57,37.466484
1.0,58,37.475201
1.0,53,37.482858
1.0,60,37.491705
1.0,59,37.500436
1.0,53,37.507995
1.0,58,37.51638
1.0,57,37.524558
0.0,16,37.526872
1.0,61,37.53568
1.0,55,37.543503
0.0,42,37.549532
0.0,29,37.553698
1.0,55,37.561552
1.0,54,37.569396
1.0,66,37.578812
1.0,57,37.586946
0.0,17,37.589401
0.0,44,37.595706
0.0,40,37.601579
0.0,34,37.606452
1.0,56,37.614549
1.0,54,37.622333
1.0,60,37.630905
1.0,56,37.639094
1.0,57,37.647263
1.0,57,37.655421
1.0,61,37.66412
1.0,56,37.672269
1.0,58,37.680558
1.0,55,37.688417
1.0,56,37.696436
1.0,52,37.703919
1.0,55,37.711977
1.0,52,37.719429
0.0,13,37.721307
0.0,18,37.723968
1.0,51,37.73129
1.0,56,37.739299
1.0,52,37.74756
0.0,38,37.753002
1.0,57,37.761246
1.0,50,37.768419
1.0,52,37.77588
1.0,55,37.783849
1.0,52,37.791287
1.0,54,37.798985
1.0,56,37.806988
0.0,24,37.810482
1.0,55,37.818439
0.0,23,37.821738
0.0,40,37.827478
1.0,58,37.836102
1.0,56,37.844187
0.0,19,37.847038
0.0,14,37.849058
1.0,54,37.856775
0.0,41,37.862746
1.0,51,37.870043
1.0,57,37.878208
0.0,35,37.883368
1.0,61,37.892121
0.0,37,37.897439
0.0,20,37.900324
1.0,58,37.908629
1.0,55,37.91658
0.0,6,37.917573
1.0,58,37.925898
1.0,52,37.933367
1.0,50,37.940516
0.0,8,37.941679
1.0,54,37.949429
1.0,52,37.956978
1.0,57,37.965114
0.0,27,37.969014
1.0,54,37.976739
1.0,51,37.984028
0.0,14,37.986048
0.0,19,37.9889
1.0,60,37.997475
0.0,19,38.00022
1.0,57,38.008374
1.0,59,38.016881
1.0,53,38.024541
1.0,55,38.032454
0.0,42,38.038467
0.0,23,38.041759
1.0,58,38.050041
0.0,25,38.053652
0.0,6,38.054578
1.0,57,38.062833
0.0,4,38.06343
1.0,54,38.071162
1.0,53,38.07875
0.0,7,38.079764
1.0,56,38.087772
0.0,25,38.091376
0.0,40,38.097199
1.0,55,38.105069
1.0,58,38.113392
1.0,54,38.121135
1.0,54,38.128982
1.0,66,38.138407
1.0,52,38.145856
1.0,59,38.154356
1.0,62,38.163309
1.0,54,38.171031
0.0,42,38.177057
1.0,53,38.184646
1.0,54,38.192357
1.0,52,38.199853
0.0,20,38.202734
0.0,8,38.203896
1.0,57,38.212084
1.0,55,38.219927
1.0,57,38.228387
1.0,56,38.236493
0.0,8,38.237667
1.0,52,38.24531
0.0,6,38.246196
1.0,54,38.253934
1.0,57,38.262131
1.0,60,38.270787
1.0,56,38.27885
1.0,58,38.287135
0.0,40,38.292863
1.0,56,38.30089
1.0,53,38.308558
1.0,61,38.31732
1.0,55,38.325185
1.0,52,38.332717
1.0,56,38.340827
1.0,59,38.349252
1.0,56,38.357263
1.0,57,38.365418
1.0,56,38.373421
0.0,8,38.374653
0.0,40,38.380393
0.0,6,38.381277
0.0,6,38.382152
1.0,50,38.389305
1.0,60,38.397897
1.0,51,38.405204
0.0,28,38.409339
1.0,65,38.418706
1.0,50,38.425886
0.0,45,38.432611
1.0,54,38.440614
1.0,51,38.448006
1.0,60,38.456779
0.0,25,38.460394
0.0,18,38.462997
1.0,62,38.471893
1.0,54,38.479771
0.0,37,38.485102
1.0,54,38.492851
0.0,43,38.499029
0.0,6,38.499915
1.0,53,38.50751
0.0,33,38.512333
1.0,57,38.520604
1.0,56,38.528614
1.0,50,38.53913
0.0,34,38.544311
1.0,62,38.553607
1.0,50,38.561084
1.0,59,38.569838
1.0,52,38.577633
1.0,52,38.585437
1.0,55,38.59364
1.0,55,38.601836
1.0,55,38.61002
0.0,12,38.611872
0.0,19,38.614715
1.0,53,38.622567
0.0,14,38.624629
1.0,56,38.632841
1.0,53,38.640593
1.0,50,38.647894
0.0,42,38.653955
1.0,55,38.661959
0.0,4,38.662562
0.0,32,38.66717
1.0,52,38.674718
1.0,55,38.682585
1.0,52,38.690037
1.0,52,38.697562
0.0,28,38.701586
0.0,44,38.707932
1.0,53,38.715627
1.0,55,38.723635
1.0,54,38.731531
1.0,52,38.738969
0.0,22,38.74214
1.0,61,38.750844
0.0,8,38.752008
0.0,6,38.752887
0.0,36,38.758049
1.0,54,38.765887
0.0,19,38.768632
0.0,29,38.772797
0.0,44,38.779104
1.0,52,38.786552
1.0,59,38.794995
0.0,40,38.800843
1.0,54,38.808579
0.0,19,38.811367
1.0,59,38.819799
1.0,54,38.827537
0.0,12,38.829276
0.0,4,38.82987
1.0,59,38.838439
0.0,44,38.844744
1.0,62,38.8536
1.0,54,38.861327
0.0,44,38.867715
1.0,56,38.875706
1.0,53,38.883306
0.0,20,38.886185
0.0,17,38.888649
1.0,55,38.896511
0.0,35,38.901633
0.0,17,38.904073
1.0,53,38.912099
1.0,58,38.920725
0.0,46,38.927411
1.0,54,38.93532
0.0,20,38.938295
1.0,61,38.9474
1.0,58,38.955718
0.0,4,38.956314
0.0,23,38.959643
0.0,19,38.962371
0.0,43,38.968513
1.0,53,38.976167
1.0,57,38.984319
1.0,62,38.99317
1.0,58,39.001468
1.0,54,39.00928
1.0,52,39.016801
1.0,53,39.024381
1.0,52,39.031953
1.0,52,39.039417
0.0,36,39.044677
1.0,53,39.052558
0.0,31,39.057039
0.0,14,39.059067
0.0,23,39.062383
1.0,54,39.070121
1.0,55,39.078082
0.0,24,39.081573
0.0,6,39.082464
0.0,17,39.084911
1.0,59,39.093411
0.0,6,39.094297
0.0,17,39.096749
0.0,17,39.099207
1.0,53,39.106799
1.0,53,39.114501
1.0,55,39.122454
0.0,16,39.124768
0.0,21,39.127829
1.0,57,39.13597
1.0,52,39.143474
1.0,62,39.152406
0.0,34,39.157286
1.0,56,39.165304
0.0,40,39.171065
1.0,56,39.17908
0.0,41,39.185025
1.0,58,39.193303
0.0,38,39.198762
1.0,54,39.206489
1.0,58,39.21481
0.0,33,39.219669
1.0,52,39.227104
0.0,39,39.232701
0.0,27,39.236577
0.0,46,39.243205
1.0,51,39.250516
1.0,56,39.258628
0.0,42,39.264746
0.0,39,39.270328
1.0,54,39.278037
1.0,52,39.285476
0.0,14,39.2875
1.0,58,39.295909
1.0,51,39.303235
1.0,57,39.311439
0.0,10,39.312881
0.0,29,39.317052
1.0,55,39.325017
0.0,49,39.332027
1.0,57,39.340171
1.0,53,39.347741
1.0,64,39.356867
0.0,38,39.362439
0.0,26,39.366169
0.0,8,39.367336
0.0,6,39.368209
1.0,53,39.375844
0.0,46,39.382445
1.0,56,39.39045
1.0,53,39.398138
1.0,59,39.406582
1.0,57,39.414806
1.0,56,39.422805
0.0,32,39.427395
1.0,53,39.435212
1.0,55,39.443044
1.0,54,39.450778
0.0,14,39.45281
0.0,24,39.456268
0.0,43,39.462443
1.0,58,39.470859
1.0,58,39.479132
1.0,55,39.486989
0.0,17,39.489439
0.0,12,39.491175
1.0,50,39.498332
0.0,19,39.501175
1.0,54,39.508917
0.0,21,39.511996
1.0,63,39.520993
1.0,59,39.529417
1.0,54,39.537225
0.0,39,39.542823
1.0,52,39.550273
1.0,55,39.558127
1.0,58,39.566423
0.0,14,39.56845
1.0,54,39.576274
1.0,56,39.584275
0.0,32,39.58887
1.0,56,39.596888
0.0,16,39.599199
0.0,12,39.600932
0.0,6,39.601812
0.0,15,39.603976
0.0,8,39.605252
1.0,54,39.613057
0.0,8,39.614222
0.0,6,39.615099
1.0,55,39.623048
1.0,58,39.63141
0.0,10,39.632857
0.0,37,39.638641
1.0,56,39.646829
0.0,42,39.652822
1.0,57,39.660953
1.0,53,39.668577
1.0,55,39.676522
0.0,17,39.678982
0.0,46,39.685584
0.0,21,39.688609
0.0,44,39.694903
1.0,56,39.702896
1.0,59,39.711423
1.0,57,39.719624
1.0,56,39.727703
1.0,61,39.736388
1.0,58,39.744654
1.0,53,39.752313
1.0,50,39.759472
1.0,55,39.767358
0.0,6,39.768244
1.0,57,39.776378
0.0,18,39.778978
1.0,54,39.786806
1.0,54,39.794523
0.0,29,39.798676
1.0,60,39.807244
1.0,63,39.816392
0.0,29,39.820555
1.0,50,39.827749
0.0,27,39.831621
1.0,56,39.839638
0.0,33,39.84437
0.0,18,39.847003
0.0,42,39.853134
1.0,56,39.861144
0.0,44,39.86745
1.0,65,39.87674
1.0,56,39.884811
1.0,58,39.893193
0.0,14,39.895214
1.0,56,39.903183
1.0,52,39.910726
0.0,30,39.915164
1.0,54,39.922986
1.0,55,39.93085
1.0,56,39.938819
1.0,60,39.947506
1.0,53,39.955118
1.0,56,39.963222
1.0,53,39.971004
1.0,58,39.979335
1.0,50,39.98652
1.0,53,39.994218
1.0,56,40.002242
1.0,50,40.009408
1.0,55,40.017353
1.0,58,40.02564
1.0,59,40.034163
1.0,62,40.04303
1.0,51,40.050334
1.0,56,40.058328
0.0,39,40.064044
1.0,55,40.071921
0.0,17,40.074368
0.0,18,40.07696
1.0,57,40.085212
1.0,59,40.093662
1.0,52,40.101215
1.0,54,40.108984
0.0,47,40.115791
1.0,50,40.122961
1.0,54,40.130733
1.0,54,40.13895
1.0,60,40.147647
1.0,57,40.15589
1.0,59,40.164452
0.0,33,40.16933
0.0,25,40.172978
1.0,55,40.180844
1.0,55,40.18872
1.0,51,40.196068
1.0,59,40.204676
1.0,55,40.212726
1.0,53,40.220318
1.0,56,40.228521
0.0,22,40.231688
1.0,58,40.240485
1.0,55,40.248425
1.0,58,40.256744
1.0,53,40.264408
0.0,42,40.270472
0.0,42,40.276597
1.0,58,40.284886
0.0,18,40.287492
1.0,54,40.295212
1.0,55,40.303092
0.0,42,40.309181
1.0,58,40.317516
1.0,53,40.325122
0.0,14,40.327162
1.0,61,40.335892
1.0,58,40.344307
0.0,4,40.344907
1.0,58,40.353484
1.0,53,40.361217
1.0,50,40.3684
0.0,30,40.372734
1.0,56,40.381334
0.0,17,40.383867
1.0,52,40.391359
1.0,55,40.399611
1.0,54,40.407387
0.0,4,40.407984
1.0,55,40.416028
1.0,52,40.423524
1.0,54,40.431279
1.0,50,40.438445
0.0,37,40.443761
1.0,52,40.451387
1.0,54,40.459154
1.0,58,40.467452
1.0,61,40.476169
0.0,14,40.478199
1.0,56,40.486326
0.0,48,40.493199
0.0,38,40.498647
0.0,17,40.501105
1.0,52,40.508557
1.0,56,40.516678
1.0,58,40.525234
1.0,54,40.532993
0.0,14,40.535035
1.0,55,40.542922
0.0,14,40.544946
0.0,42,40.551054
1.0,53,40.558759
1.0,52,40.566236
1.0,54,40.573988
0.0,6,40.574875
1.0,58,40.583196
0.0,27,40.587095
1.0,58,40.595509
1.0,53,40.60311
1.0,55,40.610973
1.0,52,40.618498
1.0,65,40.627923
0.0,16,40.630236
1.0,59,40.638764
0.0,4,40.639364
1.0,55,40.647272
0.0,6,40.648161
1.0,52,40.655612
0.0,32,40.660298
1.0,54,40.668033
0.0,23,40.67136
0.0,28,40.675394
1.0,52,40.682851
0.0,4,40.683451
0.0,21,40.686481
1.0,56,40.69462
0.0,37,40.699948
1.0,51,40.707249
1.0,58,40.71561
1.0,56,40.723675
1.0,58,40.732098
1.0,62,40.740986
1.0,52,40.748447
1.0,61,40.757169
1.0,55,40.765115
0.0,33,40.769854
0.0,42,40.775896
0.0,18,40.778496
0.0,45,40.784927
0.0,45,40.791409
0.0,20,40.794286
1.0,59,40.80283
1.0,56,40.810883
1.0,64,40.820108
0.0,9,40.821412
0.0,43,40.827585
0.0,7,40.828606
1.0,53,40.836421
1.0,56,40.844636
1.0,62,40.85356
1.0,54,40.861337
1.0,62,40.870317
1.0,57,40.878523
1.0,54,40.886247
1.0,56,40.894259
0.0,12,40.896009
1.0,56,40.904022
1.0,65,40.91346
0.0,8,40.914639
0.0,13,40.916528
1.0,52,40.924002
1.0,58,40.932321
0.0,23,40.935686
0.0,16,40.937996
0.0,32,40.942647
1.0,56,40.950686
0.0,8,40.951857
1.0,54,40.959578
1.0,54,40.967325
1.0,62,40.97629
0.0,29,40.980462
0.0,6,40.981346
0.0,16,40.983652
1.0,56,40.991673
0.0,8,40.992846
1.0,55,41.000724
1.0,54,41.008462
0.0,18,41.011159
1.0,54,41.018999
1.0,61,41.027714
0.0,17,41.030173
1.0,56,41.038238
0.0,29,41.042422
1.0,54,41.050299
1.0,51,41.057625
1.0,55,41.065553
0.0,25,41.069165
1.0,57,41.07733
1.0,54,41.085158
1.0,53,41.092759
0.0,44,41.099092
0.0,10,41.100548
1.0,58,41.108849
1.0,56,41.117031
0.0,28,41.121053
1.0,54,41.128857
0.0,18,41.131499
0.0,16,41.133823
1.0,54,41.141572
0.0,4,41.142169
1.0,56,41.150187
1.0,57,41.158417
1.0,57,41.166564
0.0,21,41.169596
1.0,64,41.178724
1.0,60,41.187407
0.0,46,41.194056
1.0,54,41.201888
1.0,54,41.209646
1.0,57,41.21782
0.0,24,41.221373
1.0,53,41.229228
1.0,53,41.236888
1.0,54,41.244676
1.0,50,41.251826
1.0,50,41.259108
0.0,8,41.260272
1.0,56,41.268387
1.0,56,41.276386
1.0,54,41.284091
1.0,52,41.291565
1.0,57,41.299718
1.0,56,41.30772
1.0,57,41.315936
0.0,35,41.320952
1.0,60,41.329575
0.0,47,41.33633
0.0,29,41.340584
1.0,59,41.349033
1.0,56,41.357072
1.0,54,41.364876
1.0,66,41.374262
1.0,54,41.38199
1.0,60,41.390564
0.0,37,41.395869
1.0,53,41.403513
1.0,54,41.411237
0.0,14,41.413254
1.0,50,41.420449
0.0,14,41.42248
1.0,54,41.430183
0.0,24,41.433692
1.0,53,41.441651
0.0,40,41.447457
1.0,54,41.455168
1.0,59,41.463591
0.0,46,41.470313
0.0,19,41.473115
0.0,39,41.47871
0.0,55,41.486537
0.0,24,41.489985
0.0,14,41.492012
1.0,58,41.500299
1.0,56,41.508399
1.0,59,41.516887
1.0,51,41.524168
0.0,29,41.528318
0.0,20,41.531205
1.0,54,41.539047
1.0,57,41.547191
0.0,38,41.552634
1.0,55,41.560486
0.0,40,41.566236
0.0,8,41.567412
1.0,58,41.575786
0.0,22,41.578963
1.0,51,41.586291
1.0,50,41.593468
1.0,69,41.603328
0.0,40,41.60912
1.0,63,41.618172
1.0,62,41.627071
0.0,14,41.629099
1.0,53,41.636696
1.0,56,41.644861
1.0,56,41.652877
1.0,53,41.660465
1.0,56,41.668467
1.0,54,41.676187
0.0,14,41.678323
0.0,37,41.683637
1.0,60,41.692191
1.0,51,41.699496
0.0,23,41.702812
1.0,56,41.710803
1.0,55,41.718898
0.0,20,41.721767
0.0,21,41.724851
1.0,54,41.732573
0.0,45,41.739003
1.0,52,41.746452
1.0,56,41.754548
0.0,17,41.757036
0.0,42,41.763054
0.0,14,41.765078
1.0,55,41.772934
0.0,41,41.7788
1.0,55,41.786708
0.0,33,41.79143
1.0,56,41.799748
0.0,17,41.802224
1.0,55,41.810447
0.0,12,41.812188
0.0,36,41.817406
1.0,53,41.825304
0.0,27,41.829356
0.0,29,41.833558
1.0,55,41.841456
1.0,57,41.849587
0.0,32,41.854354
1.0,56,41.86241
0.0,4,41.863007
0.0,44,41.8693
1.0,67,41.878845
1.0,58,41.887115
1.0,54,41.894968
0.0,32,41.899557
1.0,53,41.907135
1.0,53,41.914762
1.0,58,41.923048
1.0,57,41.93131
1.0,57,41.939473
0.0,16,41.941787
1.0,53,41.949358
0.0,12,41.951142
1.0,58,41.959553
1.0,60,41.968112
0.0,19,41.970853
1.0,56,41.978842
0.0,31,41.98328
1.0,55,41.991132
0.0,23,41.994631
1.0,62,42.003463
0.0,4,42.00406
1.0,60,42.012627
1.0,52,42.020141
0.0,34,42.025012
0.0,21,42.028021
1.0,51,42.035356
0.0,17,42.038036
1.0,56,42.046187
0.0,10,42.047634
1.0,57,42.055788
0.0,4,42.056388
1.0,60,42.065082
0.0,42,42.071109
1.0,54,42.078882
0.0,42,42.085335
0.0,40,42.091406
0.0,9,42.092718
1.0,63,42.10179
0.0,24,42.105243
1.0,57,42.113395
0.0,32,42.118064
1.0,53,42.12568
1.0,56,42.133699
0.0,38,42.139517
0.0,8,42.140702
1.0,54,42.14858
1.0,55,42.156512
1.0,52,42.164116
0.0,27,42.168056
0.0,29,42.1723
0.0,8,42.173467
1.0,64,42.182722
1.0,54,42.190545
0.0,14,42.192565
1.0,54,42.200372
0.0,25,42.204006
0.0,8,42.205167
1.0,54,42.212961
0.0,17,42.215449
0.0,18,42.218048
0.0,29,42.222212
0.0,43,42.228427
0.0,8,42.22959
1.0,52,42.237042
1.0,56,42.245083
1.0,56,42.2531
1.0,55,42.261001
1.0,56,42.268994
1.0,53,42.27662
1.0,52,42.284096
1.0,55,42.291948
1.0,55,42.299815
1.0,52,42.307257
1.0,56,42.315359
0.0,6,42.316244
0.0,4,42.316835
1.0,59,42.325251
1.0,53,42.332824
1.0,59,42.341263
1.0,54,42.348984
1.0,56,42.356968
0.0,6,42.35785
1.0,53,42.365418
1.0,62,42.374239
1.0,56,42.382356
1.0,58,42.390623
0.0,4,42.39122
0.0,33,42.395953
0.0,16,42.398271
1.0,54,42.405979
0.0,30,42.410294
1.0,61,42.419097
1.0,58,42.427425
0.0,6,42.428304
1.0,54,42.436007
1.0,59,42.444419
1.0,54,42.45221
1.0,55,42.460067
0.0,14,42.462094
1.0,52,42.469524
1.0,56,42.477515
1.0,60,42.486073
1.0,56,42.494216
0.0,19,42.49696
0.0,41,42.502822
1.0,57,42.510978
1.0,54,42.518782
1.0,56,42.526845
0.0,29,42.53102
0.0,17,42.533478
1.0,56,42.541483
1.0,52,42.548922
1.0,65,42.558226
0.0,27,42.562109
1.0,55,42.570131
1.0,53,42.577717
0.0,26,42.581447
1.0,50,42.588612
0.0,6,42.589494
0.0,21,42.592559
0.0,12,42.594295
1.0,53,42.601849
1.0,52,42.609298
1.0,58,42.617721
1.0,52,42.625669
1.0,58,42.634151
1.0,54,42.642357
1.0,56,42.650519
1.0,55,42.658472
1.0,56,42.666622
1.0,57,42.67483
1.0,62,42.68368
1.0,54,42.691429
1.0,58,42.699767
1.0,58,42.708057
1.0,55,42.716004
0.0,19,42.718745
0.0,27,42.722632
1.0,58,42.730991
1.0,51,42.738545
1.0,54,42.746321
1.0,53,42.753983
1.0,52,42.761459
1.0,53,42.769101
0.0,33,42.773823
0.0,22,42.776989
1.0,53,42.784587
1.0,54,42.792316
0.0,16,42.794642
0.0,12,42.796381
0.0,48,42.803294
1.0,54,42.811022
0.0,43,42.817292
0.0,21,42.820329
1.0,54,42.828053
1.0,52,42.835627
1.0,58,42.843958
0.0,29,42.84814
0.0,12,42.849879
1.0,53,42.857481
1.0,52,42.864935
1.0,56,42.873008
1.0,54,42.880741
1.0,61,42.889466
1.0,54,42.897175
1.0,61,42.90587
1.0,57,42.91403
1.0,62,42.922951
1.0,61,42.93166
0.0,19,42.934394
0.0,22,42.937547
0.0,26,42.941287
0.0,14,42.943378
0.0,29,42.947699
1.0,53,42.955325
1.0,51,42.96264
0.0,29,42.96681
0.0,8,42.967978
0.0,37,42.973295
0.0,29,42.97753
0.0,6,42.978447
1.0,54,42.986164
0.0,14,42.988196
1.0,54,42.995904
1.0,58,43.004202
0.0,36,43.00937
1.0,60,43.018027
1.0,57,43.026168
1.0,54,43.033897
1.0,54,43.041734
0.0,4,43.042373
1.0,56,43.050523
1.0,57,43.058778
1.0,54,43.066497
0.0,40,43.072233
1.0,51,43.079549
1.0,56,43.087573
1.0,56,43.095593
1.0,63,43.1046
1.0,56,43.112652
1.0,57,43.120914
0.0,19,43.123664
1.0,58,43.131941
1.0,58,43.140621
0.0,18,43.14327
1.0,58,43.151543
0.0,8,43.152714
0.0,31,43.157201
0.0,27,43.161082
1.0,66,43.170506
1.0,55,43.178385
0.0,35,43.183404
0.0,6,43.184287
1.0,57,43.192495
1.0,51,43.199805
0.0,19,43.202547
1.0,56,43.210547
1.0,55,43.218487
0.0,31,43.222942
1.0,58,43.231611
0.0,8,43.232784
1.0,56,43.241278
1.0,53,43.248864
0.0,21,43.25189
1.0,57,43.260706
0.0,4,43.261305
1.0,60,43.269966
1.0,56,43.278046
0.0,8,43.279219
0.0,42,43.285253
1.0,52,43.292707
1.0,57,43.300944
0.0,45,43.307406
1.0,63,43.316492
1.0,50,43.323676
1.0,60,43.332283
0.0,14,43.334314
1.0,53,43.341899
1.0,50,43.349073
1.0,56,43.357093
0.0,14,43.359128
0.0,21,43.362144
1.0,51,43.369523
1.0,61,43.378289
0.0,44,43.384659
1.0,58,43.39296
1.0,56,43.401015
0.0,10,43.402473
1.0,50,43.40964
1.0,56,43.417714
0.0,25,43.421325
1.0,53,43.428905
1.0,50,43.4361
0.0,41,43.441983
1.0,57,43.450123
0.0,4,43.450725
1.0,59,43.459138
1.0,52,43.466595
1.0,52,43.474098
0.0,44,43.480406
0.0,30,43.484714
1.0,55,43.492735
1.0,51,43.500225
1.0,57,43.508498
1.0,56,43.51649
0.0,4,43.517155
1.0,54,43.524872
1.0,57,43.533032
1.0,51,43.540343
0.0,22,43.543564
1.0,54,43.551292
0.0,40,43.557035
0.0,35,43.562061
1.0,55,43.569919
1.0,60,43.578563
0.0,23,43.58188
0.0,34,43.586757
1.0,51,43.594075
1.0,62,43.602945
1.0,57,43.611148
0.0,38,43.616598
1.0,57,43.624887
1.0,53,43.632606
1.0,55,43.640601
0.0,15,43.642826
1.0,56,43.650902
0.0,31,43.655375
1.0,52,43.662813
1.0,53,43.670411
1.0,56,43.678423
1.0,56,43.686461
1.0,54,43.694205
0.0,23,43.697531
1.0,56,43.705558
1.0,57,43.713737
0.0,30,43.718157
1.0,54,43.726036
1.0,59,43.734505
1.0,56,43.742526
1.0,59,43.750977
1.0,54,43.758777
0.0,10,43.760217
1.0,58,43.768524
0.0,42,43.774556
1.0,58,43.782866
1.0,50,43.79009
1.0,56,43.798114
1.0,51,43.805439
0.0,43,43.811616
1.0,60,43.820267
1.0,60,43.828881
0.0,24,43.832345
0.0,21,43.835391
1.0,57,43.843937
1.0,54,43.851705
1.0,60,43.860386
1.0,64,43.869552
1.0,52,43.877012
1.0,59,43.885503
0.0,28,43.889533
0.0,8,43.89071
1.0,54,43.898489
0.0,36,43.903666
0.0,46,43.910282
0.0,40,43.916042
1.0,53,43.923708
1.0,53,43.931387
1.0,57,43.939611
1.0,56,43.947637
0.0,43,43.953807
0.0,40,43.959555
0.0,13,43.961442
0.0,21,43.96451
0.0,4,43.965108
1.0,50,43.972289
1.0,60,43.980878
1.0,52,43.988347
1.0,55,43.996228
1.0,54,44.004002
1.0,59,44.012469
1.0,61,44.021256
1.0,55,44.029148
1.0,60,44.037767
0.0,12,44.039515
1.0,54,44.04724
1.0,54,44.054971
0.0,39,44.060574
1.0,62,44.069488
1.0,58,44.077825
0.0,31,44.082278
0.0,30,44.086593
1.0,58,44.094914
1.0,53,44.102506
0.0,40,44.108275
0.0,17,44.110732
1.0,61,44.11952
1.0,56,44.12757
0.0,36,44.132763
0.0,19,44.135511
0.0,6,44.136394
1.0,54,44.144219
0.0,38,44.149683
0.0,38,44.155158
1.0,53,44.162777
1.0,54,44.170506
0.0,8,44.171681
0.0,38,44.177189
1.0,53,44.184775
1.0,53,44.19237
1.0,56,44.20039
0.0,31,44.204876
1.0,58,44.213216
0.0,42,44.219307
1.0,58,44.22767
1.0,58,44.236
0.0,26,44.239762
1.0,68,44.249516
1.0,57,44.257676
1.0,52,44.265212
1.0,57,44.273379
1.0,51,44.280738
1.0,57,44.288887
0.0,4,44.289486
1.0,54,44.297266
0.0,21,44.300308
1.0,60,44.308889
1.0,54,44.316659
1.0,56,44.324732
1.0,56,44.332773
0.0,36,44.337947
1.0,55,44.345826
1.0,52,44.353324
0.0,49,44.360368
1.0,62,44.369264
0.0,34,44.374146
1.0,56,44.382191
1.0,53,44.389828
1.0,55,44.397748
1.0,52,44.405238
1.0,57,44.413424
0.0,8,44.414601
0.0,21,44.417626
1.0,63,44.426767
1.0,54,44.434623
0.0,19,44.437367
0.0,4,44.437963
0.0,53,44.445964
0.0,47,44.452836
0.0,18,44.455508
1.0,53,44.463118
1.0,53,44.470724
1.0,59,44.47927
1.0,55,44.487123
0.0,35,44.49231
0.0,42,44.498347
1.0,53,44.505939
1.0,59,44.51439
0.0,48,44.52129
0.0,4,44.521889
0.0,29,44.526098
1.0,54,44.533842
1.0,53,44.541428
0.0,6,44.542317
1.0,56,44.550347
0.0,14,44.552375
1.0,72,44.562699
1.0,54,44.570457
0.0,41,44.576381
1.0,51,44.583679
1.0,60,44.592289
1.0,57,44.600481
1.0,57,44.608621
1.0,55,44.616479
0.0,43,44.622774
0.0,12,44.624513
1.0,53,44.632172
1.0,54,44.639913
1.0,55,44.647836
1.0,56,44.655896
0.0,23,44.659209
0.0,6,44.660095
1.0,55,44.668023
0.0,47,44.674766
0.0,14,44.677093
0.0,21,44.680194
1.0,52,44.687931
1.0,60,44.696654
1.0,56,44.704804
1.0,53,44.712733
1.0,53,44.720545
0.0,42,44.726688
1.0,54,44.734457
1.0,65,44.74379
1.0,53,44.751383
1.0,55,44.759269
0.0,16,44.761579
1.0,55,44.769468
0.0,29,44.773687
1.0,55,44.781584
1.0,54,44.789337
1.0,52,44.796793
1.0,53,44.804373
1.0,52,44.811865
1.0,55,44.819845
1.0,55,44.827708
1.0,57,44.835862
0.0,33,44.84061
1.0,57,44.848812
1.0,54,44.856556
1.0,54,44.864425
0.0,42,44.87046
0.0,21,44.873499
1.0,51,44.880968
1.0,52,44.888435
0.0,16,44.890753
1.0,51,44.898029
1.0,51,44.905347
1.0,52,44.912854
1.0,53,44.920527
0.0,12,44.922271
0.0,29,44.926434
1.0,56,44.934435
1.0,53,44.942059
0.0,27,44.945942
0.0,6,44.946865
1.0,55,44.954743
1.0,52,44.962183
0.0,4,44.962783
1.0,54,44.970504
1.0,54,44.978211
0.0,20,44.981096
0.0,27,44.985011
0.0,8,44.986188
0.0,44,44.99249
0.0,14,44.994514
1.0,57,45.002721
0.0,50,45.00988
1.0,52,45.017374
0.0,6,45.018258
1.0,55,45.026221
1.0,54,45.033928
0.0,27,45.037811
1.0,58,45.046448
0.0,53,45.054093
0.0,14,45.056123
0.0,17,45.058576
1.0,57,45.066719
0.0,38,45.072182
0.0,36,45.077357
0.0,42,45.083414
0.0,16,45.085727
0.0,25,45.089355
0.0,16,45.091664
0.0,43,45.097814
1.0,57,45.105947
1.0,55,45.113816
1.0,58,45.122225
1.0,52,45.129721
1.0,50,45.136893
1.0,53,45.144518
0.0,4,45.145117
0.0,26,45.148943
1.0,55,45.1568
0.0,12,45.158595
1.0,56,45.166636
1.0,52,45.174093
1.0,54,45.181813
1.0,56,45.189957
1.0,55,45.198114
1.0,55,45.206221
1.0,52,45.213942
0.0,22,45.217231
0.0,35,45.222493
0.0,49,45.229804
1.0,54,45.237957
1.0,53,45.245722
1.0,51,45.253197
1.0,60,45.262124
0.0,46,45.268957
1.0,59,45.277555
0.0,14,45.279698
0.0,16,45.282078
0.0,27,45.28615
1.0,55,45.294158
1.0,55,45.302183
0.0,8,45.303426
1.0,55,45.311442
0.0,16,45.313751
1.0,53,45.321547
1.0,50,45.328876
1.0,57,45.337203
1.0,56,45.345331
0.0,4,45.345929
1.0,60,45.354699
1.0,58,45.363129
1.0,58,45.371547
1.0,52,45.3791
1.0,59,45.387569
1.0,62,45.396433
1.0,52,45.403992
1.0,61,45.412706
1.0,59,45.4212
0.0,8,45.422372
0.0,17,45.424828
1.0,52,45.432281
1.0,51,45.439612
0.0,6,45.440495
1.0,56,45.44849
1.0,55,45.456379
0.0,35,45.461416
1.0,52,45.468846
1.0,57,45.477035
1.0,54,45.484756
1.0,63,45.493865
0.0,50,45.501037
1.0,61,45.509774
1.0,51,45.517096
0.0,14,45.519125
1.0,62,45.528049
0.0,4,45.528647
1.0,54,45.536366
1.0,58,45.544691
1.0,54,45.552407
1.0,54,45.560121
0.0,14,45.56214
1.0,54,45.569866
1.0,53,45.577428
0.0,7,45.57849
1.0,54,45.586199
0.0,2,45.586513
1.0,53,45.594081
0.0,19,45.596819
1.0,52,45.60427
1.0,56,45.612287
1.0,57,45.620522
0.0,33,45.625262
1.0,53,45.632878
0.0,44,45.639405
1.0,57,45.647914
0.0,14,45.650002
1.0,58,45.658292
0.0,37,45.663572
1.0,53,45.671163
1.0,58,45.679448
1.0,50,45.686655
0.0,21,45.689677
1.0,55,45.697534
0.0,46,45.704124
1.0,58,45.71239
1.0,54,45.720222
1.0,56,45.728302
0.0,6,45.729188
0.0,21,45.732193
1.0,58,45.740457
0.0,39,45.74605
0.0,12,45.747797
0.0,22,45.750964
1.0,53,45.758634
0.0,46,45.765285
1.0,51,45.772583
0.0,46,45.779177
1.0,58,45.787479
1.0,61,45.796263
1.0,68,45.805959
1.0,54,45.813691
1.0,57,45.821922
0.0,33,45.826681
0.0,6,45.827552
1.0,54,45.83529
1.0,54,45.843043
1.0,55,45.850927
1.0,55,45.858795
0.0,35,45.863895
1.0,54,45.871618
1.0,55,45.879504
1.0,57,45.887666
0.0,18,45.890262
1.0,56,45.898299
0.0,20,45.90117
1.0,50,45.908331
1.0,55,45.916191
1.0,55,45.924119
1.0,56,45.932192
0.0,6,45.933081
1.0,59,45.941536
1.0,57,45.949793
1.0,53,45.957403
0.0,35,45.962426
1.0,54,45.970169
0.0,14,45.972201
0.0,40,45.978035
0.0,16,45.980346
0.0,18,45.982953
0.0,4,45.98355
0.0,48,45.990425
0.0,31,45.994895
1.0,50,46.002104
0.0,12,46.003849
1.0,56,46.011852
0.0,19,46.014594
1.0,52,46.022118
1.0,51,46.029438
1.0,58,46.037778
1.0,57,46.045946
1.0,56,46.053953
1.0,56,46.062014
1.0,63,46.071063
1.0,52,46.078515
1.0,56,46.08724
0.0,15,46.089399
0.0,14,46.091423
1.0,58,46.099711
1.0,63,46.108747
0.0,23,46.112055
1.0,58,46.120645
1.0,65,46.130071
1.0,58,46.138793
1.0,52,46.146388
0.0,14,46.148524
1.0,53,46.156466
1.0,55,46.164489
0.0,6,46.165378
1.0,56,46.173483
1.0,57,46.181762
1.0,56,46.189766
0.0,24,46.193209
1.0,52,46.200681
1.0,55,46.20857
0.0,41,46.214477
0.0,21,46.2175
1.0,52,46.225069
1.0,54,46.232829
0.0,16,46.235147
1.0,52,46.242629
0.0,47,46.249556
1.0,53,46.257177
1.0,54,46.265242
1.0,51,46.272615
1.0,56,46.280684
0.0,42,46.286754
1.0,61,46.29553
1.0,52,46.303011
0.0,19,46.305765
0.0,14,46.307796
1.0,54,46.315566
1.0,62,46.324559
0.0,9,46.325878
1.0,62,46.334787
1.0,59,46.343289
1.0,50,46.350466
0.0,35,46.355543
1.0,58,46.363858
1.0,50,46.371047
0.0,17,46.373502
1.0,56,46.381549
1.0,55,46.38947
1.0,57,46.397647
0.0,4,46.398245
1.0,52,46.405701
1.0,59,46.414158
1.0,53,46.421872
1.0,62,46.430735
0.0,14,46.432762
1.0,61,46.44149
0.0,43,46.447654
0.0,6,46.44854
0.0,21,46.451564
0.0,26,46.455304
0.0,4,46.455901
1.0,59,46.464359
0.0,37,46.469682
0.0,19,46.472434
0.0,16,46.474757
0.0,19,46.477499
1.0,56,46.485518
1.0,54,46.493343
1.0,55,46.501243
1.0,55,46.509132
1.0,50,46.516328
0.0,19,46.519074
0.0,4,46.519669
1.0,65,46.529068
1.0,52,46.536551
1.0,56,46.544577
1.0,58,46.552896
1.0,56,46.560919
1.0,56,46.568991
0.0,10,46.570444
1.0,60,46.579017
0.0,6,46.5799
1.0,57,46.588038
1.0,58,46.596352
1.0,50,46.603573
1.0,50,46.610756
1.0,54,46.618521
1.0,62,46.627485
0.0,48,46.63447
1.0,56,46.642478
1.0,58,46.650789
0.0,29,46.654964
1.0,54,46.662727
1.0,54,46.670486
1.0,56,46.678536
1.0,55,46.686471
1.0,56,46.694462
1.0,54,46.702178
1.0,57,46.710408
1.0,52,46.717862
1.0,54,46.725715
0.0,51,46.733015
1.0,59,46.741513
0.0,23,46.744841
0.0,7,46.745869
1.0,54,46.753618
1.0,56,46.76166
0.0,31,46.766125
1.0,54,46.773892
0.0,48,46.780768
0.0,44,46.787082
0.0,4,46.787679
1.0,57,46.795844
1.0,55,46.803706
1.0,62,46.812577
1.0,61,46.821342
1.0,57,46.829499
1.0,60,46.838089
0.0,16,46.840399
0.0,10,46.841852
1.0,53,46.849804
1.0,54,46.857665
1.0,56,46.865691
1.0,52,46.87322
1.0,52,46.880726
1.0,57,46.888893
1.0,54,46.896648
0.0,4,46.897244
1.0,67,46.906806
0.0,37,46.912137
1.0,58,46.92047
1.0,59,46.928988
0.0,22,46.932167
1.0,55,46.940071
1.0,59,46.948556
1.0,52,46.956055
1.0,54,46.963802
1.0,58,46.972122
1.0,53,46.979735
1.0,56,46.987787
1.0,60,46.99637
0.0,25,46.99997
1.0,58,47.008269
1.0,52,47.015748
0.0,8,47.016913
1.0,54,47.024753
1.0,60,47.033356
0.0,4,47.033957
1.0,58,47.042259
0.0,30,47.046585
1.0,53,47.054197
1.0,59,47.062635
0.0,6,47.063523
1.0,58,47.071826
1.0,60,47.080433
0.0,8,47.081606
1.0,59,47.090096
1.0,60,47.098717
0.0,37,47.104031
1.0,56,47.112076
1.0,54,47.119874
0.0,21,47.12296
1.0,52,47.13045
1.0,58,47.138756
0.0,6,47.139681
0.0,6,47.140562
1.0,58,47.148964
1.0,50,47.156132
1.0,51,47.163473
1.0,52,47.170939
1.0,53,47.178536
1.0,55,47.186428
1.0,58,47.194767
0.0,19,47.19751
0.0,14,47.199543
1.0,52,47.206984
1.0,53,47.214581
0.0,12,47.216324
1.0,59,47.224766
1.0,54,47.232541
1.0,50,47.239707
0.0,25,47.243318
0.0,19,47.246062
1.0,55,47.253929
1.0,55,47.261916
1.0,61,47.27069
1.0,59,47.279124
1.0,61,47.287869
0.0,29,47.292021
1.0,58,47.30039
0.0,43,47.306566
1.0,52,47.314023
0.0,28,47.318044
1.0,58,47.326407
1.0,50,47.333591
0.0,7,47.334608
1.0,62,47.343518
0.0,20,47.346413
0.0,18,47.349012
1.0,54,47.356745
1.0,53,47.364332
1.0,52,47.3719
1.0,54,47.379644
1.0,54,47.387373
0.0,48,47.394251
1.0,53,47.40185
1.0,53,47.409532
0.0,16,47.411849
1.0,50,47.419048
1.0,55,47.426953
0.0,16,47.429263
1.0,50,47.436438
1.0,52,47.443929
0.0,45,47.450393
1.0,61,47.45923
1.0,54,47.466967
1.0,53,47.474586
1.0,50,47.48187
0.0,10,47.48333
1.0,60,47.491904
1.0,54,47.499661
0.0,16,47.50198
1.0,56,47.510019
1.0,52,47.51752
1.0,56,47.525616
1.0,54,47.533355
1.0,59,47.541806
1.0,58,47.550118
1.0,55,47.55801
1.0,60,47.566997
1.0,55,47.575274
1.0,54,47.583132
1.0,58,47.591588
1.0,53,47.599569
1.0,53,47.60723
0.0,4,47.607831
1.0,64,47.617018
1.0,59,47.625625
0.0,40,47.631497
0.0,21,47.634612
1.0,50,47.641813
1.0,54,47.649591
0.0,21,47.652661
0.0,16,47.654973
0.0,27,47.658851
1.0,54,47.666589
0.0,29,47.670773
0.0,50,47.677946
1.0,54,47.685688
1.0,53,47.693319
0.0,8,47.694487
1.0,61,47.703199
1.0,50,47.710341
1.0,54,47.71807
1.0,52,47.725758
1.0,53,47.733381
1.0,56,47.741414
1.0,52,47.748898
1.0,57,47.757115
0.0,6,47.758006
0.0,48,47.765124
0.0,41,47.77101
0.0,17,47.773454
1.0,63,47.782751
1.0,61,47.791446
1.0,57,47.799638
1.0,59,47.808072
0.0,44,47.814368
0.0,14,47.816392
0.0,4,47.816988
1.0,58,47.825333
0.0,23,47.828674
0.0,4,47.829272
1.0,54,47.837006
1.0,57,47.845156
1.0,54,47.85286
0.0,14,47.854874
0.0,38,47.860315
1.0,53,47.867932
1.0,53,47.875605
1.0,50,47.882784
1.0,57,47.890955
1.0,58,47.899282
1.0,55,47.90717
0.0,18,47.909762
0.0,42,47.915795
0.0,8,47.916965
0.0,16,47.919282
1.0,50,47.926525
0.0,16,47.928843
1.0,66,47.938365
1.0,56,47.946524
1.0,57,47.954684
1.0,59,47.96314
1.0,52,47.970634
1.0,52,47.978126
1.0,63,47.987134
0.0,4,47.987734
1.0,52,47.995201
1.0,54,48.003016
0.0,36,48.008194
1.0,51,48.015499
1.0,53,48.023167
0.0,6,48.024051
1.0,55,48.031942
0.0,6,48.032825
1.0,61,48.041614
1.0,53,48.049212
1.0,50,48.05639
1.0,54,48.064121
1.0,53,48.071732
0.0,6,48.072649
1.0,56,48.080618
1.0,52,48.088069
0.0,8,48.089231
1.0,52,48.096699
0.0,17,48.099151
0.0,4,48.099743
0.0,44,48.106049
1.0,55,48.113958
1.0,54,48.121685
1.0,56,48.129744
0.0,4,48.130343
0.0,28,48.134395
1.0,56,48.142449
1.0,60,48.15113
1.0,56,48.159119
0.0,21,48.16215
1.0,52,48.169588
0.0,46,48.176591
1.0,52,48.184128
1.0,53,48.191699
1.0,55,48.199565
0.0,23,48.202889
0.0,39,48.2085
1.0,51,48.215857
1.0,54,48.223594
1.0,55,48.231742
0.0,31,48.236197
1.0,57,48.244564
1.0,57,48.252724
0.0,43,48.258908
0.0,36,48.264104
1.0,58,48.272382
0.0,23,48.275688
0.0,35,48.280692
1.0,55,48.288581
0.0,18,48.291177
1.0,53,48.298805
0.0,4,48.299398
0.0,6,48.300272
1.0,57,48.308402
0.0,16,48.310712
1.0,54,48.318421
1.0,52,48.325935
0.0,29,48.330106
1.0,55,48.33796
0.0,38,48.343389
0.0,14,48.345415
1.0,54,48.353127
1.0,53,48.360733
0.0,19,48.36347
1.0,59,48.371872
0.0,4,48.372467
1.0,50,48.379617
1.0,65,48.388902
1.0,54,48.396623
1.0,60,48.405183
0.0,43,48.411313
1.0,54,48.419012
1.0,52,48.426742
1.0,55,48.434596
0.0,14,48.436609
1.0,59,48.445296
0.0,29,48.449591
1.0,51,48.457056
1.0,57,48.465549
1.0,55,48.473627
0.0,37,48.479096
1.0,57,48.487442
1.0,57,48.495743
1.0,53,48.503525
1.0,52,48.511167
0.0,29,48.51545
1.0,57,48.523857
1.0,53,48.531504
1.0,58,48.539893
0.0,18,48.542495
1.0,54,48.55019
1.0,57,48.558341
0.0,46,48.564951
1.0,59,48.57338
0.0,8,48.574551
1.0,56,48.582566
1.0,54,48.59028
0.0,18,48.592871
1.0,53,48.600507
0.0,45,48.606982
0.0,35,48.611995
1.0,60,48.620607
1.0,59,48.629071
0.0,17,48.631529
1.0,55,48.639464
0.0,27,48.643346
1.0,55,48.651289
0.0,19,48.654034
0.0,25,48.657611
0.0,6,48.658499
1.0,56,48.666477
1.0,53,48.674085
1.0,52,48.681518
0.0,35,48.686527
0.0,14,48.688544
0.0,17,48.690982
1.0,63,48.699981
1.0,58,48.708301
1.0,52,48.715748
0.0,12,48.717489
0.0,4,48.718082
1.0,53,48.725796
0.0,4,48.726395
0.0,29,48.730563
0.0,38,48.735983
0.0,6,48.736866
1.0,55,48.744745
1.0,52,48.7522
1.0,53,48.759808
0.0,40,48.765539
0.0,22,48.768706
0.0,27,48.772592
0.0,16,48.77514
0.0,6,48.776155
1.0,52,48.783671
1.0,59,48.792089
1.0,55,48.799941
0.0,22,48.803125
0.0,35,48.808143
0.0,34,48.813063
0.0,6,48.813945
1.0,55,48.821804
1.0,51,48.829175
1.0,53,48.836746
0.0,10,48.838196
1.0,57,48.846371
0.0,26,48.850099
0.0,35,48.855105
1.0,58,48.86337
1.0,54,48.871105
0.0,27,48.875013
1.0,50,48.882197
1.0,56,48.890211
1.0,58,48.898513
0.0,10,48.899952
1.0,58,48.908239
1.0,55,48.916131
1.0,54,48.923924
1.0,58,48.932206
0.0,15,48.934369
0.0,39,48.940028
0.0,6,48.940909
1.0,55,48.948765
1.0,52,48.956379
0.0,42,48.962407
1.0,52,48.96988
1.0,58,48.978179
1.0,61,48.987101
1.0,54,48.994826
1.0,54,49.002566
1.0,52,49.010195
1.0,57,49.018785
1.0,56,49.026953
0.0,9,49.028257
1.0,56,49.036508
0.0,46,49.043084
1.0,56,49.051108
0.0,14,49.053305
0.0,19,49.05615
0.0,12,49.057919
0.0,14,49.060018
1.0,53,49.067613
0.0,35,49.072634
1.0,56,49.080653
1.0,52,49.088109
0.0,37,49.093452
0.0,37,49.098813
1.0,57,49.106982
0.0,12,49.108718
1.0,55,49.116674
1.0,61,49.125454
0.0,12,49.127332
0.0,44,49.133639
0.0,4,49.13423
0.0,44,49.140648
1.0,52,49.148599
0.0,38,49.154141
1.0,54,49.1621
1.0,52,49.169658
0.0,6,49.170655
0.0,6,49.171546
1.0,50,49.178839
0.0,12,49.180578
1.0,60,49.189271
0.0,28,49.193317
0.0,18,49.19598
1.0,61,49.204849
0.0,23,49.209237
0.0,16,49.211867
0.0,29,49.216157
0.0,14,49.21818
1.0,54,49.226369
0.0,6,49.227273
1.0,54,49.235197
0.0,27,49.239145
0.0,45,49.245686
1.0,56,49.253991
1.0,54,49.262016
1.0,52,49.269769
1.0,56,49.278291
0.0,39,49.284153
1.0,54,49.292152
1.0,52,49.29981
0.0,47,49.306681
1.0,58,49.315149
1.0,55,49.323178
1.0,57,49.331514
1.0,55,49.339554
0.0,4,49.340165
1.0,60,49.348832
1.0,60,49.357466
1.0,57,49.365612
1.0,56,49.373658
0.0,20,49.376813
1.0,59,49.385415
1.0,52,49.392869
1.0,57,49.401035
1.0,56,49.409066
1.0,54,49.416776
0.0,23,49.420069
1.0,56,49.428236
0.0,28,49.432323
0.0,41,49.438195
0.0,6,49.439084
0.0,6,49.439964
1.0,63,49.44902
1.0,50,49.456195
1.0,56,49.464251
1.0,55,49.472123
1.0,54,49.479879
1.0,56,49.487893
1.0,51,49.495212
0.0,36,49.500382
1.0,58,49.508653
1.0,54,49.516402
0.0,19,49.519141
1.0,65,49.528481
1.0,56,49.536483
1.0,56,49.544479
1.0,52,49.551961
0.0,49,49.558967
0.0,12,49.560708
1.0,52,49.568141
1.0,55,49.575998
1.0,53,49.583619
1.0,59,49.592054
0.0,31,49.596508
1.0,51,49.603822
0.0,46,49.610395
1.0,54,49.618105
1.0,56,49.626214
1.0,58,49.634527
1.0,58,49.642834
1.0,52,49.650265
0.0,17,49.652711
0.0,26,49.656524
1.0,52,49.663937
1.0,52,49.671384
1.0,54,49.679153
1.0,55,49.687016
1.0,54,49.694781
0.0,8,49.695955
0.0,14,49.697966
1.0,53,49.705551
0.0,26,49.709286
1.0,54,49.717025
1.0,54,49.724933
0.0,14,49.726966
1.0,54,49.7347
0.0,45,49.741146
0.0,17,49.743586
1.0,51,49.750981
0.0,12,49.752717
1.0,52,49.760313
1.0,51,49.767628
1.0,56,49.775653
1.0,57,49.783778
0.0,24,49.787221
0.0,20,49.790096
0.0,23,49.793397
1.0,57,49.801626
1.0,55,49.809477
0.0,39,49.81507
1.0,56,49.823104
1.0,58,49.831503
0.0,14,49.833527
0.0,8,49.834695
1.0,59,49.843105
0.0,19,49.845835
0.0,23,49.849143
1.0,54,49.856869
0.0,6,49.857743
1.0,56,49.865764
0.0,46,49.872366
1.0,55,49.880323
0.0,8,49.881493
1.0,55,49.889357
1.0,58,49.897643
0.0,14,49.899676
1.0,53,49.907282
0.0,6,49.908169
0.0,19,49.910908
0.0,10,49.912354
1.0,51,49.919639
0.0,9,49.920947
1.0,52,49.928473
0.0,8,49.929644
0.0,17,49.932097
0.0,39,49.937725
1.0,55,49.94567
1.0,50,49.952862
1.0,51,49.960186
1.0,61,49.96892
1.0,58,49.977532
1.0,59,49.986121
1.0,52,49.993677
0.0,29,49.997854
0.0,40,50.003614
0.0,19,50.006384
1.0,58,50.014734
0.0,8,50.015905
1.0,56,50.023907
0.0,16,50.026291
0.0,14,50.028317
0.0,6,50.029203
1.0,58,50.037506
0.0,40,50.043295
1.0,57,50.051448
0.0,41,50.057319
0.0,19,50.060058
0.0,9,50.061365
0.0,42,50.067393
1.0,54,50.07514
0.0,30,50.079483
0.0,16,50.081788
1.0,64,50.090938
1.0,55,50.098832
1.0,53,50.106446
1.0,58,50.114753
0.0,17,50.117213
0.0,31,50.12169
1.0,55,50.129668
1.0,55,50.137543
1.0,51,50.144838
1.0,58,50.153204
1.0,59,50.161807
1.0,51,50.169114
1.0,53,50.176694
1.0,58,50.185022
1.0,61,50.193747
1.0,60,50.202326
0.0,12,50.204058
1.0,52,50.211501
1.0,56,50.219568
0.0,31,50.224026
1.0,53,50.231714
0.0,33,50.236453
0.0,41,50.242341
1.0,52,50.249794
1.0,57,50.257986
1.0,51,50.265336
1.0,59,50.273768
1.0,57,50.281949
0.0,12,50.283696
1.0,62,50.292577
0.0,24,50.29602
1.0,58,50.304314
1.0,58,50.312622
1.0,56,50.320657
1.0,53,50.328353
1.0,50,50.335506
1.0,55,50.343359
1.0,52,50.350802
1.0,52,50.358276
1.0,59,50.366702
1.0,57,50.374855
1.0,52,50.382299
0.0,19,50.385028
1.0,53,50.392637
0.0,37,50.397933
1.0,56,50.405977
1.0,55,50.413862
1.0,59,50.422288
0.0,8,50.423452
0.0,16,50.425817
1.0,54,50.433673
1.0,56,50.441667
1.0,57,50.4501
0.0,14,50.45217
0.0,27,50.456201
1.0,55,50.464565
0.0,41,50.47048
0.0,39,50.47615
1.0,61,50.485278
1.0,50,50.492524
1.0,59,50.501161
0.0,17,50.503627
0.0,43,50.509837
1.0,56,50.517844
1.0,52,50.52531
0.0,44,50.531689
1.0,58,50.540034
0.0,19,50.542784
0.0,23,50.546103
0.0,10,50.547559
1.0,55,50.555443
0.0,6,50.556322
0.0,8,50.557493
1.0,59,50.565943
1.0,53,50.573593
0.0,32,50.578295
0.0,50,50.585473
1.0,53,50.59339
1.0,55,50.601364
1.0,50,50.608611
1.0,57,50.61676
0.0,32,50.621364
0.0,4,50.621964
1.0,50,50.629238
1.0,58,50.637575
0.0,14,50.639641
1.0,55,50.647518
0.0,33,50.652271
0.0,16,50.654586
0.0,27,50.658477
1.0,54,50.666213
1.0,55,50.674127
0.0,43,50.68031
1.0,51,50.687624
1.0,55,50.695508
0.0,39,50.701094
0.0,4,50.70169
0.0,29,50.705853
1.0,55,50.713778
0.0,47,50.72052
0.0,4,50.721118
1.0,57,50.729487
1.0,57,50.737639
1.0,54,50.745434
1.0,55,50.753312
0.0,4,50.753908
0.0,18,50.756504
1.0,52,50.763964
1.0,58,50.772282
1.0,56,50.780332
0.0,19,50.783077
0.0,8,50.784253
0.0,46,50.790853
0.0,13,50.792729
0.0,37,50.798033
0.0,21,50.801054
1.0,53,50.808645
0.0,12,50.810388
1.0,56,50.818413
1.0,50,50.825583
0.0,22,50.82881
0.0,29,50.832967
1.0,53,50.840603
0.0,4,50.841202
1.0,58,50.849543
0.0,29,50.853716
0.0,28,50.857745
1.0,60,50.866356
1.0,60,50.874935
1.0,58,50.883296
0.0,38,50.888806
0.0,41,50.894701
0.0,25,50.898299
1.0,52,50.905741
1.0,55,50.913627
1.0,55,50.921542
1.0,51,50.92891
1.0,57,50.937063
1.0,55,50.944958
1.0,59,50.953393
0.0,29,50.95761
1.0,55,50.965488
1.0,60,50.974086
0.0,47,50.980809
1.0,56,50.988842
0.0,12,50.990622
1.0,59,50.999056
0.0,17,51.001516
1.0,51,51.008834
0.0,19,51.011579
1.0,56,51.019616
0.0,20,51.022498
0.0,29,51.026784
0.0,4,51.027381
0.0,18,51.029956
1.0,52,51.037413
1.0,57,51.045559
1.0,50,51.052728
1.0,52,51.060224
0.0,34,51.065125
0.0,33,51.069864
1.0,57,51.078032
0.0,32,51.08268
1.0,50,51.089829
1.0,55,51.097721
0.0,45,51.104163
1.0,58,51.112478
1.0,54,51.120232
0.0,20,51.123102
0.0,52,51.130679
1.0,55,51.138555
1.0,57,51.146778
0.0,43,51.152955
1.0,52,51.160449
0.0,39,51.166087
0.0,40,51.171856
1.0,53,51.179741
0.0,23,51.183106
1.0,59,51.191578
1.0,52,51.199027
0.0,12,51.200803
1.0,56,51.208838
0.0,46,51.215424
0.0,15,51.21759
1.0,52,51.225061
1.0,62,51.233921
0.0,19,51.236688
1.0,56,51.244747
1.0,52,51.252197
1.0,50,51.259378
1.0,57,51.267644
1.0,57,51.275825
0.0,32,51.280412
1.0,55,51.288272
0.0,44,51.294568
1.0,60,51.303139
1.0,51,51.310479
1.0,53,51.318051
0.0,41,51.323917
1.0,56,51.331977
0.0,4,51.332572
1.0,54,51.340316
1.0,58,51.348634
1.0,69,51.358476
0.0,16,51.360787
0.0,16,51.363094
1.0,57,51.371248
0.0,46,51.377866
1.0,60,51.386428
1.0,63,51.39539
0.0,6,51.396265
1.0,54,51.403971
0.0,6,51.404847
1.0,54,51.412576
1.0,52,51.420015
1.0,52,51.42751
1.0,53,51.435108
0.0,4,51.435704
1.0,50,51.442854
1.0,56,51.45089
1.0,52,51.458321
1.0,50,51.465457
1.0,56,51.473455
1.0,55,51.481334
1.0,55,51.489188
1.0,52,51.496612
1.0,53,51.504173
0.0,27,51.508044
1.0,59,51.516495
1.0,54,51.524219
0.0,4,51.524817
1.0,51,51.53217
1.0,61,51.540868
1.0,55,51.548722
1.0,54,51.556487
1.0,57,51.564645
0.0,37,51.569933
1.0,55,51.577773
0.0,40,51.583505
1.0,52,51.590962
1.0,54,51.598687
1.0,60,51.60726
1.0,59,51.615679
1.0,57,51.623901
1.0,56,51.632041
0.0,37,51.637407
1.0,56,51.645489
0.0,16,51.647803
1.0,53,51.655397
0.0,12,51.65716
1.0,53,51.664747
1.0,59,51.673164
1.0,59,51.681594
1.0,53,51.689147
1.0,53,51.69673
0.0,26,51.700461
1.0,57,51.708595
1.0,59,51.71703
0.0,38,51.722481
1.0,57,51.730833
1.0,54,51.738554
1.0,54,51.746359
1.0,57,51.754514
1.0,56,51.76256
1.0,59,51.770983
1.0,54,51.778685
0.0,37,51.78438
1.0,54,51.792179
0.0,16,51.794496
1.0,55,51.802392
1.0,51,51.809679
0.0,28,51.813703
1.0,57,51.821867
1.0,54,51.829659
0.0,25,51.833286
1.0,57,51.841414
0.0,20,51.844272
0.0,48,51.85114
1.0,56,51.859146
1.0,51,51.866439
1.0,59,51.874876
1.0,62,51.883775
1.0,52,51.891516
0.0,8,51.892683
1.0,58,51.901329
0.0,43,51.907722
1.0,56,51.915814
1.0,54,51.923829
1.0,56,51.93196
1.0,57,51.940297
0.0,42,51.946355
1.0,56,51.954379
0.0,12,51.956226
0.0,31,51.960712
0.0,42,51.966717
0.0,16,51.969022
1.0,56,51.977094
0.0,38,51.982543
0.0,25,51.986202
1.0,53,51.993911
0.0,42,51.99993
1.0,52,52.007388
1.0,52,52.01487
0.0,34,52.019742
0.0,14,52.021762
1.0,52,52.029255
0.0,29,52.033417
1.0,53,52.041003
0.0,27,52.044935
1.0,65,52.054213
0.0,42,52.060234
1.0,54,52.068011
0.0,16,52.070332
1.0,50,52.077491
1.0,53,52.085546
1.0,59,52.094034
1.0,59,52.102478
0.0,4,52.103074
1.0,62,52.111923
0.0,31,52.116411
0.0,32,52.121037
1.0,57,52.129253
1.0,60,52.137869
1.0,52,52.145392
0.0,34,52.15039
1.0,54,52.15813
1.0,65,52.167454
1.0,56,52.175455
1.0,56,52.183463
0.0,18,52.186086
1.0,53,52.193663
1.0,59,52.202088
1.0,54,52.209827
1.0,58,52.218103
1.0,56,52.226208
0.0,8,52.227378
0.0,37,52.232734
0.0,4,52.233325
0.0,34,52.238202
0.0,20,52.241079
1.0,50,52.248226
0.0,17,52.250684
0.0,31,52.255155
1.0,59,52.263616
1.0,57,52.271763
1.0,53,52.279346
1.0,52,52.286779
0.0,17,52.289251
1.0,54,52.29704
1.0,57,52.305189
0.0,20,52.308077
1.0,55,52.315933
1.0,54,52.323656
0.0,40,52.329504
0.0,13,52.331392
1.0,57,52.339536
1.0,55,52.347379
1.0,54,52.355081
1.0,57,52.363242
1.0,62,52.372059
1.0,51,52.379353
1.0,59,52.388174
1.0,52,52.395663
1.0,52,52.403081
1.0,56,52.41115
1.0,50,52.418289
1.0,59,52.426678
1.0,57,52.435017
1.0,56,52.443019
0.0,43,52.449179
1.0,57,52.457358
1.0,53,52.464975
1.0,60,52.473546
1.0,50,52.480682
1.0,57,52.488802
0.0,41,52.494668
1.0,56,52.502675
1.0,55,52.51052
1.0,57,52.518647
1.0,52,52.526084
0.0,6,52.52697
1.0,54,52.534773
0.0,20,52.537694
0.0,31,52.54211
1.0,54,52.549817
1.0,52,52.557254
1.0,52,52.564712
0.0,23,52.568024
1.0,55,52.575908
0.0,44,52.582193
0.0,19,52.584925
1.0,55,52.592791
1.0,53,52.600364
0.0,8,52.601533
1.0,54,52.609288
0.0,37,52.614603
1.0,59,52.623065
1.0,53,52.630731
1.0,54,52.638489
0.0,40,52.644262
0.0,21,52.647324
1.0,61,52.656036
1.0,55,52.66391
0.0,12,52.665653
1.0,54,52.673355
1.0,53,52.680977
1.0,58,52.689279
0.0,34,52.694154
1.0,54,52.701875
1.0,57,52.71003
1.0,54,52.717788
1.0,58,52.726148
1.0,59,52.734642
1.0,64,52.743758
1.0,54,52.751557
0.0,40,52.757296
0.0,16,52.759599
0.0,22,52.762784
1.0,59,52.771197
1.0,54,52.77893
0.0,31,52.783432
0.0,42,52.789458
1.0,58,52.797753
0.0,43,52.803926
1.0,53,52.811498
0.0,10,52.812948
1.0,53,52.820574
1.0,54,52.828296
0.0,27,52.832226
1.0,57,52.84046
0.0,12,52.842201
1.0,63,52.851182
0.0,10,52.852659
0.0,14,52.854685
0.0,19,52.857424
0.0,6,52.858309
0.0,12,52.86005
1.0,56,52.868051
1.0,57,52.87619
0.0,23,52.879477
0.0,29,52.883698
0.0,12,52.885465
0.0,12,52.887237
0.0,18,52.889827
0.0,49,52.896825
0.0,42,52.902849
1.0,51,52.910128
1.0,56,52.918131
0.0,12,52.919872
0.0,23,52.923208
1.0,50,52.930451
1.0,54,52.938176
1.0,58,52.946502
1.0,62,52.955368
1.0,58,52.963694
0.0,46,52.970283
1.0,52,52.977716
1.0,52,52.985547
1.0,59,52.994069
0.0,12,52.995803
1.0,56,53.003814
1.0,61,53.012525
0.0,8,53.013693
0.0,16,53.016
1.0,54,53.023748
0.0,14,53.025758
1.0,56,53.0339
0.0,23,53.037199
1.0,51,53.044505
1.0,58,53.052791
0.0,30,53.057096
1.0,61,53.065897
0.0,21,53.06893
1.0,52,53.076361
1.0,57,53.084505
1.0,54,53.092221
1.0,54,53.100001
0.0,22,53.103164
1.0,54,53.110894
1.0,61,53.119623
0.0,4,53.120223
0.0,42,53.126304
1.0,57,53.13459
0.0,19,53.137335
0.0,32,53.14191
0.0,49,53.148933
1.0,59,53.157372
1.0,63,53.166529
1.0,55,53.174436
1.0,53,53.181994
1.0,56,53.190028
0.0,13,53.191915
1.0,50,53.199071
1.0,50,53.206262
1.0,53,53.213817
0.0,41,53.219677
0.0,6,53.220559
1.0,56,53.228858
1.0,57,53.237023
1.0,61,53.245986
0.0,24,53.249438
1.0,52,53.256908
1.0,55,53.2648
0.0,4,53.265398
1.0,50,53.272564
0.0,37,53.277908
1.0,59,53.286344
1.0,58,53.294635
0.0,10,53.296084
1.0,58,53.304373
1.0,56,53.312407
0.0,21,53.315436
0.0,21,53.318462
1.0,52,53.326055
1.0,58,53.334439
1.0,50,53.341951
0.0,21,53.345054
0.0,6,53.345932
0.0,11,53.347513
1.0,55,53.355567
1.0,62,53.364625
0.0,26,53.368446
1.0,53,53.376043
0.0,19,53.378821
1.0,58,53.3871
1.0,51,53.39444
0.0,21,53.397466
1.0,55,53.405313
1.0,58,53.413631
1.0,57,53.421768
0.0,8,53.422943
0.0,2,53.423252
0.0,23,53.426558
0.0,42,53.432712
1.0,53,53.440277
0.0,34,53.445132
0.0,29,53.44933
1.0,62,53.458341
0.0,14,53.460368
1.0,56,53.468367
0.0,37,53.473677
1.0,52,53.481112
1.0,56,53.489228
1.0,55,53.497125
1.0,58,53.505414
1.0,50,53.512579
1.0,55,53.520464
1.0,54,53.528188
0.0,22,53.531422
1.0,62,53.540269
1.0,56,53.548278
0.0,21,53.551285
1.0,54,53.559038
1.0,63,53.568042
0.0,26,53.571781
1.0,59,53.580212
0.0,38,53.586058
1.0,54,53.59384
0.0,18,53.596425
0.0,28,53.600442
1.0,51,53.607736
0.0,13,53.60961
0.0,39,53.615238
1.0,63,53.624214
0.0,31,53.628697
1.0,52,53.636188
1.0,52,53.643666
0.0,21,53.646695
0.0,26,53.650433
0.0,42,53.656456
0.0,27,53.66037
0.0,4,53.660969
1.0,52,53.668408
0.0,34,53.673297
0.0,50,53.680434
1.0,54,53.688167
1.0,50,53.695366
0.0,20,53.698235
0.0,8,53.699403
1.0,54,53.707101
1.0,57,53.715245
0.0,8,53.716408
1.0,56,53.724538
1.0,57,53.732856
1.0,54,53.740612
1.0,58,53.748916
1.0,52,53.756355
0.0,35,53.761369
0.0,4,53.761964
0.0,10,53.763414
0.0,16,53.765757
0.0,16,53.768059
1.0,54,53.775778
1.0,55,53.783651
0.0,40,53.789376
1.0,56,53.79738
1.0,52,53.804838
1.0,57,53.812977
1.0,55,53.820826
1.0,60,53.829399
1.0,54,53.837214
0.0,21,53.840244
1.0,54,53.847981
1.0,54,53.855696
1.0,57,53.863858
1.0,55,53.871731
1.0,55,53.879599
1.0,59,53.88803
1.0,60,53.896608
1.0,57,53.904737
1.0,56,53.91275
0.0,14,53.914772
0.0,21,53.917782
1.0,63,53.926769
1.0,50,53.933986
1.0,53,53.941599
1.0,53,53.949177
0.0,14,53.951201
1.0,54,53.958912
0.0,32,53.963495
1.0,55,53.971349
1.0,61,53.980089
1.0,58,53.988365
1.0,55,53.996205
0.0,39,54.001773
1.0,54,54.00948
0.0,17,54.011965
0.0,33,54.016685
1.0,55,54.024584
1.0,54,54.032372
0.0,44,54.038655
1.0,50,54.045836
0.0,8,54.047005
0.0,14,54.049019
0.0,42,54.055023
1.0,52,54.062441
1.0,51,54.069715
1.0,62,54.078618
1.0,60,54.087248
0.0,34,54.092098
1.0,53,54.099679
1.0,54,54.107382
0.0,26,54.11111
0.0,33,54.115853
1.0,53,54.123468
1.0,53,54.131091
1.0,52,54.138517
1.0,50,54.145648
0.0,8,54.146821
1.0,61,54.155581
1.0,58,54.163915
1.0,56,54.171934
1.0,58,54.180233
1.0,54,54.188341
1.0,58,54.196651
0.0,15,54.198815
1.0,58,54.2071
0.0,42,54.213165
0.0,33,54.217891
1.0,52,54.225376
0.0,17,54.227828
1.0,54,54.235576
0.0,40,54.241311
0.0,6,54.242193
1.0,52,54.249672
1.0,50,54.256865
0.0,5,54.257601
0.0,14,54.25962
1.0,53,54.267249
1.0,56,54.275254
0.0,27,54.279151
0.0,11,54.280739
0.0,4,54.281335
1.0,58,54.289601
1.0,58,54.297892
1.0,56,54.305906
0.0,50,54.313079
0.0,4,54.313674
0.0,15,54.315831
0.0,33,54.320568
1.0,63,54.329605
0.0,28,54.333675
1.0,57,54.341817
0.0,47,54.348538
0.0,16,54.35086
1.0,63,54.359893
1.0,51,54.367226
0.0,18,54.369815
1.0,56,54.377811
0.0,8,54.378988
1.0,54,54.386721
1.0,55,54.394588
1.0,50,54.401787
0.0,43,54.407964
1.0,50,54.415134
0.0,29,54.419992
0.0,33,54.424728
0.0,6,54.425611
0.0,33,54.430432
1.0,60,54.439145
1.0,60,54.447702
0.0,16,54.450013
0.0,18,54.452602
1.0,55,54.460466
0.0,48,54.467353
0.0,45,54.473815
0.0,6,54.474696
1.0,53,54.482282
1.0,54,54.489979
1.0,56,54.497988
0.0,19,54.500724
0.0,15,54.502919
1.0,53,54.510489
0.0,4,54.511081
1.0,54,54.518801
1.0,57,54.526941
1.0,58,54.535303
1.0,56,54.543364
1.0,53,54.550941
1.0,60,54.559482
1.0,52,54.56692
0.0,12,54.568657
0.0,17,54.571101
1.0,56,54.57914
0.0,37,54.584432
0.0,12,54.586163
0.0,19,54.588889
0.0,17,54.591336
0.0,20,54.594201
0.0,41,54.600063
0.0,22,54.603208
1.0,56,54.611232
1.0,54,54.61914
1.0,51,54.626463
1.0,53,54.634481
1.0,53,54.642209
0.0,29,54.646602
0.0,24,54.650081
1.0,54,54.657931
0.0,12,54.659724
1.0,52,54.667327
0.0,25,54.670991
0.0,26,54.674774
0.0,21,54.677831
0.0,27,54.681792
1.0,58,54.69024
0.0,4,54.690879
1.0,52,54.698467
1.0,57,54.70672
0.0,27,54.710729
0.0,29,54.715001
0.0,21,54.718059
1.0,55,54.726068
1.0,52,54.733935
0.0,28,54.738047
0.0,4,54.738686
0.0,6,54.739591
1.0,54,54.747492
1.0,52,54.755129
1.0,55,54.763119
1.0,59,54.772015
1.0,52,54.779768
0.0,44,54.786482
0.0,23,54.789796
1.0,59,54.798592
1.0,53,54.806419
1.0,59,54.814919
1.0,56,54.822953
1.0,65,54.832307
1.0,54,54.840034
1.0,58,54.848301
0.0,18,54.850886
1.0,56,54.859097
1.0,53,54.866638
1.0,56,54.874623
1.0,60,54.883175
1.0,60,54.891856
1.0,56,54.899832
0.0,8,54.900995
1.0,55,54.908853
0.0,38,54.914298
1.0,70,54.924342
0.0,6,54.925222
1.0,53,54.932838
1.0,55,54.940701
0.0,39,54.946292
0.0,6,54.947176
0.0,14,54.949195
1.0,55,54.957058
0.0,6,54.957942
1.0,68,54.967703
1.0,55,54.975563
1.0,56,54.983568
0.0,6,54.984447
1.0,50,54.991706
1.0,59,55.000149
0.0,33,55.004884
1.0,51,55.01217
1.0,52,55.019635
1.0,52,55.027084
1.0,51,55.034517
1.0,56,55.042516
0.0,27,55.046411
0.0,26,55.050145
1.0,63,55.059115
1.0,54,55.066911
1.0,63,55.075878
0.0,4,55.076473
0.0,37,55.081774
1.0,55,55.089635
1.0,53,55.097182
0.0,18,55.09978
1.0,57,55.107926
1.0,56,55.115959
1.0,54,55.123676
1.0,60,55.132293
1.0,60,55.14089
0.0,4,55.141486
1.0,50,55.148722
1.0,52,55.156139
1.0,58,55.16438
0.0,29,55.168756
0.0,44,55.175078
0.0,25,55.178666
1.0,61,55.18736
1.0,52,55.194777
1.0,51,55.202054
1.0,51,55.209381
1.0,54,55.21711
1.0,50,55.224261
1.0,59,55.232879
0.0,29,55.237057
1.0,60,55.245651
1.0,55,55.253505
0.0,23,55.256807
1.0,57,55.265034
0.0,4,55.265629
1.0,57,55.27374
0.0,25,55.277365
1.0,58,55.28562
0.0,40,55.291366
1.0,52,55.298786
1.0,50,55.30591
0.0,35,55.310947
1.0,61,55.319635
1.0,64,55.328749
1.0,53,55.336391
1.0,58,55.344678
1.0,58,55.352981
1.0,59,55.361386
0.0,17,55.363838
1.0,56,55.371915
1.0,56,55.379913
1.0,54,55.38805
0.0,23,55.391358
1.0,53,55.399058
1.0,53,55.406616
1.0,54,55.414313
0.0,16,55.416649
0.0,17,55.419126
1.0,54,55.426832
1.0,56,55.434869
0.0,17,55.437321
1.0,55,55.445155
1.0,62,55.454031
1.0,61,55.462717
1.0,59,55.47113
1.0,59,55.479541
1.0,60,55.488128
1.0,58,55.496389
0.0,7,55.497408
1.0,58,55.505672
1.0,61,55.51438
1.0,61,55.523115
1.0,53,55.53068
1.0,56,55.538738
0.0,6,55.539623
1.0,54,55.547321
1.0,55,55.555187
1.0,55,55.563057
0.0,14,55.565077
0.0,8,55.566246
1.0,54,55.573954
1.0,54,55.581671
1.0,59,55.590081
0.0,42,55.596127
0.0,14,55.598137
0.0,36,55.603293
1.0,55,55.611137
0.0,6,55.612023
0.0,8,55.613181
1.0,58,55.62144
1.0,52,55.628991
1.0,60,55.637703
1.0,52,55.645307
1.0,52,55.652764
1.0,58,55.661023
0.0,7,55.662044
1.0,53,55.669645
0.0,27,55.673521
1.0,51,55.680822
0.0,29,55.685
1.0,53,55.692575
1.0,55,55.70048
1.0,55,55.708345
0.0,4,55.708942
0.0,35,55.713964
1.0,58,55.722377
0.0,20,55.725325
0.0,10,55.726764
1.0,61,55.735522
1.0,56,55.743519
0.0,27,55.747421
1.0,53,55.754995
1.0,55,55.762907
1.0,61,55.771646
0.0,46,55.778219
0.0,45,55.784649
0.0,19,55.787383
1.0,60,55.79592
0.0,6,55.796802
1.0,59,55.805257
0.0,27,55.80913
0.0,30,55.813415
1.0,59,55.821825
1.0,52,55.829244
0.0,46,55.835904
1.0,54,55.843656
0.0,16,55.845964
1.0,52,55.85339
0.0,25,55.856963
0.0,16,55.859264
0.0,19,55.861999
0.0,46,55.868583
1.0,51,55.875906
0.0,8,55.877074
0.0,16,55.879364
0.0,16,55.881661
1.0,57,55.889784
1.0,57,55.89798
0.0,44,55.904271
0.0,21,55.907295
1.0,51,55.914617
0.0,8,55.915782
1.0,54,55.923478
1.0,60,55.93202
0.0,38,55.937518
0.0,20,55.940381
0.0,24,55.943858
0.0,25,55.947457
0.0,32,55.952024
1.0,54,55.959733
0.0,6,55.960613
0.0,27,55.964471
1.0,53,55.972046
1.0,59,55.980531
1.0,52,55.988277
1.0,61,55.997015
1.0,56,56.005016
1.0,59,56.013463
0.0,48,56.020364
1.0,51,56.027702
1.0,55,56.035613
1.0,51,56.042916
0.0,16,56.045217
1.0,60,56.053821
1.0,60,56.062396
0.0,8,56.063568
0.0,8,56.064729
1.0,53,56.072324
1.0,54,56.080039
1.0,54,56.087779
0.0,6,56.088662
1.0,55,56.096514
0.0,39,56.1021
1.0,51,56.109377
1.0,53,56.116933
1.0,53,56.124554
0.0,6,56.125437
1.0,57,56.133608
1.0,52,56.141091
1.0,56,56.149186
1.0,56,56.15728
1.0,61,56.16602
1.0,62,56.174898
0.0,18,56.177482
0.0,42,56.183531
1.0,55,56.191422
0.0,14,56.193438
1.0,54,56.201129
0.0,37,56.206601
0.0,27,56.210474
0.0,23,56.213906
1.0,54,56.22184
1.0,51,56.22919
0.0,37,56.234689
1.0,56,56.243011
0.0,40,56.248724
1.0,55,56.256573
0.0,38,56.262082
1.0,55,56.269976
0.0,7,56.270994
1.0,55,56.278838
1.0,62,56.287669
1.0,56,56.295707
1.0,54,56.303428
1.0,56,56.311433
0.0,12,56.313168
1.0,56,56.321152
1.0,52,56.328568
1.0,50,56.335828
1.0,59,56.344282
0.0,30,56.348583
0.0,44,56.354879
1.0,52,56.362309
1.0,50,56.369542
1.0,62,56.378373
0.0,8,56.37954
0.0,35,56.384533
1.0,57,56.392661
1.0,50,56.399809
1.0,54,56.407548
0.0,6,56.408435
1.0,56,56.416432
1.0,58,56.424725
1.0,57,56.432869
1.0,56,56.441046
1.0,62,56.449894
0.0,14,56.452038
1.0,54,56.459805
0.0,18,56.462558
0.0,16,56.464861
0.0,19,56.467609
0.0,19,56.470411
1.0,53,56.478013
0.0,16,56.480332
0.0,43,56.486479
1.0,63,56.495584
1.0,59,56.504017
1.0,54,56.511776
1.0,57,56.519913
1.0,54,56.527637
0.0,38,56.533084
1.0,55,56.541036
1.0,53,56.548675
1.0,59,56.55709
1.0,51,56.56439
1.0,59,56.572822
0.0,6,56.573705
0.0,37,56.579039
1.0,61,56.587854
0.0,30,56.592405
0.0,49,56.599446
1.0,51,56.606738
1.0,56,56.614784
1.0,55,56.622739
1.0,64,56.631901
0.0,37,56.637265
1.0,54,56.645017
1.0,59,56.65352
1.0,58,56.66181
1.0,52,56.669232
0.0,6,56.670108
0.0,45,56.676515
1.0,51,56.683843
1.0,53,56.691426
1.0,50,56.698581
1.0,54,56.706286
1.0,55,56.71415
1.0,54,56.721922
1.0,56,56.730065
1.0,51,56.737437
1.0,50,56.744592
0.0,39,56.750191
0.0,10,56.751683
0.0,30,56.756
0.0,46,56.762593
1.0,51,56.769937
1.0,52,56.777387
0.0,4,56.777986
0.0,14,56.780016
1.0,59,56.788493
1.0,64,56.79764
1.0,54,56.805366
0.0,4,56.805964
0.0,14,56.807982
1.0,60,56.816554
1.0,56,56.824607
0.0,42,56.830634
1.0,56,56.838695
0.0,8,56.839867
1.0,59,56.848296
0.0,6,56.849185
1.0,55,56.85707
1.0,57,56.865208
0.0,28,56.869244
1.0,58,56.877537
1.0,53,56.88512
0.0,42,56.891147
1.0,51,56.898543
1.0,51,56.905826
0.0,41,56.911695
1.0,58,56.920006
1.0,56,56.928052
0.0,43,56.934279
1.0,54,56.942033
1.0,57,56.950217
0.0,35,56.955237
1.0,59,56.963714
0.0,26,56.967484
1.0,54,56.975215
1.0,55,56.98309
1.0,59,56.991507
0.0,33,56.996232
1.0,60,57.004842
0.0,37,57.010156
1.0,58,57.018458
1.0,57,57.02658
1.0,55,57.034561
0.0,12,57.03629
0.0,31,57.040728
1.0,56,57.048711
0.0,33,57.05344
1.0,54,57.06118
0.0,37,57.06648
0.0,14,57.068538
1.0,55,57.076393
1.0,56,57.084424
1.0,52,57.091867
0.0,6,57.092746
0.0,45,57.09919
1.0,58,57.107501
0.0,14,57.109518
1.0,53,57.117153
1.0,64,57.126334
1.0,65,57.135693
1.0,54,57.143462
1.0,52,57.150904
0.0,19,57.153652
1.0,53,57.161243
0.0,12,57.162992
1.0,52,57.170484
0.0,21,57.173548
1.0,54,57.181253
1.0,62,57.190484
0.0,18,57.19308
0.0,4,57.193675
1.0,54,57.201453
0.0,16,57.203777
1.0,50,57.210974
0.0,40,57.216718
0.0,39,57.222347
0.0,6,57.223226
1.0,54,57.23095
1.0,53,57.238579
0.0,20,57.241459
1.0,57,57.249639
1.0,60,57.258232
1.0,51,57.265637
1.0,58,57.273923
1.0,60,57.28254
0.0,47,57.289252
1.0,55,57.297133
0.0,18,57.299732
1.0,54,57.307462
1.0,55,57.315343
1.0,56,57.323348
0.0,33,57.328087
1.0,51,57.335474
0.0,29,57.339645
1.0,54,57.347379
1.0,53,57.355048
0.0,21,57.358061
1.0,56,57.366072
0.0,33,57.370815
0.0,37,57.376126
0.0,45,57.382577
1.0,56,57.390631
1.0,55,57.398493
1.0,56,57.406516
1.0,55,57.414387
1.0,54,57.422161
1.0,55,57.430012
1.0,55,57.437908
0.0,38,57.443375
1.0,57,57.451518
0.0,6,57.452398
0.0,10,57.453851
0.0,9,57.45523
1.0,57,57.46338
1.0,56,57.471415
0.0,39,57.476998
1.0,53,57.484594
1.0,59,57.493109
1.0,54,57.500837
0.0,4,57.50143
0.0,30,57.505738
0.0,34,57.5106
1.0,52,57.518036
1.0,59,57.526501
1.0,58,57.53486
1.0,52,57.542302
1.0,55,57.550167
1.0,52,57.557598
1.0,53,57.565233
1.0,55,57.573119
1.0,54,57.580857
1.0,59,57.589284
0.0,4,57.589882
0.0,19,57.592627
0.0,30,57.597
1.0,52,57.604448
0.0,28,57.608454
1.0,54,57.616182
0.0,31,57.62063
1.0,54,57.628381
1.0,52,57.63596
1.0,50,57.643428
0.0,19,57.646157
0.0,6,57.647044
0.0,49,57.654474
1.0,50,57.661667
1.0,54,57.669588
1.0,60,57.678526
1.0,52,57.686038
0.0,12,57.687783
1.0,60,57.696395
0.0,12,57.698125
1.0,56,57.706197
1.0,53,57.713795
1.0,54,57.721549
0.0,10,57.723008
1.0,58,57.731375
0.0,22,57.734554
1.0,53,57.742259
0.0,8,57.743434
1.0,61,57.75214
1.0,55,57.760126
1.0,55,57.768006
0.0,40,57.773787
1.0,58,57.782099
1.0,56,57.790226
0.0,8,57.791438
0.0,8,57.792607
0.0,45,57.799445
1.0,51,57.806862
0.0,31,57.811333
1.0,59,57.819782
1.0,58,57.828103
1.0,59,57.836702
1.0,60,57.845427
1.0,53,57.853037
1.0,54,57.860806
0.0,54,57.868579
1.0,58,57.876968
1.0,50,57.884149
0.0,6,57.885033
1.0,52,57.892493
1.0,54,57.900304
1.0,53,57.907919
0.0,14,57.909953
1.0,55,57.917885
1.0,52,57.925331
1.0,55,57.933212
0.0,37,57.938615
1.0,54,57.946454
1.0,56,57.954498
1.0,52,57.961985
1.0,56,57.970147
0.0,27,57.97405
0.0,46,57.980674
1.0,54,57.988453
1.0,56,57.9966
1.0,59,58.005041
1.0,53,58.012633
0.0,4,58.013232
0.0,37,58.018605
1.0,56,58.026618
1.0,51,58.033935
1.0,54,58.041744
1.0,54,58.049495
0.0,28,58.053558
1.0,55,58.06143
1.0,56,58.069461
1.0,57,58.077626
1.0,50,58.084788
0.0,19,58.08766
0.0,12,58.089396
0.0,18,58.091993
0.0,9,58.0933
1.0,50,58.100479
0.0,17,58.10294
1.0,57,58.111092
0.0,32,58.115694
1.0,57,58.123931
0.0,37,58.129243
0.0,31,58.133701
0.0,42,58.139794
1.0,60,58.148394
0.0,50,58.155571
0.0,27,58.159556
0.0,42,58.165597
0.0,38,58.171068
0.0,4,58.171667
0.0,40,58.17746
1.0,53,58.185045
1.0,57,58.193317
1.0,56,58.201338
1.0,56,58.209344
1.0,53,58.216951
0.0,31,58.22142
1.0,52,58.229337
0.0,27,58.233344
0.0,20,58.236265
0.0,8,58.237433
0.0,39,58.243239
0.0,6,58.244123
0.0,37,58.249433
1.0,56,58.257434
0.0,14,58.259474
1.0,56,58.267633
1.0,51,58.274969
0.0,6,58.275861
1.0,54,58.283599
1.0,56,58.29164
1.0,56,58.299759
1.0,59,58.308236
1.0,52,58.315756
1.0,55,58.323654
1.0,60,58.332258
1.0,56,58.340451
1.0,62,58.349327
1.0,52,58.356794
1.0,55,58.364686
1.0,57,58.372941
1.0,58,58.381237
0.0,46,58.387858
1.0,64,58.397402
1.0,53,58.405112
1.0,60,58.413719
1.0,56,58.421745
1.0,54,58.429533
1.0,57,58.437779
1.0,54,58.445621
0.0,25,58.449226
0.0,29,58.453398
1.0,56,58.461437
1.0,54,58.469194
1.0,58,58.477612
0.0,6,58.478498
1.0,58,58.486791
0.0,6,58.487679
1.0,54,58.495426
1.0,67,58.505028
1.0,63,58.514114
1.0,58,58.522417
0.0,20,58.525289
0.0,16,58.527602
1.0,58,58.535908
1.0,54,58.543797
1.0,59,58.552216
0.0,33,58.556957
1.0,52,58.564407
1.0,67,58.573979
1.0,50,58.581275
0.0,26,58.585017
1.0,52,58.592474
1.0,61,58.601205
1.0,58,58.609481
1.0,51,58.616915
1.0,55,58.624805
0.0,46,58.631412
1.0,54,58.639198
0.0,21,58.642258
1.0,57,58.650535
0.0,55,58.658405
1.0,52,58.665849
1.0,62,58.67472
0.0,35,58.679734
1.0,60,58.688392
1.0,55,58.696244
1.0,54,58.703994
0.0,27,58.707882
0.0,48,58.714764
0.0,44,58.721172
0.0,18,58.723784
1.0,58,58.732175
0.0,41,58.738128
0.0,4,58.738731
1.0,50,58.745894
1.0,52,58.753333
0.0,14,58.755476
1.0,52,58.762942
1.0,53,58.770531
0.0,35,58.775569
1.0,55,58.783473
1.0,52,58.791003
1.0,57,58.799201
1.0,54,58.80698
0.0,21,58.810014
1.0,60,58.818609
0.0,12,58.820349
1.0,51,58.827741
1.0,53,58.835335
1.0,54,58.843138
1.0,51,58.850462
0.0,4,58.851062
0.0,8,58.852225
0.0,33,58.857023
1.0,50,58.864253
1.0,54,58.871998
1.0,52,58.879465
0.0,42,58.88549
1.0,59,58.893918
0.0,15,58.896119
0.0,4,58.896716
0.0,43,58.90291
1.0,60,58.911472
1.0,58,58.919794
1.0,55,58.927665
1.0,54,58.93543
0.0,7,58.936484
1.0,61,58.945245
0.0,12,58.946989
1.0,59,58.955612
1.0,54,58.963396
1.0,56,58.971447
1.0,52,58.978883
0.0,31,58.983345
1.0,56,58.991357
0.0,38,58.996815
0.0,44,59.003175
1.0,53,59.010775
0.0,37,59.016097
1.0,58,59.024407
1.0,53,59.032
1.0,55,59.039973
1.0,50,59.047151
1.0,52,59.054616
1.0,57,59.062814
1.0,55,59.070667
1.0,52,59.078147
1.0,54,59.086201
0.0,4,59.086838
1.0,51,59.094287
0.0,6,59.095259
1.0,52,59.10279
1.0,63,59.111956
1.0,54,59.120053
0.0,8,59.121245
1.0,50,59.128588
0.0,21,59.13162
1.0,55,59.139601
1.0,50,59.146861
0.0,19,59.149632
0.0,14,59.151654
1.0,56,59.15966
1.0,56,59.167673
0.0,44,59.17397
0.0,9,59.175295
0.0,4,59.175894
1.0,52,59.183404
0.0,37,59.188711
1.0,56,59.196706
1.0,52,59.204134
0.0,18,59.206718
0.0,49,59.213742
1.0,55,59.221602
0.0,35,59.226621
0.0,12,59.228365
0.0,45,59.234821
0.0,28,59.238887
1.0,59,59.247347
0.0,39,59.252945
1.0,64,59.262123
1.0,53,59.269699
0.0,45,59.276142
0.0,8,59.277312
0.0,17,59.279765
0.0,49,59.286801
0.0,13,59.288674
0.0,17,59.291125
1.0,58,59.299405
0.0,38,59.304855
1.0,61,59.313579
1.0,54,59.321362
0.0,29,59.325543
1.0,54,59.333285
1.0,61,59.342133
1.0,50,59.349333
0.0,25,59.352977
0.0,4,59.353577
1.0,56,59.361606
1.0,52,59.369152
1.0,52,59.376648
1.0,62,59.385521
1.0,53,59.393141
1.0,60,59.401733
1.0,56,59.409756
0.0,30,59.414076
0.0,8,59.415247
0.0,17,59.417706
0.0,19,59.420449
1.0,57,59.428652
0.0,12,59.430393
1.0,60,59.439096
1.0,52,59.446531
1.0,53,59.45414
1.0,53,59.461781
1.0,53,59.469476
1.0,51,59.476807
1.0,58,59.485108
0.0,23,59.488422
0.0,36,59.493698
0.0,4,59.494303
1.0,52,59.501772
1.0,63,59.510786
1.0,52,59.518265
1.0,64,59.527423
1.0,57,59.535607
1.0,54,59.543412
0.0,26,59.547154
0.0,48,59.554036
1.0,53,59.56162
1.0,56,59.569686
0.0,18,59.572294
1.0,55,59.580164
1.0,58,59.588469
1.0,57,59.596611
1.0,59,59.605082
1.0,56,59.613105
1.0,60,59.621689
1.0,54,59.629523
1.0,52,59.63713
0.0,14,59.639291
1.0,53,59.646966
0.0,14,59.648993
1.0,50,59.65617
0.0,29,59.660348
0.0,39,59.665957
1.0,51,59.673294
1.0,55,59.681157
1.0,55,59.689036
0.0,43,59.69551
1.0,55,59.703599
1.0,61,59.712334
1.0,56,59.720348
1.0,52,59.727934
1.0,58,59.736288
1.0,59,59.744835
1.0,52,59.752285
0.0,39,59.757889
1.0,56,59.765905
1.0,55,59.773804
1.0,61,59.782516
1.0,52,59.789977
1.0,50,59.797158
1.0,53,59.804753
1.0,57,59.812954
1.0,57,59.821118
1.0,53,59.828709
1.0,55,59.83658
1.0,51,59.843992
1.0,51,59.851315
0.0,22,59.854492
0.0,25,59.858093
1.0,59,59.866513
0.0,14,59.86853
0.0,33,59.873267
0.0,28,59.877308
1.0,53,59.884947
0.0,6,59.885834
1.0,57,59.893996
1.0,65,59.903364
1.0,50,59.910562
0.0,8,59.911728
1.0,57,59.919948
1.0,53,59.927544
1.0,56,59.935572
1.0,54,59.943442
0.0,35,59.948461
0.0,21,59.951555
0.0,44,59.95787
0.0,8,59.959034
0.0,10,59.960484
1.0,57,59.968632
1.0,50,59.975789
0.0,21,59.978822
1.0,56,59.986863
1.0,54,59.994658
1.0,50,60.001832
0.0,21,60.004859
1.0,56,60.012873
0.0,16,60.015188
0.0,8,60.016348
1.0,54,60.024092
1.0,58,60.032383
0.0,17,60.034885
1.0,56,60.043005
1.0,60,60.05161
1.0,52,60.059096
0.0,6,60.059982
1.0,60,60.068552
1.0,51,60.075869
0.0,21,60.078902
1.0,59,60.087335
1.0,61,60.096081
1.0,55,60.103979
1.0,50,60.111161
1.0,54,60.118873
1.0,56,60.126945
0.0,6,60.127832
0.0,21,60.130849
1.0,50,60.138163
1.0,56,60.146197
1.0,51,60.153509
1.0,56,60.16157
1.0,55,60.169461
0.0,8,60.170634
1.0,53,60.178298
1.0,57,60.186477
1.0,52,60.193922
1.0,56,60.201971
1.0,52,60.209405
0.0,41,60.215295
0.0,34,60.220177
1.0,55,60.228107
1.0,59,60.236597
1.0,57,60.244796
0.0,8,60.245962
1.0,55,60.253837
1.0,58,60.26219
1.0,55,60.270115
1.0,53,60.277722
0.0,35,60.282737
1.0,50,60.289889
1.0,56,60.298346
1.0,54,60.306293
0.0,6,60.307184
0.0,31,60.311646
1.0,53,60.319252
0.0,12,60.321071
0.0,31,60.325518
1.0,54,60.33329
1.0,52,60.340869
0.0,6,60.341753
1.0,55,60.349606
1.0,50,60.35676
1.0,61,60.36549
1.0,56,60.373545
1.0,50,60.380724
1.0,56,60.388713
1.0,53,60.396306
1.0,54,60.404076
0.0,14,60.406127
0.0,12,60.407888
1.0,59,60.416322
1.0,61,60.42504
1.0,54,60.432775
0.0,41,60.438683
1.0,53,60.446349
1.0,57,60.454524
0.0,41,60.460398
1.0,50,60.467574
1.0,52,60.475009
0.0,22,60.478215
0.0,14,60.480236
1.0,53,60.487838
1.0,57,60.495982
1.0,52,60.503431
1.0,55,60.511298
0.0,10,60.512782
1.0,55,60.520643
1.0,61,60.529604
0.0,42,60.535975
1.0,50,60.54333
0.0,8,60.544496
1.0,51,60.551941
1.0,55,60.560069
0.0,18,60.562702
0.0,23,60.56604
1.0,51,60.573401
1.0,52,60.58089
0.0,29,60.585083
0.0,4,60.58568
1.0,52,60.593116
1.0,54,60.600883
0.0,35,60.605918
1.0,62,60.614777
1.0,52,60.622234
1.0,56,60.630264
1.0,53,60.637837
1.0,53,60.645517
1.0,52,60.653028
0.0,6,60.653912
1.0,54,60.661628
0.0,34,60.666502
1.0,55,60.674378
0.0,14,60.676389
1.0,58,60.684678
0.0,27,60.688598
1.0,52,60.696036
0.0,6,60.696923
0.0,34,60.701802
0.0,4,60.702406
0.0,16,60.704707
1.0,52,60.712169
1.0,52,60.719608
0.0,17,60.722063
1.0,54,60.729877
1.0,51,60.737167
1.0,50,60.744436
1.0,56,60.752439
1.0,61,60.761208
1.0,58,60.769482
1.0,62,60.778337
1.0,52,60.785775
1.0,54,60.793518
0.0,10,60.79497
1.0,54,60.802715
0.0,39,60.808324
1.0,53,60.81591
1.0,54,60.82363
1.0,57,60.831811
1.0,54,60.839653
1.0,59,60.84809
1.0,55,60.855934
1.0,55,60.863853
1.0,55,60.871723
0.0,18,60.874321
0.0,52,60.88175
1.0,50,60.88893
1.0,66,60.898666
0.0,40,60.904552
0.0,25,60.908201
1.0,52,60.915636
0.0,47,60.922367
1.0,59,60.93079
0.0,15,60.932996
1.0,56,60.941109
0.0,44,60.947437
0.0,29,60.951601
1.0,55,60.959472
1.0,55,60.967471
1.0,54,60.975227
0.0,21,60.978244
1.0,58,60.986537
1.0,50,60.993705
0.0,49,61.001015
1.0,61,61.009752
1.0,56,61.017748
0.0,40,61.023485
1.0,56,61.031506
1.0,57,61.03976
0.0,22,61.042922
1.0,57,61.051055
0.0,27,61.054945
0.0,18,61.057532
1.0,56,61.065539
0.0,16,61.067858
1.0,50,61.075102
0.0,13,61.076982
1.0,52,61.084506
0.0,30,61.088814
1.0,63,61.097842
1.0,50,61.105029
1.0,55,61.112969
0.0,41,61.11886
0.0,33,61.123615
0.0,44,61.129964
1.0,58,61.138271
1.0,61,61.147495
1.0,56,61.155506
0.0,25,61.159138
1.0,54,61.166891
1.0,53,61.174464
1.0,56,61.182561
0.0,39,61.188176
1.0,50,61.195341
0.0,35,61.200372
0.0,15,61.202541
1.0,56,61.210567
1.0,53,61.218218
0.0,35,61.223222
1.0,53,61.230812
1.0,52,61.238345
1.0,55,61.246248
0.0,29,61.250487
0.0,29,61.254717
1.0,55,61.262713
1.0,53,61.270303
0.0,8,61.271479
1.0,57,61.279621
1.0,55,61.287585
1.0,56,61.295591
0.0,39,61.301183
0.0,40,61.306985
0.0,8,61.308149
0.0,37,61.313458
1.0,55,61.321379
0.0,19,61.324122
1.0,55,61.331989
1.0,60,61.340601
0.0,28,61.344615
0.0,12,61.346348
1.0,57,61.354533
1.0,52,61.362037
1.0,62,61.370918
0.0,20,61.373796
1.0,57,61.381936
1.0,56,61.389971
1.0,54,61.397727
1.0,54,61.40545
0.0,16,61.407763
1.0,51,61.415113
0.0,42,61.421121
0.0,55,61.429094
1.0,50,61.436288
1.0,50,61.443521
1.0,53,61.451122
0.0,4,61.451717
1.0,50,61.458892
0.0,21,61.461954
1.0,53,61.469583
0.0,21,61.472611
1.0,52,61.480082
1.0,53,61.487692
0.0,19,61.490432
0.0,6,61.491319
1.0,52,61.499061
0.0,31,61.503624
0.0,7,61.504653
1.0,62,61.513545
1.0,57,61.521723
1.0,55,61.52964
1.0,53,61.537277
1.0,54,61.545082
0.0,8,61.546247
0.0,30,61.550561
1.0,55,61.558442
0.0,35,61.563473
1.0,52,61.57097
1.0,51,61.578273
1.0,54,61.585995
0.0,31,61.590441
0.0,16,61.592754
1.0,56,61.600782
1.0,57,61.60897
1.0,54,61.616685
1.0,53,61.624267
1.0,53,61.631839
0.0,33,61.636596
1.0,50,61.643863
1.0,57,61.652052
0.0,44,61.658348
1.0,54,61.666054
0.0,30,61.670361
0.0,42,61.676409
0.0,8,61.677576
0.0,45,61.684012
0.0,18,61.686608
1.0,58,61.694917
1.0,55,61.702794
1.0,51,61.71013
1.0,59,61.71855
0.0,41,61.724418
0.0,11,61.726065
1.0,55,61.733911
1.0,60,61.742588
0.0,4,61.743187
1.0,57,61.751334
0.0,29,61.755492
0.0,41,61.761354
0.0,12,61.763089
1.0,61,61.771808
1.0,57,61.779975
0.0,39,61.785556
1.0,56,61.793565
0.0,22,61.796731
0.0,38,61.802161
0.0,15,61.804326
1.0,57,61.812512
0.0,8,61.813677
1.0,53,61.821247
0.0,29,61.8254
1.0,56,61.833385
0.0,8,61.834556
1.0,57,61.842776
1.0,58,61.851084
1.0,60,61.859642
1.0,50,61.866793
1.0,54,61.874517
1.0,59,61.883021
1.0,65,61.892267
1.0,52,61.89968
1.0,56,61.907721
0.0,38,61.913145
1.0,52,61.920597
0.0,11,61.922193
1.0,59,61.930595
1.0,52,61.937997
1.0,58,61.946307
0.0,23,61.949603
0.0,4,61.9502
0.0,25,61.953938
1.0,56,61.96216
0.0,36,61.967485
1.0,53,61.975416
1.0,56,61.98349
1.0,53,61.991262
0.0,21,61.994324
0.0,42,62.000599
1.0,55,62.008488
1.0,50,62.015692
0.0,21,62.018738
0.0,6,62.019616
1.0,55,62.027575
1.0,53,62.035151
0.0,45,62.041653
0.0,21,62.044679
1.0,51,62.05199
0.0,40,62.057774
0.0,10,62.059225
0.0,25,62.062819
0.0,17,62.06527
0.0,45,62.07172
1.0,57,62.079909
0.0,32,62.0851
0.0,16,62.087483
0.0,49,62.094597
0.0,42,62.100772
1.0,57,62.1092
1.0,60,62.117825
1.0,54,62.12561
1.0,62,62.134529
1.0,59,62.14309
1.0,56,62.151112
1.0,59,62.159566
1.0,55,62.167481
0.0,6,62.168365
0.0,4,62.168958
1.0,56,62.176976
1.0,59,62.185465
1.0,52,62.192959
1.0,53,62.200622
1.0,50,62.207817
1.0,65,62.217083
1.0,53,62.2247
1.0,53,62.232296
0.0,32,62.23693
0.0,9,62.238243
1.0,52,62.245718
1.0,55,62.253598
0.0,20,62.25648
1.0,57,62.264709
1.0,57,62.27294
1.0,53,62.280541
0.0,12,62.282295
0.0,19,62.285026
0.0,6,62.285907
0.0,33,62.29067
0.0,18,62.293265
1.0,53,62.300883
0.0,40,62.306788
1.0,59,62.315256
1.0,53,62.32285
1.0,59,62.331283
0.0,30,62.335613
1.0,56,62.34374
0.0,37,62.34905
0.0,21,62.352082
1.0,65,62.361381
1.0,52,62.368824
1.0,55,62.376741
0.0,36,62.381953
0.0,25,62.38555
1.0,54,62.393299
0.0,41,62.399193
0.0,19,62.40194
1.0,54,62.40971
1.0,51,62.417028
1.0,54,62.42475
0.0,21,62.427787
1.0,57,62.435974
0.0,23,62.439293
1.0,63,62.448421
1.0,56,62.45648
0.0,35,62.461503
1.0,54,62.469375
1.0,56,62.477397
1.0,63,62.486452
0.0,22,62.48962
1.0,52,62.497148
1.0,58,62.505446
1.0,55,62.51334
1.0,58,62.521704
1.0,59,62.530156
0.0,20,62.533034
1.0,55,62.540919
0.0,8,62.542157
1.0,55,62.550058
1.0,50,62.557233
1.0,50,62.564407
1.0,51,62.571725
1.0,58,62.580024
1.0,58,62.588359
1.0,60,62.59694
0.0,4,62.597538
0.0,38,62.602995
1.0,56,62.61102
1.0,50,62.618241
1.0,56,62.626295
1.0,62,62.635186
1.0,53,62.642857
0.0,16,62.645197
1.0,52,62.652678
1.0,50,62.659898
1.0,56,62.667933
1.0,56,62.67598
0.0,19,62.678725
0.0,23,62.682037
1.0,58,62.690391
0.0,37,62.695722
1.0,54,62.703881
1.0,54,62.711659
0.0,21,62.714701
1.0,58,62.723018
1.0,55,62.730999
1.0,59,62.739569
0.0,8,62.740743
1.0,52,62.748295
1.0,53,62.756607
1.0,50,62.76383
1.0,52,62.771316
1.0,57,62.779495
0.0,40,62.785239
1.0,58,62.793555
1.0,62,62.80252
0.0,16,62.804836
1.0,55,62.812718
1.0,57,62.820899
1.0,54,62.828667
0.0,22,62.831888
0.0,27,62.835874
1.0,58,62.844265
1.0,62,62.853156
0.0,31,62.857607
0.0,22,62.860785
1.0,56,62.868863
1.0,50,62.87606
1.0,66,62.885489
1.0,56,62.893519
0.0,42,62.899556
1.0,61,62.908324
1.0,55,62.916301
0.0,31,62.920778
0.0,14,62.922809
0.0,29,62.926989
0.0,22,62.930153
1.0,55,62.938069
1.0,54,62.945872
1.0,59,62.954334
0.0,43,62.96051
1.0,59,62.96896
1.0,56,62.97701
0.0,4,62.977607
1.0,51,62.984925
0.0,26,62.988668
1.0,55,62.99656
1.0,58,63.004893
1.0,59,63.013455
1.0,55,63.021338
0.0,44,63.027658
1.0,56,63.035693
1.0,57,63.043977
1.0,69,63.05388
1.0,54,63.061631
1.0,57,63.069809
0.0,35,63.07486
1.0,52,63.082369
0.0,25,63.085979
1.0,56,63.094009
1.0,54,63.101767
0.0,33,63.106534
0.0,4,63.107133
0.0,31,63.11166
0.0,33,63.116465
0.0,16,63.11879
0.0,6,63.119675
1.0,54,63.127429
0.0,32,63.132027
1.0,53,63.139666
1.0,57,63.148008
1.0,55,63.155936
1.0,54,63.163669
1.0,59,63.17214
1.0,53,63.179801
1.0,56,63.187929
1.0,53,63.195524
1.0,59,63.203958
0.0,14,63.205992
0.0,44,63.212328
1.0,51,63.219678
0.0,38,63.22515
1.0,54,63.233254
1.0,60,63.241885
1.0,55,63.250029
1.0,55,63.257967
1.0,53,63.265632
1.0,61,63.274372
1.0,56,63.282393
1.0,55,63.290321
1.0,52,63.2978
0.0,35,63.303086
0.0,22,63.306411
1.0,58,63.31474
0.0,33,63.31951
0.0,19,63.32226
0.0,6,63.323175
1.0,52,63.330663
1.0,58,63.338966
1.0,54,63.346757
1.0,57,63.354937
1.0,56,63.362991
1.0,52,63.370477
1.0,57,63.378627
1.0,60,63.387207
0.0,8,63.38838
0.0,42,63.394429
1.0,50,63.401582
1.0,53,63.409505
1.0,54,63.417339
0.0,19,63.420099
1.0,52,63.427831
0.0,23,63.431259
1.0,55,63.439218
0.0,22,63.442461
1.0,51,63.450146
0.0,14,63.452179
0.0,18,63.454812
1.0,51,63.462161
0.0,8,63.463363
0.0,41,63.469258
1.0,55,63.477174
1.0,50,63.484348
0.0,33,63.489087
1.0,59,63.497542
1.0,58,63.50588
1.0,53,63.513485
1.0,56,63.521514
0.0,32,63.526121
0.0,16,63.528444
1.0,57,63.536653
1.0,63,63.545737
1.0,55,63.553614
1.0,53,63.561211
1.0,50,63.568399
0.0,38,63.573906
1.0,58,63.582219
0.0,14,63.584266
0.0,49,63.591356
1.0,56,63.599397
1.0,57,63.607614
0.0,21,63.610651
1.0,58,63.618951
1.0,54,63.626777
0.0,42,63.63285
0.0,18,63.635484
0.0,23,63.638851
1.0,57,63.647209
1.0,60,63.655808
0.0,44,63.662138
1.0,53,63.669764
0.0,29,63.673954
1.0,55,63.681885
0.0,4,63.682486
1.0,62,63.691353
1.0,56,63.699383
1.0,59,63.707835
1.0,56,63.715898
0.0,47,63.722695
0.0,50,63.729918
1.0,51,63.737207
1.0,55,63.745189
0.0,35,63.75023
0.0,34,63.755123
0.0,35,63.760166
0.0,45,63.766618
0.0,19,63.769363
1.0,57,63.777635
1.0,54,63.78548
1.0,52,63.793006
1.0,57,63.801183
1.0,51,63.808505
0.0,27,63.812394
0.0,19,63.815181
0.0,21,63.818199
1.0,53,63.825781
0.0,43,63.831923
1.0,53,63.839526
0.0,35,63.844627
1.0,52,63.852112
1.0,54,63.859844
0.0,8,63.861019
0.0,14,63.863039
1.0,55,63.870908
1.0,61,63.879654
0.0,44,63.885987
1.0,60,63.894577
1.0,53,63.902165
1.0,53,63.910088
0.0,39,63.915771
0.0,45,63.922253
1.0,56,63.930295
1.0,57,63.938461
1.0,60,63.947156
1.0,52,63.954614
1.0,55,63.962527
1.0,56,63.970649
0.0,42,63.976716
0.0,9,63.978024
0.0,20,63.980918
0.0,14,63.982941
1.0,54,63.990718
1.0,63,63.999785
1.0,51,64.007134
1.0,60,64.015712
0.0,19,64.018463
1.0,52,64.025949
1.0,52,64.033417
1.0,52,64.040864
1.0,59,64.049371
1.0,50,64.056544
1.0,58,64.06488
0.0,19,64.067633
1.0,57,64.075788
1.0,58,64.084073
1.0,57,64.092237
1.0,54,64.100023
1.0,53,64.107718
0.0,45,64.114162
1.0,53,64.121767
0.0,14,64.12381
0.0,8,64.124982
1.0,50,64.132204
1.0,58,64.140576
1.0,52,64.148108
1.0,54,64.155827
1.0,54,64.163568
1.0,56,64.171625
1.0,51,64.178947
1.0,54,64.186695
0.0,45,64.193168
1.0,54,64.200895
1.0,57,64.209122
1.0,58,64.217447
1.0,63,64.226468
1.0,54,64.234202
0.0,8,64.235386
1.0,63,64.244556
0.0,41,64.250453
1.0,54,64.258194
1.0,52,64.265699
1.0,54,64.273479
0.0,4,64.274073
1.0,56,64.282102
1.0,51,64.289409
1.0,57,64.29758
0.0,30,64.30189
0.0,23,64.305244
1.0,57,64.313437
1.0,56,64.321448
0.0,8,64.322619
1.0,58,64.330982
1.0,57,64.33913
1.0,52,64.3467
1.0,52,64.354148
0.0,40,64.359891
0.0,14,64.361918
0.0,40,64.367659
1.0,56,64.375678
0.0,38,64.381166
1.0,53,64.388743
1.0,52,64.396226
0.0,8,64.397402
1.0,52,64.404874
0.0,37,64.410184
0.0,4,64.410784
1.0,61,64.419544
0.0,8,64.420717
1.0,54,64.428444
1.0,55,64.436379
1.0,55,64.444334
0.0,4,64.444933
1.0,53,64.452593
0.0,6,64.453477
1.0,53,64.461071
1.0,53,64.468665
1.0,52,64.476102
1.0,54,64.483887
1.0,58,64.492192
1.0,55,64.500108
0.0,8,64.501272
1.0,59,64.510082
0.0,26,64.513855
1.0,59,64.522349
1.0,58,64.530648
1.0,50,64.537882
1.0,60,64.546525
1.0,53,64.554155
1.0,58,64.562454
0.0,21,64.565472
1.0,61,64.57422
0.0,47,64.580953
0.0,16,64.583271
1.0,56,64.591369
0.0,21,64.59441
1.0,55,64.602276
1.0,60,64.610844
1.0,57,64.619113
1.0,52,64.626654
1.0,52,64.634113
1.0,54,64.641845
1.0,55,64.649889
1.0,54,64.657628
1.0,51,64.664989
0.0,27,64.668887
1.0,54,64.676617
0.0,35,64.681667
0.0,18,64.684265
0.0,23,64.687592
1.0,56,64.695688
1.0,55,64.70357
1.0,58,64.711873
1.0,57,64.720028
1.0,50,64.727284
1.0,57,64.735545
0.0,27,64.739438
0.0,20,64.742329
0.0,21,64.7454
1.0,53,64.752985
0.0,39,64.758596
1.0,56,64.76668
1.0,56,64.774695
1.0,56,64.782739
1.0,52,64.790197
0.0,12,64.791944
1.0,57,64.800153
1.0,64,64.809309
1.0,55,64.81718
0.0,12,64.818928
1.0,52,64.826416
0.0,16,64.828729
0.0,35,64.833838
0.0,25,64.837435
1.0,52,64.844945
0.0,14,64.847157
1.0,64,64.856376
0.0,30,64.861078
0.0,43,64.867304
0.0,48,64.874317
0.0,38,64.879933
0.0,42,64.886201
0.0,8,64.887412
1.0,54,64.895172
1.0,58,64.903511
1.0,53,64.91127
0.0,21,64.914317
1.0,59,64.923018
1.0,57,64.931315
1.0,58,64.939698
0.0,40,64.945504
1.0,56,64.953523
1.0,56,64.961572
0.0,44,64.967897
0.0,49,64.974981
1.0,61,64.983726
0.0,43,64.989894
1.0,52,64.997378
0.0,12,64.999116
0.0,18,65.001714
1.0,59,65.010229
0.0,43,65.016406
1.0,55,65.024288
0.0,18,65.026888
1.0,53,65.034459
0.0,35,65.039463
1.0,52,65.047042
1.0,53,65.054622
0.0,14,65.056642
1.0,56,65.064659
1.0,53,65.072255
1.0,52,65.079753
0.0,6,65.08064
0.0,4,65.081239
1.0,50,65.088411
1.0,54,65.096156
1.0,56,65.104169
1.0,56,65.11276
1.0,59,65.121301
1.0,52,65.128815
1.0,60,65.137441
1.0,54,65.145261
1.0,64,65.154457
0.0,15,65.156678
1.0,59,65.165235
0.0,23,65.168609
0.0,35,65.173651
0.0,8,65.174865
1.0,50,65.182038
1.0,55,65.19008
1.0,52,65.197612
1.0,50,65.204833
1.0,54,65.212588
1.0,53,65.220218
1.0,52,65.227771
0.0,51,65.235111
1.0,51,65.242429
1.0,52,65.249924
0.0,17,65.252383
0.0,28,65.256481
1.0,56,65.264565
0.0,38,65.270035
1.0,56,65.27806
1.0,58,65.286395
1.0,58,65.294749
1.0,58,65.303014
0.0,8,65.304185
0.0,40,65.309929
0.0,22,65.313093
1.0,53,65.320683
0.0,14,65.322724
1.0,55,65.33071
1.0,54,65.33844
1.0,58,65.346782
0.0,28,65.350826
1.0,55,65.358742
1.0,54,65.366512
1.0,60,65.375086
1.0,52,65.382567
1.0,58,65.390859
1.0,59,65.399423
1.0,54,65.407169
1.0,55,65.415053
0.0,31,65.419501
1.0,56,65.427547
1.0,52,65.435011
1.0,50,65.442187
1.0,50,65.449436
1.0,55,65.457318
1.0,56,65.465318
0.0,4,65.465971
1.0,55,65.473956
0.0,39,65.479562
0.0,17,65.482005
0.0,21,65.485046
1.0,53,65.492633
0.0,26,65.496375
1.0,52,65.504006
0.0,29,65.508194
1.0,52,65.515651
1.0,54,65.523383
1.0,50,65.53057
0.0,21,65.533593
1.0,55,65.541553
0.0,6,65.542443
1.0,56,65.550537
1.0,56,65.558574
1.0,54,65.566332
1.0,59,65.574829
0.0,9,65.576147
1.0,56,65.58418
0.0,12,65.585924
1.0,64,65.595075
0.0,31,65.599542
1.0,63,65.608621
0.0,44,65.614941
1.0,56,65.622993
0.0,6,65.623881
1.0,56,65.631902
0.0,39,65.637516
0.0,23,65.640874
1.0,60,65.64964
1.0,52,65.657131
0.0,4,65.657731
1.0,54,65.665474
1.0,52,65.672935
1.0,57,65.681187
1.0,58,65.689492
1.0,63,65.698484
1.0,52,65.706115
1.0,53,65.713907
0.0,12,65.715694
1.0,54,65.723567
0.0,8,65.724759
1.0,56,65.732936
0.0,37,65.738278
0.0,38,65.743809
0.0,16,65.746185
1.0,56,65.754286
0.0,19,65.75702
0.0,4,65.757618
1.0,53,65.765282
1.0,52,65.772757
1.0,52,65.780245
1.0,53,65.787871
1.0,58,65.796189
1.0,57,65.804384
1.0,52,65.811855
1.0,54,65.81966
1.0,56,65.827689
0.0,28,65.831721
1.0,65,65.841028
0.0,46,65.847678
0.0,43,65.853917
1.0,54,65.861671
1.0,54,65.869425
1.0,52,65.876901
0.0,21,65.87993
1.0,54,65.887746
0.0,12,65.889484
1.0,55,65.897358
1.0,54,65.905098
1.0,52,65.912558
0.0,29,65.916744
1.0,52,65.924298
1.0,51,65.931652
0.0,18,65.934253
0.0,42,65.94032
1.0,58,65.948691
1.0,53,65.956294
1.0,56,65.964382
1.0,59,65.972831
0.0,43,65.978996
1.0,55,65.986881
0.0,17,65.989335
1.0,54,65.997097
0.0,35,66.002124
0.0,4,66.002718
1.0,51,66.010014
1.0,62,66.018873
0.0,37,66.024178
0.0,18,66.026772
1.0,54,66.034587
0.0,8,66.035757
1.0,54,66.043489
1.0,52,66.051016
0.0,12,66.052752
1.0,52,66.060207
0.0,6,66.061091
1.0,54,66.068889
1.0,55,66.07677
0.0,4,66.07737
0.0,5,66.078101
0.0,10,66.079561
0.0,19,66.082297
1.0,57,66.090449
1.0,51,66.097736
1.0,60,66.106398
0.0,25,66.109994
1.0,54,66.117755
1.0,55,66.125798
1.0,51,66.133115
1.0,55,66.141037
0.0,8,66.14221
1.0,57,66.15048
1.0,57,66.158683
0.0,14,66.160711
0.0,45,66.167179
1.0,54,66.174986
1.0,54,66.182714
1.0,65,66.192
1.0,53,66.199653
1.0,54,66.207431
1.0,52,66.21489
1.0,55,66.222759
1.0,57,66.230899
1.0,55,66.238846
0.0,46,66.245445
1.0,56,66.253468
1.0,54,66.261202
1.0,60,66.269838
1.0,56,66.277919
0.0,29,66.282104
1.0,66,66.291799
0.0,14,66.293826
0.0,43,66.300015
1.0,55,66.308312
1.0,55,66.316346
1.0,55,66.324632
1.0,57,66.332851
1.0,57,66.341063
1.0,60,66.349835
1.0,59,66.358328
0.0,31,66.362782
0.0,35,66.367842
1.0,54,66.375593
1.0,58,66.383986
1.0,52,66.391457
0.0,14,66.39348
1.0,61,66.402205
1.0,59,66.410671
1.0,59,66.419221
0.0,4,66.419821
1.0,56,66.427841
1.0,56,66.435884
1.0,54,66.443672
0.0,30,66.448103
1.0,52,66.455681
1.0,56,66.463716
1.0,54,66.471465
1.0,59,66.479921
1.0,60,66.488582
1.0,55,66.496454
0.0,46,66.503046
1.0,52,66.510527
0.0,8,66.511699
0.0,41,66.517586
0.0,39,66.523291
1.0,52,66.530741
0.0,28,66.534779
1.0,51,66.542084
1.0,63,66.5511
1.0,50,66.558336
1.0,50,66.565511
1.0,56,66.573548
1.0,58,66.581853
0.0,32,66.586449
1.0,56,66.594569
0.0,8,66.595738
1.0,51,66.603045
1.0,58,66.611317
0.0,8,66.612495
0.0,8,66.613668
1.0,62,66.62253
1.0,54,66.63038
1.0,57,66.638586
1.0,57,66.646862
1.0,58,66.655463
1.0,54,66.663554
1.0,58,66.671966
1.0,54,66.67983
0.0,21,66.682937
0.0,16,66.685246
1.0,60,66.693916
1.0,54,66.701796
0.0,19,66.704596
1.0,54,66.712458
1.0,54,66.720303
0.0,16,66.722686
1.0,50,66.72996
1.0,53,66.737721
1.0,55,66.745687
0.0,38,66.751222
1.0,52,66.758667
1.0,57,66.766878
1.0,52,66.774343
1.0,57,66.782477
1.0,52,66.789951
1.0,58,66.7983
0.0,37,66.80368
0.0,41,66.809567
1.0,54,66.817303
1.0,54,66.825034
1.0,54,66.832782
0.0,32,66.837457
0.0,28,66.841492
1.0,57,66.849702
1.0,56,66.857727
1.0,63,66.866745
0.0,44,66.87318
0.0,19,66.875932
1.0,52,66.883398
1.0,56,66.891447
1.0,60,66.900055
1.0,55,66.908293
0.0,35,66.913419
0.0,19,66.916202
1.0,56,66.924254
1.0,60,66.932858
1.0,53,66.940506
1.0,56,66.948714
1.0,58,66.957021
1.0,52,66.964492
1.0,52,66.971964
1.0,57,66.98035
0.0,33,66.985085
1.0,58,66.993363
1.0,57,67.001613
1.0,54,67.009351
1.0,57,67.017603
1.0,54,67.025355
1.0,55,67.03324
1.0,56,67.041274
0.0,19,67.044026
1.0,57,67.052383
0.0,40,67.058155
1.0,59,67.066627
1.0,56,67.074665
1.0,50,67.081867
0.0,35,67.086982
0.0,8,67.088149
1.0,52,67.095598
1.0,56,67.103623
0.0,31,67.108083
1.0,54,67.115982
0.0,36,67.121253
0.0,44,67.127581
0.0,16,67.129889
0.0,34,67.134775
1.0,53,67.142401
1.0,56,67.150851
1.0,54,67.158715
1.0,64,67.167892
1.0,57,67.176085
0.0,18,67.178696
1.0,52,67.186148
1.0,52,67.193714
0.0,44,67.200082
1.0,53,67.20771
0.0,43,67.213885
0.0,8,67.215064
1.0,56,67.22319
1.0,59,67.231654
1.0,59,67.240129
1.0,57,67.248393
0.0,4,67.248989
0.0,22,67.252167
1.0,56,67.260308
0.0,16,67.262699
0.0,20,67.265588
1.0,57,67.27375
0.0,45,67.280245
0.0,16,67.282552
1.0,52,67.290018
1.0,50,67.297385
1.0,60,67.305999
0.0,6,67.306892
1.0,56,67.314916
1.0,53,67.322524
0.0,31,67.326998
1.0,56,67.335099
1.0,54,67.342861
1.0,55,67.350809
1.0,51,67.358125
0.0,22,67.361314
0.0,20,67.364241
1.0,57,67.37247
0.0,25,67.376096
0.0,16,67.378413
1.0,59,67.386879
0.0,9,67.388192
1.0,53,67.395839
1.0,56,67.403922
1.0,58,67.412244
0.0,23,67.415565
1.0,57,67.423725
1.0,54,67.431488
1.0,54,67.439289
1.0,60,67.447969
0.0,40,67.453803
1.0,53,67.461396
1.0,51,67.46876
0.0,33,67.473514
1.0,56,67.481534
0.0,42,67.487581
1.0,53,67.495201
1.0,54,67.502916
1.0,54,67.511029
0.0,6,67.511908
1.0,53,67.519544
1.0,56,67.527577
1.0,53,67.535174
1.0,53,67.542778
0.0,22,67.545972
1.0,59,67.554491
0.0,19,67.557233
0.0,31,67.561678
0.0,16,67.563991
1.0,65,67.573246
0.0,14,67.575299
1.0,57,67.58348
1.0,53,67.591075
1.0,52,67.598513
1.0,57,67.606662
1.0,54,67.614397
1.0,52,67.621836
1.0,56,67.629923
1.0,60,67.638606
1.0,56,67.646725
1.0,55,67.654688
1.0,53,67.662262
1.0,58,67.670541
1.0,63,67.679529
1.0,53,67.687131
1.0,63,67.69615
0.0,12,67.697887
0.0,40,67.703619
1.0,55,67.711484
0.0,18,67.714086
0.0,46,67.720697
0.0,16,67.723027
1.0,57,67.731266
1.0,52,67.739007
0.0,19,67.741754
1.0,59,67.750755
0.0,34,67.755661
0.0,20,67.758539
0.0,21,67.761689
0.0,8,67.762891
0.0,44,67.769438
1.0,53,67.777114
1.0,53,67.784691
0.0,44,67.791009
0.0,4,67.791608
0.0,47,67.798342
1.0,58,67.806659
1.0,52,67.814083
0.0,29,67.818242
1.0,60,67.826839
1.0,63,67.83581
0.0,29,67.839971
0.0,42,67.845956
1.0,56,67.854026
1.0,54,67.861768
1.0,55,67.869602
1.0,53,67.877172
1.0,51,67.884482
1.0,56,67.892521
1.0,60,67.90108
1.0,59,67.909565
1.0,53,67.91721
0.0,6,67.918098
1.0,55,67.926045
0.0,37,67.931371
1.0,50,67.938561
1.0,54,67.946294
0.0,17,67.948816
1.0,51,67.956112
1.0,63,67.965172
0.0,14,67.967196
0.0,21,67.97022
1.0,51,67.977536
0.0,4,67.978133
1.0,53,67.985723
0.0,51,67.993032
1.0,59,68.001516
1.0,53,68.009094
1.0,53,68.016697
0.0,10,68.018144
1.0,58,68.02645
1.0,60,68.035083
1.0,53,68.042672
1.0,52,68.050195
1.0,56,68.058196
1.0,54,68.065911
1.0,64,68.075069
1.0,53,68.082643
0.0,4,68.083243
1.0,52,68.09069
1.0,53,68.098289
1.0,55,68.106201
1.0,58,68.114861
1.0,56,68.122907
1.0,56,68.13094
1.0,54,68.138703
0.0,10,68.140175
1.0,52,68.147646
0.0,42,68.153778
1.0,54,68.161511
1.0,58,68.169783
0.0,28,68.173851
0.0,38,68.179308
1.0,58,68.187606
1.0,63,68.196604
1.0,50,68.203794
1.0,58,68.212112
0.0,40,68.217849
0.0,4,68.218446
0.0,25,68.22204
0.0,37,68.22745
0.0,47,68.234446
0.0,25,68.238043
1.0,54,68.246206
1.0,58,68.254507
0.0,40,68.26023
0.0,30,68.264556
1.0,54,68.272256
1.0,53,68.279868
0.0,19,68.282599
0.0,12,68.284336
0.0,18,68.286924
1.0,61,68.295612
0.0,14,68.297636
1.0,58,68.305915
1.0,61,68.314679
1.0,58,68.322974
1.0,56,68.331017
0.0,12,68.332756
0.0,42,68.338772
0.0,2,68.339082
0.0,4,68.339676
1.0,51,68.346976
0.0,48,68.353923
1.0,59,68.362356
0.0,16,68.36467
0.0,16,68.366967
1.0,56,68.374974
0.0,28,68.378991
0.0,6,68.37988
1.0,53,68.387487
1.0,60,68.396035
0.0,41,68.401902
1.0,57,68.410033
1.0,55,68.417962
0.0,10,68.419411
0.0,29,68.423573
1.0,62,68.432406
0.0,29,68.436585
0.0,9,68.437892
0.0,42,68.443911
1.0,56,68.452004
0.0,29,68.456205
0.0,10,68.457652
1.0,54,68.465367
1.0,56,68.473382
1.0,64,68.482619
1.0,56,68.490661
0.0,23,68.493977
1.0,55,68.501872
0.0,32,68.506549
0.0,21,68.509573
1.0,53,68.51716
1.0,51,68.524522
0.0,8,68.525691
1.0,52,68.533142
1.0,52,68.540601
1.0,52,68.548028
1.0,54,68.555824
0.0,19,68.558609
0.0,16,68.560911
1.0,59,68.569338
1.0,52,68.576775
0.0,44,68.583129
0.0,6,68.584012
0.0,34,68.588884
1.0,60,68.597483
0.0,40,68.603226
1.0,52,68.610666
1.0,62,68.619504
0.0,44,68.625825
1.0,64,68.635004
0.0,33,68.639737
1.0,57,68.647915
1.0,56,68.655972
0.0,21,68.658996
0.0,8,68.660153
1.0,53,68.667735
0.0,39,68.673329
1.0,67,68.682932
1.0,59,68.691363
1.0,54,68.699124
1.0,56,68.707129
0.0,16,68.709443
1.0,59,68.718223
1.0,66,68.727671
1.0,55,68.735608
1.0,56,68.743675
0.0,43,68.749899
0.0,12,68.75169
0.0,12,68.753414
1.0,59,68.761832
1.0,55,68.76973
0.0,22,68.772894
1.0,52,68.780325
0.0,16,68.782637
0.0,30,68.786938
0.0,6,68.787821
1.0,56,68.795815
1.0,57,68.804014
1.0,56,68.812082
1.0,52,68.819532
1.0,58,68.827832
0.0,41,68.833706
1.0,57,68.841879
1.0,54,68.849672
0.0,39,68.855256
0.0,8,68.856426
0.0,10,68.857869
1.0,54,68.865603
0.0,8,68.866777
0.0,42,68.872776
1.0,60,68.881381
1.0,63,68.890384
0.0,28,68.894399
0.0,33,68.899134
0.0,43,68.905295
1.0,54,68.913079
1.0,51,68.920394
1.0,59,68.928913
1.0,56,68.936924
1.0,53,68.944491
0.0,4,68.945157
1.0,50,68.952468
1.0,50,68.959631
0.0,6,68.960513
0.0,46,68.967093
1.0,57,68.97527
0.0,27,68.979156
0.0,6,68.980082
0.0,51,68.987378
1.0,52,68.994831
1.0,51,69.00211
0.0,4,69.00271
0.0,27,69.006587
1.0,53,69.014162
1.0,56,69.022223
1.0,51,69.029504
0.0,6,69.030396
0.0,21,69.03342
0.0,19,69.036143
1.0,51,69.04344
1.0,51,69.050813
1.0,55,69.058688
1.0,53,69.066272
1.0,50,69.073435
1.0,60,69.082019
1.0,53,69.089658
0.0,36,69.094932
0.0,4,69.095532
0.0,12,69.09727
1.0,51,69.104589
1.0,52,69.112069
1.0,55,69.120045
0.0,41,69.12595
1.0,55,69.133828
1.0,56,69.141842
0.0,6,69.142725
0.0,12,69.144456
1.0,58,69.152845
1.0,60,69.161528
1.0,53,69.169106
0.0,6,69.169986
0.0,27,69.17415
0.0,19,69.176925
0.0,14,69.178953
0.0,16,69.181268
1.0,57,69.189815
0.0,19,69.192682
1.0,58,69.201113
1.0,61,69.210283
1.0,53,69.217895
1.0,54,69.225676
1.0,50,69.232873
0.0,46,69.239529
0.0,49,69.246569
0.0,4,69.247168
1.0,63,69.256236
0.0,47,69.263077
0.0,16,69.265367
1.0,53,69.272956
0.0,32,69.277548
1.0,56,69.28556
1.0,57,69.293726
0.0,36,69.298934
1.0,57,69.307084
1.0,60,69.315753
1.0,55,69.323614
1.0,56,69.33195
1.0,60,69.340561
1.0,59,69.348991
1.0,50,69.3563
0.0,41,69.3622
1.0,52,69.369682
1.0,51,69.376973
0.0,39,69.382562
1.0,59,69.390983
0.0,16,69.393292
1.0,61,69.402037
1.0,63,69.411044
1.0,58,69.419345
1.0,54,69.427077
1.0,65,69.436355
0.0,38,69.441851
1.0,52,69.449317
1.0,56,69.457503
0.0,27,69.461399
0.0,21,69.464426
0.0,23,69.467746
1.0,52,69.475225
1.0,54,69.482989
1.0,50,69.490146
1.0,52,69.49761
0.0,19,69.500356
1.0,50,69.507563
1.0,50,69.514734
0.0,43,69.520885
1.0,63,69.529885
1.0,51,69.53719
1.0,56,69.545225
0.0,14,69.547244
0.0,39,69.5529
0.0,17,69.555359
0.0,16,69.557658
1.0,56,69.565661
0.0,19,69.568398
0.0,36,69.573565
1.0,55,69.58147
1.0,55,69.589331
1.0,59,69.597759
1.0,52,69.60519
1.0,57,69.613366
1.0,52,69.620814
0.0,46,69.627397
1.0,57,69.635542
1.0,59,69.643982
1.0,56,69.652171
1.0,54,69.659909
1.0,55,69.667776
1.0,53,69.675351
0.0,21,69.678373
0.0,4,69.678971
1.0,56,69.687086
1.0,56,69.69509
0.0,16,69.697393
1.0,59,69.705822
0.0,18,69.708417
1.0,50,69.715587
1.0,53,69.72321
0.0,8,69.724376
0.0,37,69.729738
0.0,6,69.730626
1.0,56,69.738633
0.0,17,69.741089
0.0,23,69.744386
1.0,53,69.752041
0.0,42,69.758085
0.0,32,69.762681
1.0,54,69.770402
0.0,6,69.771281
1.0,58,69.779563
0.0,23,69.782876
1.0,57,69.791063
0.0,42,69.797084
0.0,8,69.798257
0.0,8,69.799423
0.0,52,69.806843
1.0,56,69.814816
0.0,19,69.817537
1.0,55,69.825439
1.0,58,69.833741
0.0,4,69.834343
1.0,51,69.841641
1.0,58,69.849921
1.0,58,69.8583
1.0,58,69.866603
0.0,41,69.872476
1.0,55,69.880378
0.0,8,69.881549
1.0,54,69.889271
1.0,55,69.897163
1.0,56,69.905163
1.0,58,69.913794
0.0,8,69.915001
0.0,20,69.917881
0.0,14,69.919939
0.0,44,69.92622
0.0,17,69.928804
0.0,21,69.931843
1.0,52,69.939266
0.0,27,69.943196
1.0,63,69.952289
1.0,56,69.960331
0.0,16,69.962645
1.0,52,69.970141
1.0,58,69.978543
1.0,54,69.986298
0.0,20,69.989174
1.0,63,69.998241
0.0,6,69.999166
1.0,54,70.00699
0.0,48,70.013897
0.0,21,70.016944
0.0,33,70.021698
1.0,55,70.029616
0.0,37,70.034989
0.0,31,70.039453
0.0,42,70.045489
1.0,52,70.053069
1.0,59,70.06154
0.0,21,70.064567
0.0,4,70.065162
1.0,50,70.072366
1.0,55,70.080239
1.0,58,70.088547
1.0,55,70.096418
1.0,52,70.103882
1.0,51,70.11124
0.0,22,70.11441
1.0,59,70.122915
1.0,52,70.130364
1.0,56,70.138371
0.0,40,70.144165
0.0,18,70.146757
1.0,50,70.154002
1.0,53,70.161596
1.0,52,70.169043
0.0,4,70.169642
1.0,60,70.178236
1.0,56,70.186247
1.0,53,70.193972
1.0,60,70.202557
0.0,14,70.20458
1.0,52,70.212138
0.0,8,70.213303
1.0,52,70.220756
0.0,8,70.221924
0.0,25,70.225523
1.0,50,70.23278
1.0,55,70.240757
1.0,60,70.24948
1.0,54,70.257245
0.0,27,70.261111
1.0,60,70.269698
0.0,28,70.273714
1.0,56,70.281797
0.0,8,70.282969
0.0,31,70.287404
0.0,34,70.292288
1.0,51,70.299583
1.0,55,70.307428
1.0,55,70.315308
0.0,17,70.31775
1.0,53,70.325452
1.0,51,70.332833
1.0,56,70.340893
0.0,16,70.34329
0.0,35,70.348337
1.0,59,70.356922
0.0,28,70.360951
1.0,54,70.368669
0.0,12,70.370404
0.0,8,70.371559
0.0,4,70.372149
1.0,57,70.380322
0.0,13,70.382202
1.0,56,70.390241
1.0,54,70.397958
1.0,57,70.406123
1.0,54,70.413864
1.0,60,70.422481
1.0,57,70.43066
0.0,23,70.433957
0.0,6,70.434847
0.0,26,70.438581
0.0,38,70.444054
0.0,35,70.449128
0.0,17,70.451665
0.0,29,70.455914
0.0,38,70.461379
1.0,55,70.469269
1.0,54,70.476977
0.0,41,70.482846
0.0,8,70.484014
0.0,4,70.484603
1.0,57,70.492791
0.0,37,70.498088
1.0,52,70.505539
1.0,63,70.514528
1.0,52,70.521959
1.0,56,70.530019
0.0,29,70.534185
0.0,12,70.535922
1.0,56,70.543925
1.0,53,70.551563
1.0,62,70.560409
0.0,51,70.567727
0.0,19,70.570475
1.0,58,70.578749
0.0,6,70.579635
1.0,54,70.587358
0.0,8,70.58852
0.0,20,70.591394
1.0,58,70.599733
1.0,53,70.607322
1.0,56,70.615567
0.0,18,70.61815
1.0,57,70.62675
0.0,20,70.629606
1.0,53,70.637545
1.0,56,70.645905
0.0,37,70.651453
1.0,59,70.659961
1.0,55,70.667871
0.0,18,70.67046
1.0,53,70.678074
0.0,43,70.684285
1.0,55,70.692267
1.0,57,70.700431
1.0,56,70.708481
0.0,21,70.71151
1.0,56,70.719532
1.0,55,70.727461
1.0,52,70.7349
1.0,54,70.742672
1.0,56,70.750676
1.0,53,70.758316
0.0,38,70.763769
1.0,59,70.772224
0.0,31,70.77667
1.0,58,70.784964
0.0,40,70.790711
1.0,55,70.798584
1.0,55,70.806468
1.0,58,70.814841
0.0,46,70.821437
1.0,55,70.829295
0.0,19,70.832041
1.0,55,70.839986
0.0,40,70.845773
0.0,15,70.847926
1.0,56,70.856031
1.0,57,70.864191
0.0,23,70.867496
1.0,54,70.875251
1.0,56,70.883281
1.0,59,70.891701
1.0,55,70.89959
1.0,54,70.907325
1.0,59,70.915784
1.0,52,70.923242
1.0,59,70.931689
1.0,60,70.940292
0.0,31,70.94476
1.0,58,70.953114
0.0,6,70.953998
1.0,52,70.96145
1.0,56,70.969496
0.0,27,70.973387
1.0,58,70.981697
0.0,6,70.982588
1.0,61,70.991366
0.0,27,70.995259
1.0,57,71.003401
0.0,16,71.005712
0.0,41,71.011585
1.0,54,71.019343
1.0,55,71.027203
1.0,52,71.03468
1.0,52,71.042124
0.0,41,71.048013
1.0,56,71.056114
1.0,53,71.063708
1.0,52,71.071163
0.0,29,71.075326
1.0,54,71.08306
1.0,51,71.090382
1.0,62,71.099941
0.0,10,71.101382
1.0,56,71.109389
0.0,18,71.111984
1.0,54,71.119686
1.0,62,71.128571
0.0,25,71.132163
0.0,12,71.133899
1.0,60,71.142524
1.0,55,71.150398
1.0,55,71.15837
1.0,52,71.16588
1.0,58,71.174171
1.0,54,71.181889
0.0,16,71.1842
1.0,52,71.191639
1.0,57,71.199814
0.0,4,71.200414
0.0,8,71.201575
0.0,8,71.202749
1.0,55,71.210628
0.0,14,71.212642
1.0,59,71.221057
1.0,60,71.230037
1.0,64,71.239219
1.0,56,71.247282
1.0,53,71.254911
1.0,54,71.262681
1.0,54,71.270472
1.0,52,71.277922
0.0,25,71.282079
1.0,56,71.290079
1.0,52,71.29751
1.0,56,71.305569
0.0,4,71.306165
1.0,57,71.314296
1.0,59,71.322705
0.0,47,71.329401
1.0,53,71.336992
1.0,57,71.345161
0.0,36,71.350323
0.0,8,71.351479
0.0,23,71.354857
1.0,54,71.362577
0.0,12,71.364312
1.0,57,71.372536
0.0,39,71.378168
1.0,59,71.386592
1.0,63,71.395573
1.0,55,71.403437
1.0,53,71.411053
0.0,33,71.415788
1.0,57,71.423933
1.0,50,71.431095
1.0,55,71.438947
0.0,4,71.439579
1.0,53,71.447173
1.0,54,71.45497
0.0,19,71.457694
0.0,16,71.460008
1.0,54,71.46775
0.0,21,71.47077
1.0,56,71.478795
1.0,52,71.486335
1.0,55,71.4942
1.0,52,71.501641
0.0,8,71.502818
1.0,57,71.511061
0.0,8,71.512227
1.0,58,71.520499
1.0,55,71.52834
1.0,54,71.536051
1.0,54,71.54377
1.0,55,71.551673
0.0,32,71.556306
0.0,22,71.55946
1.0,50,71.566624
1.0,59,71.575035
1.0,54,71.582772
1.0,53,71.59035
1.0,51,71.597626
1.0,60,71.606174
1.0,51,71.61347
1.0,56,71.621486
0.0,8,71.622707
0.0,29,71.626904
0.0,27,71.630829
0.0,19,71.633565
1.0,53,71.641231
1.0,62,71.650182
1.0,53,71.657892
0.0,16,71.660197
1.0,51,71.667473
1.0,56,71.675479
1.0,51,71.682763
0.0,30,71.687121
1.0,57,71.695272
1.0,56,71.703275
1.0,58,71.711546
0.0,49,71.718539
0.0,25,71.722171
1.0,53,71.729803
1.0,56,71.737797
1.0,57,71.745923
1.0,60,71.754664
0.0,12,71.756444
0.0,12,71.758175
0.0,23,71.761485
0.0,26,71.765213
1.0,54,71.772949
0.0,40,71.778721
1.0,55,71.786565
1.0,62,71.795483
1.0,55,71.803337
1.0,53,71.810906
0.0,37,71.816198
0.0,4,71.816794
0.0,7,71.817805
0.0,8,71.818971
1.0,58,71.827558
0.0,39,71.833181
0.0,21,71.836206
1.0,50,71.84336
0.0,27,71.84723
1.0,51,71.854563
1.0,55,71.862474
0.0,45,71.868916
1.0,57,71.877045
1.0,51,71.88435
0.0,12,71.886086
1.0,50,71.89324
1.0,56,71.901288
0.0,29,71.905461
1.0,55,71.913319
0.0,4,71.913912
1.0,51,71.92122
0.0,15,71.923418
1.0,60,71.932101
0.0,47,71.938884
0.0,44,71.945203
0.0,15,71.947369
0.0,22,71.950532
1.0,53,71.958206
0.0,8,71.959381
1.0,56,71.96738
0.0,31,71.97182
1.0,65,71.981081
1.0,53,71.988661
1.0,57,71.996804
1.0,62,72.005696
1.0,56,72.013708
0.0,45,72.020147
0.0,50,72.02729
1.0,63,72.036333
0.0,32,72.040956
1.0,58,72.049235
1.0,52,72.056972
1.0,66,72.066692
1.0,57,72.074908
1.0,54,72.082806
1.0,52,72.090853
1.0,56,72.098988
1.0,52,72.1067
1.0,61,72.115532
1.0,52,72.123007
0.0,22,72.126165
1.0,57,72.134336
0.0,28,72.138362
1.0,56,72.146447
1.0,52,72.15394
0.0,25,72.157539
0.0,44,72.163837
0.0,47,72.170542
0.0,12,72.172278
1.0,60,72.180847
1.0,60,72.189415
1.0,58,72.197712
0.0,8,72.198884
1.0,52,72.206309
1.0,55,72.214264
1.0,56,72.222249
0.0,25,72.225827
0.0,19,72.228558
1.0,53,72.236142
1.0,62,72.245004
1.0,51,72.252337
0.0,35,72.257379
1.0,57,72.265558
1.0,56,72.273531
0.0,26,72.277262
1.0,53,72.284852
1.0,62,72.293686
1.0,50,72.300838
1.0,58,72.309126
1.0,59,72.317547
0.0,44,72.323926
1.0,52,72.331408
1.0,54,72.339109
1.0,59,72.347521
1.0,53,72.355161
1.0,57,72.363315
1.0,52,72.370758
0.0,40,72.376489
0.0,16,72.378797
0.0,46,72.385389
1.0,53,72.393002
1.0,50,72.400156
0.0,8,72.401323
0.0,28,72.405342
1.0,53,72.412924
1.0,63,72.421927
1.0,53,72.429896
1.0,58,72.438195
1.0,54,72.445912
0.0,12,72.447655
1.0,62,72.456623
0.0,33,72.461392
1.0,52,72.468817
0.0,16,72.471129
0.0,7,72.472147
0.0,4,72.472738
0.0,9,72.47404
1.0,50,72.481195
1.0,51,72.488488
1.0,57,72.496655
1.0,56,72.504647
1.0,52,72.512096
1.0,53,72.519688
1.0,56,72.527683
1.0,55,72.535588
0.0,21,72.538614
1.0,53,72.54618
1.0,54,72.553996
1.0,58,72.56228
0.0,25,72.565907
0.0,16,72.568217
1.0,53,72.575804
1.0,53,72.583381
0.0,29,72.587552
0.0,38,72.593014
1.0,50,72.600201
1.0,52,72.607635
0.0,35,72.612642
1.0,52,72.620155
1.0,51,72.627467
1.0,51,72.63479
1.0,59,72.643225
1.0,62,72.652116
1.0,55,72.660117
0.0,4,72.660715
1.0,57,72.668852
0.0,32,72.673465
0.0,48,72.680376
0.0,16,72.682693
0.0,15,72.684847
1.0,57,72.69299
0.0,7,72.694011
1.0,53,72.701572
1.0,60,72.710174
1.0,55,72.718031
1.0,58,72.726339
1.0,56,72.734352
0.0,14,72.736372
0.0,6,72.737257
0.0,46,72.743875
1.0,59,72.752301
1.0,60,72.76095
1.0,63,72.769931
0.0,14,72.771957
0.0,33,72.776716
0.0,20,72.779617
0.0,27,72.783496
0.0,39,72.789073
0.0,41,72.794943
1.0,55,72.802783
1.0,54,72.810524
0.0,19,72.813258
0.0,6,72.814136
0.0,14,72.8162
1.0,55,72.824038
0.0,16,72.826346
0.0,21,72.829364
0.0,33,72.834087
0.0,6,72.834976
0.0,4,72.835675
0.0,14,72.837678
1.0,53,72.845296
0.0,37,72.850603
0.0,17,72.85304
0.0,6,72.853911
1.0,54,72.861671
0.0,21,72.864698
0.0,6,72.865576
0.0,8,72.866733
1.0,62,72.875618
0.0,22,72.878773
1.0,50,72.885939
0.0,27,72.889814
0.0,42,72.895833
0.0,33,72.900573
0.0,53,72.908141
0.0,16,72.910444
0.0,12,72.912183
0.0,17,72.914625
1.0,57,72.922785
1.0,59,72.931182
0.0,44,72.937477
1.0,57,72.945626
1.0,56,72.953641
0.0,28,72.957718
1.0,57,72.965879
0.0,16,72.968182
0.0,43,72.974323
0.0,17,72.97676
1.0,57,72.985071
0.0,4,72.985706
1.0,59,72.994139
0.0,45,73.000578
0.0,25,73.004164
1.0,63,73.013214
0.0,37,73.018521
0.0,42,73.024566
0.0,10,73.026013
0.0,4,73.026607
0.0,29,73.031111
1.0,53,73.038723
1.0,60,73.047276
0.0,31,73.051718
0.0,4,73.052313
1.0,56,73.060401
1.0,63,73.069425
1.0,54,73.077145
0.0,6,73.078027
1.0,51,73.085313
1.0,56,73.093326
0.0,46,73.099906
1.0,53,73.107447
1.0,55,73.115319
1.0,56,73.123369
1.0,51,73.130867
1.0,53,73.138495
1.0,51,73.145784
1.0,54,73.153508
0.0,16,73.155853
0.0,41,73.161767
0.0,46,73.168338
0.0,7,73.169354
1.0,53,73.176934
0.0,31,73.181378
1.0,61,73.190079
1.0,60,73.19868
1.0,53,73.206244
1.0,58,73.214553
0.0,8,73.215718
0.0,35,73.220758
0.0,25,73.224342
1.0,58,73.232979
0.0,41,73.238839
0.0,14,73.240852
0.0,12,73.242593
1.0,55,73.250763
1.0,51,73.258124
1.0,55,73.266048
1.0,58,73.274407
1.0,53,73.281977
1.0,56,73.290005
1.0,51,73.297295
1.0,57,73.305491
0.0,40,73.311221
0.0,52,73.318704
1.0,53,73.326279
1.0,56,73.334245
1.0,52,73.34171
1.0,63,73.350737
0.0,12,73.352505
1.0,62,73.361431
1.0,62,73.370265
0.0,19,73.373041
1.0,55,73.380885
1.0,54,73.388597
1.0,60,73.397138
1.0,56,73.405125
1.0,54,73.412866
1.0,60,73.421421
0.0,51,73.428709
1.0,59,73.437105
1.0,52,73.444613
0.0,34,73.44949
1.0,57,73.45774
0.0,6,73.458659
0.0,14,73.46067
1.0,61,73.469357
1.0,61,73.478084
0.0,23,73.481387
1.0,57,73.489799
0.0,17,73.492283
1.0,58,73.50087
0.0,29,73.505087
1.0,55,73.513055
1.0,56,73.521218
0.0,32,73.525799
0.0,35,73.530844
0.0,6,73.531723
0.0,19,73.534455
1.0,54,73.542527
0.0,29,73.546772
1.0,50,73.553958
0.0,50,73.561224
1.0,57,73.569378
1.0,52,73.576818
1.0,54,73.584581
1.0,55,73.592431
0.0,28,73.596454
1.0,54,73.604171
0.0,14,73.606185
0.0,12,73.607917
0.0,27,73.611799
1.0,50,73.618994
1.0,54,73.6267
1.0,60,73.635391
0.0,43,73.6416
0.0,25,73.645456
1.0,53,73.653096
0.0,37,73.658512
0.0,37,73.663827
1.0,58,73.672098
1.0,56,73.680122
0.0,46,73.686702
1.0,52,73.694178
1.0,54,73.70191
1.0,65,73.711179
0.0,29,73.715353
0.0,8,73.716518
0.0,40,73.72233
0.0,39,73.728015
0.0,4,73.728612
1.0,53,73.736181
1.0,59,73.7446
1.0,57,73.752741
1.0,57,73.760998
0.0,19,73.763746
1.0,53,73.77135
1.0,54,73.779069
1.0,58,73.787379
1.0,62,73.796265
0.0,14,73.798292
0.0,19,73.80104
0.0,48,73.807929
0.0,4,73.808526
1.0,63,73.817519
0.0,4,73.818114
1.0,61,73.826837
1.0,57,73.835011
0.0,42,73.84102
0.0,20,73.843895
1.0,53,73.851453
0.0,43,73.857668
1.0,57,73.865838
1.0,55,73.873698
1.0,52,73.881146
1.0,54,73.888857
1.0,55,73.896692
1.0,57,73.904861
1.0,59,73.913287
0.0,34,73.918163
1.0,54,73.92587
0.0,7,73.926898
1.0,58,73.935218
0.0,33,73.940001
1.0,52,73.9475
1.0,54,73.955211
1.0,55,73.963149
1.0,52,73.970617
1.0,53,73.978177
0.0,41,73.984039
1.0,52,73.991488
0.0,19,73.994223
1.0,55,74.00208
0.0,23,74.005421
0.0,41,74.011309
0.0,22,74.014474
1.0,53,74.022059
0.0,14,74.024089
1.0,59,74.032533
1.0,55,74.040404
1.0,53,74.047974
1.0,53,74.055566
1.0,59,74.064054
0.0,34,74.068923
0.0,13,74.070799
1.0,57,74.079003
0.0,14,74.081018
1.0,55,74.088891
0.0,19,74.091625
1.0,57,74.099767
1.0,67,74.109273
0.0,23,74.112614
1.0,57,74.120824
0.0,17,74.12327
0.0,30,74.127586
1.0,56,74.135608
1.0,59,74.14402
1.0,54,74.151777
1.0,58,74.160165
1.0,56,74.168157
0.0,6,74.169043
1.0,55,74.176903
0.0,9,74.178207
0.0,21,74.181258
1.0,59,74.189674
1.0,58,74.197979
1.0,59,74.206405
1.0,54,74.214117
0.0,12,74.216015
1.0,56,74.224046
0.0,20,74.226929
1.0,52,74.234766
0.0,32,74.239391
0.0,25,74.242979
1.0,58,74.25131
0.0,16,74.253659
1.0,56,74.261738
0.0,8,74.262916
0.0,29,74.26712
1.0,58,74.275403
1.0,52,74.28288
0.0,6,74.283761
0.0,4,74.284353
0.0,14,74.286409
0.0,4,74.287007
1.0,64,74.296136
0.0,16,74.29845
0.0,12,74.300188
1.0,55,74.308028
1.0,66,74.317448
1.0,52,74.324947
0.0,39,74.330563
0.0,21,74.333604
0.0,25,74.337204
1.0,57,74.345395
1.0,52,74.352854
1.0,60,74.361518
1.0,59,74.369948
1.0,53,74.377507
1.0,55,74.385409
1.0,54,74.393163
1.0,58,74.401447
1.0,55,74.409321
0.0,41,74.415199
0.0,36,74.420367
0.0,45,74.426849
0.0,22,74.430046
0.0,14,74.432099
1.0,56,74.440096
1.0,50,74.447257
0.0,24,74.450706
1.0,54,74.458503
1.0,51,74.465845
0.0,21,74.468853
1.0,54,74.476557
1.0,56,74.484654
0.0,8,74.485819
0.0,6,74.486703
1.0,55,74.494544
1.0,58,74.502849
1.0,55,74.510828
1.0,55,74.518695
1.0,57,74.52685
1.0,58,74.535179
0.0,30,74.539499
1.0,50,74.546656
1.0,56,74.554665
0.0,21,74.557779
1.0,59,74.566188
1.0,54,74.573952
1.0,52,74.581387
0.0,20,74.584257
1.0,51,74.591544
0.0,47,74.598264
1.0,54,74.606014
1.0,52,74.613505
1.0,61,74.622342
0.0,25,74.625915
0.0,16,74.628224
1.0,60,74.636818
0.0,19,74.639583
0.0,4,74.64018
1.0,64,74.649298
0.0,16,74.651601
1.0,56,74.659673
1.0,59,74.66811
1.0,51,74.675454
0.0,51,74.682739
1.0,56,74.690714
0.0,37,74.69603
1.0,50,74.703181
0.0,37,74.708514
1.0,55,74.716357
1.0,56,74.724375
1.0,52,74.731887
0.0,48,74.73883
0.0,45,74.7453
0.0,4,74.745897
1.0,58,74.754228
1.0,64,74.763429
1.0,63,74.772414
1.0,56,74.780464
0.0,10,74.781908
1.0,62,74.790773
0.0,21,74.793787
1.0,64,74.802909
1.0,54,74.81067
1.0,56,74.818711
1.0,51,74.826009
0.0,46,74.832921
1.0,57,74.841102
1.0,53,74.848732
1.0,57,74.85695
0.0,22,74.860125
1.0,54,74.867869
1.0,53,74.875459
1.0,54,74.883187
0.0,9,74.884491
1.0,54,74.892208
1.0,50,74.89935
1.0,51,74.906622
1.0,54,74.914323
1.0,50,74.921504
1.0,52,74.929489
1.0,61,74.938336
0.0,43,74.944596
1.0,53,74.95231
1.0,54,74.960442
1.0,57,74.968845
1.0,56,74.97694
1.0,56,74.985014
1.0,57,74.993249
0.0,10,74.994705
1.0,57,75.002846
0.0,11,75.004439
1.0,57,75.012596
1.0,52,75.020048
1.0,54,75.027813
1.0,55,75.035678
0.0,14,75.037706
1.0,55,75.045575
1.0,55,75.053436
0.0,39,75.059139
0.0,46,75.06573
1.0,52,75.073191
0.0,54,75.080916
1.0,59,75.089358
0.0,27,75.093246
1.0,57,75.101454
1.0,51,75.108757
0.0,39,75.114375
1.0,54,75.122106
1.0,50,75.129317
1.0,59,75.13782
1.0,55,75.145741
1.0,58,75.154074
0.0,22,75.157315
1.0,54,75.165091
0.0,41,75.170975
1.0,51,75.178295
1.0,56,75.186322
1.0,57,75.194479
1.0,52,75.202027
1.0,60,75.210688
0.0,40,75.216432
1.0,55,75.224338
1.0,57,75.232581
1.0,55,75.240516
1.0,60,75.249102
1.0,50,75.256282
0.0,10,75.257771
1.0,55,75.265764
0.0,33,75.270543
0.0,4,75.271144
1.0,51,75.278473
1.0,58,75.286799
0.0,18,75.289399
1.0,62,75.298246
1.0,56,75.306292
1.0,55,75.314168
1.0,55,75.322041
0.0,19,75.324786
1.0,58,75.333075
1.0,60,75.341878
1.0,66,75.351294
1.0,55,75.359228
0.0,16,75.361542
0.0,34,75.366457
1.0,51,75.373807
1.0,50,75.381015
0.0,37,75.386332
1.0,56,75.394362
1.0,52,75.401871
1.0,55,75.409736
1.0,52,75.417194
1.0,52,75.424643
1.0,59,75.433424
1.0,56,75.4415
0.0,31,75.446002
0.0,29,75.450167
1.0,51,75.457559
0.0,12,75.459341
1.0,53,75.466934
0.0,14,75.46894
1.0,52,75.476379
1.0,52,75.483864
0.0,43,75.490025
1.0,54,75.497768
1.0,57,75.505929
0.0,29,75.510093
1.0,58,75.518429
1.0,52,75.525896
0.0,19,75.528627
1.0,54,75.536343
1.0,54,75.544061
1.0,52,75.551522
0.0,20,75.554411
0.0,23,75.557823
0.0,6,75.558709
1.0,55,75.566575
1.0,54,75.574297
0.0,6,75.575178
0.0,27,75.579058
1.0,56,75.58711
1.0,58,75.595396
1.0,54,75.603107
0.0,46,75.609703
1.0,56,75.617685
0.0,43,75.623976
1.0,52,75.631516
1.0,58,75.639948
1.0,51,75.647291
1.0,61,75.656105
1.0,56,75.664179
1.0,59,75.672636
1.0,53,75.680224
0.0,48,75.687105
1.0,55,75.695016
1.0,55,75.702872
1.0,55,75.710742
1.0,66,75.720259
1.0,52,75.727826
1.0,51,75.735138
1.0,54,75.742873
1.0,52,75.750313
1.0,58,75.758674
1.0,54,75.766532
0.0,7,75.767558
1.0,60,75.776134
0.0,21,75.779164
0.0,40,75.784919
1.0,55,75.792802
0.0,4,75.793397
1.0,57,75.801589
0.0,4,75.802185
0.0,21,75.80521
0.0,37,75.810523
0.0,49,75.817543
0.0,16,75.81986
0.0,35,75.824896
1.0,56,75.83295
1.0,54,75.840685
0.0,40,75.846403
1.0,55,75.854252
1.0,60,75.862906
0.0,45,75.869378
0.0,21,75.872401
0.0,12,75.874132
1.0,54,75.88187
1.0,53,75.88947
1.0,56,75.897481
1.0,55,75.9054
0.0,45,75.911855
0.0,4,75.912452
1.0,50,75.919619
0.0,25,75.923237
0.0,46,75.929813
1.0,57,75.937999
1.0,55,75.945897
1.0,54,75.953616
0.0,19,75.956367
1.0,55,75.964289
1.0,60,75.972872
0.0,41,75.97877
0.0,6,75.979653
1.0,52,75.987242
0.0,20,75.990108
1.0,54,75.997838
1.0,56,76.005852
1.0,52,76.013441
0.0,23,76.01674
1.0,52,76.024191
1.0,61,76.033177
1.0,53,76.0409
0.0,16,76.043242
1.0,54,76.050982
0.0,6,76.051868
1.0,50,76.059115
0.0,26,76.062851
1.0,54,76.070616
0.0,19,76.073352
1.0,56,76.081406
1.0,54,76.089153
1.0,52,76.096605
0.0,46,76.10321
1.0,59,76.111646
0.0,40,76.117423
0.0,29,76.121582
0.0,43,76.127751
0.0,35,76.132766
0.0,19,76.135555
1.0,51,76.142871
1.0,53,76.150557
0.0,23,76.153863
0.0,10,76.15535
1.0,53,76.1631
0.0,7,76.164129
1.0,53,76.171736
1.0,60,76.180319
1.0,52,76.187803
1.0,55,76.195674
0.0,44,76.201964
1.0,50,76.209146
1.0,56,76.217172
1.0,57,76.225429
1.0,57,76.233579
1.0,58,76.241873
1.0,55,76.249743
0.0,45,76.256293
0.0,4,76.256891
0.0,4,76.257486
1.0,54,76.265332
1.0,55,76.273192
1.0,62,76.282047
1.0,51,76.289401
0.0,46,76.296014
1.0,56,76.304035
1.0,62,76.312908
1.0,54,76.320671
1.0,62,76.329573
0.0,21,76.332603
0.0,16,76.33492
0.0,31,76.339366
0.0,19,76.342137
0.0,19,76.344888
0.0,23,76.348212
0.0,17,76.350664
0.0,44,76.356985
0.0,42,76.363297
1.0,52,76.37101
1.0,53,76.378922
1.0,53,76.386581
1.0,55,76.394539
0.0,25,76.398169
0.0,39,76.403857
0.0,29,76.408032
0.0,19,76.410803
0.0,14,76.412832
1.0,60,76.421705
0.0,27,76.425712
0.0,16,76.428028
1.0,55,76.43592
0.0,16,76.438236
1.0,52,76.445721
0.0,6,76.446614
0.0,12,76.448353
0.0,16,76.450675
0.0,12,76.452424
1.0,56,76.460503
0.0,17,76.46297
1.0,55,76.470874
1.0,53,76.47846
1.0,54,76.486167
0.0,13,76.488047
1.0,51,76.49536
1.0,55,76.503251
0.0,14,76.505272
1.0,55,76.513129
0.0,14,76.51515
0.0,54,76.52288
1.0,51,76.530188
1.0,54,76.537956
1.0,56,76.545975
0.0,49,76.553004
0.0,8,76.554166
1.0,52,76.56166
1.0,56,76.569717
1.0,56,76.577713
0.0,39,76.5833
0.0,50,76.590455
1.0,56,76.598476
1.0,61,76.607234
0.0,43,76.613405
1.0,54,76.621168
1.0,56,76.629183
1.0,59,76.638044
1.0,59,76.646623
1.0,56,76.654643
0.0,33,76.659444
0.0,18,76.662038
1.0,54,76.669808
1.0,52,76.677309
1.0,53,76.684893
1.0,51,76.692199
0.0,14,76.694221
0.0,33,76.698961
1.0,55,76.70681
0.0,18,76.70941
1.0,56,76.717467
1.0,58,76.725829
0.0,14,76.727852
1.0,54,76.735583
0.0,29,76.739751
1.0,57,76.747932
1.0,52,76.755377
0.0,8,76.756548
0.0,19,76.759361
1.0,56,76.76738
0.0,18,76.769961
1.0,50,76.777117
0.0,10,76.778572
1.0,54,76.786357
0.0,13,76.788234
1.0,52,76.795726
0.0,13,76.797606
1.0,57,76.805749
1.0,61,76.814449
1.0,61,76.823186
1.0,62,76.832016
0.0,29,76.836179
1.0,53,76.843745
1.0,53,76.851352
1.0,52,76.858802
0.0,39,76.864449
0.0,27,76.868339
1.0,51,76.875642
0.0,16,76.877946
0.0,19,76.880693
1.0,53,76.888298
0.0,17,76.890748
0.0,8,76.891918
1.0,59,76.900334
0.0,6,76.90122
0.0,19,76.903964
1.0,52,76.911394
1.0,62,76.920251
0.0,51,76.927568
1.0,56,76.935591
1.0,60,76.944148
1.0,52,76.951628
1.0,58,76.96003
0.0,27,76.963923
1.0,55,76.971792
0.0,17,76.974239
1.0,51,76.981533
0.0,21,76.984553
0.0,39,76.990133
1.0,52,76.997597
1.0,50,77.004761
1.0,52,77.012203
0.0,46,77.018765
0.0,30,77.023069
1.0,51,77.030398
0.0,33,77.035137
1.0,50,77.042296
0.0,20,77.045169
1.0,53,77.052746
0.0,44,77.059064
1.0,57,77.067302
1.0,55,77.075162
0.0,33,77.079896
0.0,10,77.081342
0.0,19,77.084085
1.0,56,77.092092
1.0,55,77.100026
1.0,50,77.107199
0.0,8,77.108357
1.0,55,77.116543
0.0,8,77.117705
1.0,51,77.124995
1.0,52,77.132842
0.0,40,77.138587
0.0,12,77.140326
0.0,45,77.146759
1.0,57,77.154902
0.0,35,77.160021
1.0,52,77.167495
0.0,6,77.168378
1.0,52,77.175803
1.0,50,77.182971
1.0,61,77.19173
1.0,52,77.199176
1.0,56,77.207203
1.0,54,77.214915
0.0,14,77.216937
1.0,58,77.225248
0.0,18,77.227833
1.0,55,77.235958
1.0,59,77.244471
0.0,7,77.245489
1.0,56,77.253495
1.0,56,77.261579
0.0,37,77.267022
1.0,54,77.27478
0.0,8,77.275949
1.0,56,77.28396
0.0,49,77.290979
1.0,56,77.299459
1.0,50,77.306629
1.0,59,77.31514
0.0,6,77.316023
1.0,58,77.324294
1.0,55,77.332457
1.0,54,77.340194
1.0,57,77.348745
1.0,55,77.356689
1.0,53,77.364334
1.0,54,77.37203
1.0,52,77.379516
0.0,30,77.383816
0.0,8,77.384982
0.0,9,77.386287
0.0,41,77.392172
0.0,12,77.393914
1.0,52,77.40134
0.0,14,77.403367
1.0,53,77.410938
1.0,60,77.419545
0.0,42,77.42556
0.0,47,77.432271
1.0,54,77.439992
0.0,4,77.44059
1.0,52,77.448106
1.0,54,77.455835
1.0,60,77.464467
1.0,55,77.472338
1.0,52,77.479783
0.0,44,77.486226
1.0,57,77.494378
1.0,52,77.501807
0.0,16,77.504113
0.0,20,77.506983
1.0,54,77.51479
1.0,55,77.522741
1.0,56,77.530746
0.0,8,77.531914
1.0,55,77.539762
0.0,25,77.543338
0.0,23,77.546644
1.0,63,77.555707
0.0,17,77.558155
1.0,58,77.566537
0.0,40,77.57226
1.0,52,77.579699
1.0,58,77.588031
1.0,52,77.59551
0.0,21,77.598786
1.0,52,77.60621
0.0,22,77.609373
0.0,38,77.614856
0.0,2,77.615165
0.0,10,77.616607
0.0,8,77.617771
1.0,60,77.626402
0.0,41,77.632274
0.0,39,77.637847
1.0,56,77.645858
0.0,45,77.652311
1.0,51,77.65972
1.0,58,77.668078
0.0,42,77.67407
1.0,57,77.682208
1.0,50,77.689354
0.0,25,77.692931
1.0,55,77.700853
0.0,12,77.702587
1.0,50,77.709735
0.0,29,77.713892
1.0,53,77.721494
1.0,56,77.729635
1.0,55,77.737497
1.0,68,77.747199
1.0,58,77.755563
1.0,50,77.762898
1.0,51,77.770265
0.0,45,77.776712
1.0,53,77.784298
0.0,8,77.785462
1.0,53,77.793033
1.0,56,77.801117
0.0,8,77.802282
1.0,56,77.81105
0.0,19,77.813806
0.0,9,77.815156
1.0,53,77.823164
0.0,17,77.825655
0.0,20,77.828524
0.0,8,77.829694
1.0,59,77.838237
1.0,56,77.846482
0.0,48,77.85336
0.0,6,77.854239
1.0,56,77.862382
1.0,53,77.870122
1.0,52,77.877757
1.0,57,77.886009
1.0,58,77.894277
1.0,53,77.90185
1.0,63,77.910891
0.0,35,77.915904
1.0,60,77.924475
1.0,52,77.931911
1.0,62,77.940797
1.0,52,77.948238
0.0,39,77.953873
1.0,54,77.961679
1.0,59,77.970097
1.0,58,77.978424
1.0,54,77.986151
0.0,40,77.991885
1.0,52,77.999305
1.0,56,78.007287
1.0,59,78.015778
1.0,56,78.023783
0.0,32,78.028379
0.0,11,78.029969
1.0,54,78.037684
0.0,41,78.043553
1.0,59,78.052036
1.0,58,78.060319
1.0,55,78.068244
1.0,61,78.076949
1.0,54,78.084734
0.0,19,78.087476
1.0,53,78.095037
1.0,53,78.102615
0.0,9,78.103921
0.0,10,78.105369
1.0,52,78.112821
0.0,6,78.113698
0.0,20,78.116641
0.0,27,78.120581
1.0,55,78.128445
1.0,57,78.136579
1.0,61,78.145288
0.0,40,78.151137
1.0,55,78.158988
0.0,33,78.163829
0.0,2,78.16414
0.0,6,78.165016
0.0,37,78.170318
1.0,59,78.178745
0.0,12,78.180485
0.0,10,78.181931
0.0,45,78.188398
1.0,52,78.19583
0.0,40,78.20156
1.0,52,78.208985
0.0,27,78.212861
1.0,50,78.220031
0.0,6,78.220986
0.0,27,78.224889
0.0,29,78.229413
0.0,42,78.235465
0.0,20,78.238347
1.0,50,78.245741
1.0,57,78.253886
0.0,6,78.254776
0.0,21,78.257853
1.0,57,78.266067
1.0,55,78.273922
1.0,64,78.283043
1.0,51,78.290348
1.0,58,78.29872
1.0,59,78.307155
1.0,55,78.315007
0.0,6,78.315885
1.0,54,78.323588
0.0,22,78.326861
1.0,56,78.334883
1.0,52,78.342354
1.0,52,78.349785
0.0,6,78.350665
1.0,53,78.358247
1.0,60,78.367037
1.0,51,78.374331
0.0,29,78.3785
0.0,37,78.383813
1.0,60,78.392401
1.0,50,78.399689
0.0,19,78.402422
0.0,50,78.409564
1.0,60,78.418109
0.0,40,78.42385
0.0,18,78.426446
1.0,54,78.434271
1.0,61,78.443445
1.0,51,78.450748
1.0,60,78.45933
1.0,60,78.468079
1.0,51,78.475428
1.0,53,78.483016
0.0,18,78.485602
1.0,58,78.493886
1.0,58,78.502276
1.0,58,78.510545
1.0,53,78.518107
1.0,58,78.526378
0.0,26,78.53011
0.0,40,78.535856
1.0,52,78.543404
1.0,54,78.551137
1.0,63,78.560115
1.0,53,78.567765
0.0,8,78.568929
1.0,52,78.576509
1.0,50,78.583667
1.0,56,78.591672
1.0,54,78.599401
1.0,54,78.607233
1.0,53,78.614827
1.0,58,78.623143
0.0,45,78.629601
0.0,4,78.630195
0.0,8,78.63139
0.0,20,78.634246
1.0,53,78.641845
1.0,50,78.649168
0.0,4,78.649764
0.0,10,78.651212
0.0,30,78.655525
1.0,52,78.663068
0.0,8,78.66423
1.0,57,78.672397
0.0,15,78.674566
1.0,56,78.682696
0.0,26,78.686441
0.0,46,78.693021
0.0,33,78.697814
0.0,6,78.6987
1.0,56,78.706716
1.0,57,78.714916
1.0,55,78.722766
1.0,52,78.73027
0.0,39,78.735868
0.0,17,78.738328
1.0,55,78.746204
1.0,54,78.754037
1.0,59,78.762572
1.0,57,78.770713
0.0,17,78.773161
1.0,52,78.780603
1.0,54,78.788363
0.0,19,78.791113
1.0,58,78.799401
1.0,55,78.807252
1.0,53,78.814832
1.0,60,78.823488
1.0,51,78.830781
0.0,6,78.831665
0.0,6,78.832541
1.0,54,78.840271
1.0,52,78.847718
1.0,53,78.855429
1.0,61,78.864213
1.0,55,78.872084
1.0,50,78.879244
0.0,33,78.88397
1.0,61,78.892775
0.0,8,78.893941
0.0,27,78.897813
0.0,42,78.903824
1.0,53,78.911398
1.0,61,78.920102
1.0,57,78.928314
0.0,42,78.934329
1.0,50,78.941476
1.0,58,78.949748
1.0,53,78.957348
1.0,61,78.966201
0.0,33,78.970947
1.0,52,78.978381
0.0,40,78.984099
1.0,63,78.993228
1.0,53,79.000895
1.0,52,79.008334
0.0,12,79.010063
0.0,6,79.010948
0.0,39,79.016614
0.0,48,79.023484
0.0,6,79.024365
1.0,52,79.031906
1.0,61,79.040973
1.0,57,79.049155
1.0,55,79.057029
0.0,16,79.059342
1.0,57,79.067655
1.0,58,79.07592
0.0,4,79.076517
0.0,42,79.082525
0.0,8,79.083687
1.0,60,79.092242
1.0,67,79.101876
1.0,56,79.10987
1.0,57,79.118132
1.0,60,79.126703
1.0,54,79.134461
1.0,52,79.141922
0.0,28,79.14604
1.0,60,79.154621
1.0,62,79.163547
1.0,56,79.171587
1.0,57,79.179716
1.0,56,79.187726
0.0,19,79.19047
1.0,53,79.198042
1.0,51,79.20543
1.0,57,79.213583
0.0,14,79.215624
0.0,25,79.219209
1.0,51,79.226523
0.0,12,79.228263
0.0,42,79.234276
1.0,57,79.242534
1.0,56,79.250744
1.0,54,79.258741
1.0,53,79.266571
1.0,55,79.274531
1.0,66,79.284265
0.0,40,79.290024
0.0,39,79.295641
0.0,32,79.300258
1.0,52,79.307735
0.0,2,79.308046
0.0,41,79.313957
0.0,10,79.315402
0.0,27,79.319293
0.0,19,79.322036
1.0,52,79.329471
1.0,59,79.338045
1.0,60,79.3467
1.0,56,79.354706
0.0,41,79.360577
1.0,59,79.369163
1.0,59,79.377586
0.0,18,79.380182
0.0,38,79.385695
1.0,50,79.392863
0.0,14,79.394891
1.0,52,79.402338
1.0,54,79.410071
1.0,51,79.417396
1.0,55,79.425248
1.0,52,79.433367
1.0,57,79.44152
1.0,52,79.449047
0.0,31,79.453575
1.0,54,79.461301
0.0,10,79.462818
1.0,52,79.470271
1.0,56,79.478257
1.0,56,79.486314
0.0,21,79.489328
1.0,52,79.496762
1.0,56,79.504764
0.0,29,79.508938
0.0,20,79.511829
1.0,63,79.520902
1.0,54,79.528595
0.0,33,79.533319
1.0,63,79.542294
1.0,58,79.550579
0.0,29,79.554743
0.0,6,79.555622
1.0,61,79.564432
0.0,12,79.566175
0.0,6,79.567062
1.0,52,79.574503
1.0,63,79.58347
0.0,16,79.585775
0.0,22,79.588936
0.0,42,79.594993
1.0,62,79.603852
1.0,57,79.611995
1.0,58,79.620293
1.0,56,79.628468
1.0,61,79.637278
0.0,19,79.640373
1.0,54,79.648237
1.0,52,79.655667
1.0,51,79.66319
0.0,44,79.669487
0.0,14,79.671508
1.0,61,79.680253
0.0,6,79.681141
1.0,57,79.689301
1.0,54,79.697055
0.0,50,79.704206
0.0,40,79.709941
0.0,23,79.713248
1.0,59,79.721677
1.0,57,79.72995
1.0,55,79.737854
0.0,22,79.741026
0.0,23,79.744344
0.0,27,79.748222
1.0,54,79.755956
0.0,16,79.758251
0.0,39,79.763904
0.0,23,79.767242
1.0,52,79.774712
0.0,40,79.780443
0.0,16,79.782756
1.0,50,79.789924
1.0,62,79.7988
1.0,55,79.806698
1.0,65,79.815959
0.0,29,79.820127
0.0,45,79.826585
1.0,52,79.834026
1.0,53,79.841637
1.0,52,79.849101
1.0,62,79.857951
0.0,45,79.86447
0.0,17,79.866931
0.0,23,79.870239
1.0,54,79.877981
1.0,57,79.88617
1.0,63,79.895151
1.0,59,79.903577
0.0,6,79.904451
1.0,53,79.912056
1.0,58,79.920338
0.0,27,79.924224
1.0,60,79.9328
0.0,18,79.935394
1.0,56,79.943427
0.0,48,79.950281
1.0,61,79.959038
1.0,51,79.966405
0.0,4,79.967001
0.0,19,79.969729
0.0,36,79.974906
1.0,54,79.982663
0.0,39,79.988241
0.0,8,79.989403
1.0,54,79.997133
1.0,53,80.004712
0.0,33,80.009452
1.0,58,80.017762
0.0,41,80.023637
1.0,56,80.03163
1.0,51,80.038971
1.0,61,80.047711
1.0,52,80.055196
1.0,54,80.062901
0.0,26,80.066697
1.0,53,80.074274
1.0,57,80.08241
1.0,53,80.089999
1.0,58,80.09828
1.0,51,80.105577
1.0,52,80.112987
1.0,51,80.120313
1.0,55,80.128173
0.0,17,80.130637
1.0,56,80.13867
1.0,53,80.146255
0.0,39,80.151842
1.0,56,80.159887
0.0,51,80.167245
1.0,55,80.175103
1.0,54,80.182829
1.0,54,80.190588
0.0,29,80.194734
0.0,17,80.197186
0.0,42,80.203186
0.0,8,80.204353
1.0,59,80.212951
1.0,59,80.221361
1.0,53,80.228986
0.0,41,80.234998
0.0,27,80.238976
1.0,62,80.248032
1.0,55,80.255904
1.0,59,80.264436
0.0,40,80.270214
0.0,41,80.276096
1.0,59,80.284524
1.0,55,80.292393
1.0,57,80.300578
1.0,53,80.308162
0.0,21,80.311192
1.0,61,80.319898
1.0,60,80.328492
1.0,53,80.336102
0.0,8,80.337266
1.0,55,80.345121
1.0,54,80.352843
0.0,43,80.359036
1.0,60,80.367696
1.0,57,80.375847
1.0,57,80.383987
1.0,65,80.393221
0.0,24,80.39667
1.0,55,80.404578
1.0,52,80.411994
1.0,59,80.420403
0.0,45,80.426852
0.0,14,80.428865
1.0,57,80.437072
0.0,39,80.442659
1.0,51,80.44994
0.0,45,80.456555
1.0,57,80.464738
1.0,61,80.473449
0.0,38,80.478895
1.0,52,80.486321
1.0,58,80.494709
0.0,12,80.496442
1.0,56,80.504481
0.0,47,80.511197
0.0,42,80.51729
1.0,53,80.524882
0.0,40,80.530608
1.0,57,80.538705
1.0,55,80.546593
0.0,42,80.552603
1.0,53,80.56017
1.0,59,80.568657
1.0,56,80.5767
0.0,39,80.582284
1.0,60,80.590829
1.0,55,80.598682
1.0,55,80.606537
0.0,8,80.607704
0.0,6,80.608583
0.0,30,80.612912
1.0,55,80.620775
1.0,60,80.629342
1.0,56,80.637358
1.0,54,80.645106
1.0,56,80.653142
0.0,38,80.658588
1.0,52,80.666125
1.0,58,80.674407
0.0,20,80.677284
0.0,21,80.680346
1.0,53,80.68824
1.0,55,80.69638
1.0,59,80.704867
0.0,28,80.70888
1.0,53,80.716833
1.0,54,80.724633
1.0,51,80.732026
1.0,53,80.73959
0.0,29,80.74377
1.0,51,80.751097
1.0,56,80.759209
1.0,50,80.766412
1.0,57,80.774525
0.0,4,80.775124
0.0,37,80.780408
1.0,55,80.788299
0.0,44,80.794608
0.0,19,80.797343
1.0,52,80.804796
1.0,53,80.812394
0.0,16,80.814689
1.0,55,80.822615
1.0,54,80.830336
0.0,41,80.836268
0.0,4,80.836864
0.0,19,80.839705
1.0,56,80.847696
0.0,23,80.851003
0.0,41,80.857179
1.0,54,80.865044
1.0,53,80.872613
0.0,23,80.875921
1.0,50,80.883114
1.0,55,80.891024
1.0,52,80.898472
1.0,58,80.90675
0.0,17,80.909192
1.0,59,80.917671
0.0,11,80.919266
0.0,38,80.924726
0.0,6,80.925645
1.0,55,80.933502
1.0,55,80.941346
1.0,50,80.948512
0.0,16,80.950819
1.0,60,80.959418
0.0,29,80.963624
1.0,59,80.972085
1.0,59,80.980491
0.0,30,80.984779
1.0,64,80.993884
0.0,44,81.000251
0.0,8,81.001416
1.0,52,81.008842
1.0,55,81.0167
1.0,53,81.024259
1.0,57,81.032435
1.0,58,81.040708
1.0,59,81.049118
1.0,59,81.05753
0.0,21,81.060551
1.0,53,81.068231
1.0,60,81.076756
1.0,52,81.084176
0.0,45,81.090624
0.0,49,81.0976
0.0,4,81.098194
1.0,54,81.105919
0.0,8,81.107089
1.0,53,81.114629
0.0,6,81.115506
0.0,7,81.116517
0.0,29,81.120674
1.0,59,81.129109
1.0,61,81.137816
0.0,17,81.140269
0.0,25,81.143852
1.0,56,81.151826
1.0,57,81.159996
1.0,68,81.169725
1.0,59,81.178184
0.0,33,81.182899
0.0,4,81.183497
0.0,28,81.187498
1.0,55,81.195355
1.0,56,81.203343
1.0,60,81.211931
0.0,8,81.213101
0.0,39,81.218674
0.0,27,81.222563
0.0,23,81.225861
1.0,55,81.233749
1.0,59,81.242203
0.0,9,81.243513
0.0,27,81.24739
1.0,54,81.255096
0.0,40,81.260836
1.0,54,81.268697
1.0,52,81.276128
1.0,55,81.284028
1.0,50,81.291173
1.0,56,81.299168
0.0,43,81.305323
1.0,55,81.313214
1.0,52,81.320674
0.0,20,81.323555
1.0,63,81.332569
1.0,52,81.340065
1.0,52,81.347529
0.0,14,81.349558
0.0,26,81.353337
0.0,44,81.359678
0.0,27,81.363556
1.0,56,81.371616
0.0,38,81.377057
0.0,39,81.382683
1.0,53,81.390266
0.0,16,81.392578
1.0,59,81.400995
0.0,9,81.402311
1.0,57,81.410471
0.0,6,81.411355
0.0,37,81.416653
0.0,40,81.422431
0.0,41,81.428286
1.0,57,81.436404
1.0,63,81.445707
0.0,21,81.448796
0.0,24,81.45226
1.0,54,81.459962
1.0,60,81.468592
1.0,54,81.476304
0.0,4,81.476936
0.0,17,81.479395
0.0,43,81.485573
0.0,34,81.490491
1.0,56,81.498511
1.0,53,81.506078
1.0,52,81.513507
0.0,8,81.514678
1.0,53,81.522305
0.0,23,81.525613
1.0,56,81.5336
0.0,6,81.53449
1.0,61,81.543226
1.0,57,81.551355
1.0,58,81.559707
0.0,37,81.564999
0.0,14,81.567094
0.0,19,81.569832
1.0,61,81.578518
0.0,46,81.585099
1.0,54,81.592836
1.0,53,81.600409
0.0,4,81.601004
1.0,53,81.608571
0.0,41,81.614445
1.0,54,81.622142
1.0,55,81.630027
0.0,19,81.632768
1.0,52,81.640279
1.0,56,81.648277
1.0,50,81.655431
0.0,10,81.656877
1.0,56,81.664964
0.0,29,81.669161
1.0,60,81.677769
1.0,54,81.685476
0.0,8,81.686648
0.0,40,81.692365
1.0,55,81.700255
1.0,55,81.70813
1.0,52,81.715555
1.0,54,81.723284
0.0,11,81.724874
1.0,56,81.732984
0.0,9,81.734296
0.0,43,81.740462
1.0,55,81.748303
1.0,56,81.756298
1.0,58,81.764567
1.0,60,81.773223
1.0,50,81.780369
0.0,40,81.786081
1.0,54,81.793786
0.0,19,81.79653
1.0,53,81.804126
1.0,56,81.812114
1.0,64,81.821259
1.0,52,81.828834
1.0,69,81.83898
1.0,60,81.847951
1.0,53,81.855581
0.0,22,81.858812
0.0,10,81.860259
0.0,16,81.862554
1.0,56,81.870606
1.0,54,81.878428
1.0,58,81.886737
1.0,64,81.895947
1.0,58,81.904243
0.0,47,81.910997
0.0,4,81.911596
1.0,55,81.919471
1.0,53,81.927047
1.0,54,81.934769
0.0,31,81.939218
1.0,56,81.94724
0.0,43,81.953436
0.0,37,81.95875
0.0,29,81.963006
0.0,42,81.969045
1.0,54,81.97679
0.0,32,81.98141
1.0,53,81.988995
0.0,35,81.994363
0.0,20,81.997246
0.0,8,81.998411
1.0,54,82.006126
1.0,55,82.014349
0.0,24,82.017792
1.0,60,82.026435
1.0,58,82.034707
0.0,31,82.039152
1.0,55,82.047019
1.0,57,82.055217
0.0,39,82.060812
1.0,53,82.068447
1.0,52,82.075868
1.0,63,82.084857
1.0,58,82.093165
0.0,41,82.099036
0.0,23,82.102339
0.0,48,82.109199
1.0,53,82.11676
1.0,54,82.124789
1.0,57,82.133218
1.0,53,82.140855
1.0,62,82.149778
1.0,53,82.157831
0.0,16,82.160143
1.0,55,82.168085
1.0,64,82.177243
1.0,56,82.18522
1.0,52,82.1928
0.0,21,82.195822
1.0,58,82.204091
1.0,52,82.211515
0.0,21,82.214525
0.0,4,82.21512
0.0,30,82.219414
1.0,56,82.227493
1.0,57,82.235659
1.0,55,82.243536
1.0,51,82.250848
1.0,53,82.258527
0.0,4,82.259124
0.0,40,82.265016
1.0,54,82.272791
1.0,50,82.279943
1.0,55,82.287786
1.0,52,82.2953
1.0,51,82.302583
0.0,4,82.303179
1.0,52,82.310606
0.0,6,82.31149
1.0,54,82.319194
0.0,21,82.322206
0.0,25,82.325787
1.0,55,82.333776
1.0,55,82.341617
0.0,36,82.34678
0.0,12,82.348521
1.0,55,82.356362
0.0,18,82.358963
1.0,52,82.366562
0.0,6,82.367452
1.0,56,82.375443
1.0,59,82.383871
0.0,20,82.386758
0.0,19,82.389492
1.0,51,82.396792
1.0,56,82.404914
1.0,52,82.41239
0.0,4,82.412985
0.0,43,82.419129
1.0,51,82.426439
1.0,51,82.433743
1.0,50,82.441009
0.0,41,82.446888
1.0,54,82.454609
1.0,58,82.462883
1.0,64,82.472111
0.0,34,82.476988
1.0,54,82.484696
1.0,53,82.492275
1.0,50,82.499436
1.0,56,82.507687
1.0,50,82.514834
1.0,55,82.522684
1.0,55,82.530553
0.0,33,82.535307
1.0,66,82.544846
0.0,43,82.551023
1.0,56,82.559044
0.0,45,82.565493
1.0,58,82.573852
1.0,55,82.581833
0.0,10,82.583292
0.0,39,82.588892
1.0,50,82.596071
0.0,12,82.597813
1.0,60,82.606386
0.0,41,82.612377
1.0,55,82.62034
0.0,27,82.624231
0.0,29,82.628404
1.0,52,82.635874
0.0,36,82.641039
1.0,54,82.64888
0.0,13,82.650761
1.0,53,82.658345
1.0,52,82.665831
0.0,24,82.669371
1.0,59,82.677878
0.0,4,82.678482
0.0,4,82.679077
1.0,55,82.687053
1.0,60,82.69567
0.0,30,82.700065
0.0,38,82.705521
0.0,32,82.710109
1.0,56,82.718203
1.0,53,82.725806
1.0,57,82.734355
1.0,53,82.742045
1.0,51,82.749365
1.0,54,82.757192
1.0,61,82.765929
0.0,40,82.771819
1.0,58,82.780137
0.0,32,82.784782
1.0,56,82.792835
1.0,56,82.80086
0.0,39,82.806468
1.0,51,82.813797
1.0,56,82.821874
0.0,22,82.825066
1.0,54,82.832815
0.0,21,82.835947
0.0,33,82.840679
1.0,54,82.848423
0.0,8,82.849597
0.0,16,82.851927
1.0,55,82.859833
0.0,40,82.865612
1.0,60,82.874249
0.0,39,82.879861
0.0,46,82.886467
1.0,53,82.894139
0.0,37,82.899496
1.0,54,82.907254
1.0,50,82.914446
1.0,55,82.922317
1.0,58,82.930705
0.0,45,82.937159
0.0,22,82.940338
0.0,12,82.942092
1.0,53,82.949677
0.0,8,82.950851
1.0,53,82.958427
1.0,55,82.966477
1.0,55,82.974428
0.0,8,82.975602
1.0,56,82.983624
1.0,52,82.991094
1.0,58,82.99945
0.0,48,83.006348
0.0,34,83.011247
0.0,33,83.015986
1.0,56,83.024007
1.0,50,83.031174
1.0,56,83.039207
1.0,59,83.047662
1.0,53,83.055235
1.0,56,83.063301
0.0,12,83.065037
1.0,61,83.07386
1.0,57,83.082031
0.0,12,83.083781
1.0,52,83.091243
0.0,36,83.096415
0.0,6,83.097298
0.0,18,83.099894
1.0,52,83.107373
0.0,14,83.109401
1.0,53,83.116991
0.0,27,83.120882
0.0,33,83.125631
0.0,38,83.13109
0.0,41,83.137
1.0,56,83.145057
1.0,51,83.152365
1.0,52,83.159823
1.0,53,83.167463
0.0,35,83.172491
1.0,54,83.180304
0.0,4,83.180903
1.0,54,83.188649
1.0,60,83.19724
0.0,33,83.201989
1.0,52,83.209554
1.0,54,83.217324
1.0,54,83.225074
0.0,26,83.228825
1.0,53,83.236766
1.0,55,83.244711
0.0,39,83.250545
1.0,51,83.257876
1.0,56,83.266029
1.0,52,83.273578
0.0,12,83.275324
0.0,26,83.279107
0.0,44,83.285414
0.0,21,83.288441
0.0,28,83.292482
0.0,34,83.297386
1.0,54,83.305129
1.0,55,83.313035
0.0,34,83.317958
1.0,55,83.325856
0.0,31,83.330324
0.0,39,83.336308
1.0,54,83.344152
1.0,63,83.353238
1.0,52,83.360754
1.0,59,83.369313
1.0,56,83.377357
1.0,54,83.385123
0.0,20,83.388013
1.0,67,83.397601
0.0,16,83.399927
1.0,59,83.408366
0.0,29,83.41255
1.0,54,83.420355
0.0,38,83.425824
0.0,8,83.427004
1.0,56,83.43504
0.0,22,83.438219
1.0,53,83.445837
1.0,57,83.454025
0.0,4,83.454636
0.0,36,83.459811
0.0,43,83.466
0.0,31,83.470512
1.0,54,83.478252
1.0,56,83.486296
1.0,55,83.494358
1.0,50,83.501557
0.0,8,83.502728
0.0,36,83.507921
0.0,6,83.508802
1.0,54,83.516555
0.0,4,83.517149
1.0,64,83.526421
1.0,53,83.534036
0.0,49,83.54107
0.0,14,83.543109
0.0,19,83.545843
1.0,56,83.553861
0.0,27,83.557758
1.0,54,83.565833
0.0,21,83.568881
0.0,15,83.571046
0.0,47,83.578135
1.0,52,83.585642
1.0,57,83.593986
0.0,8,83.595269
0.0,40,83.601283
0.0,43,83.607538
0.0,42,83.613574
0.0,8,83.614785
1.0,58,83.623168
1.0,55,83.631218
1.0,54,83.639092
1.0,63,83.64816
1.0,55,83.656019
1.0,56,83.664079
1.0,56,83.672195
1.0,55,83.680096
1.0,58,83.688404
0.0,24,83.691865
1.0,55,83.699733
0.0,23,83.703099
0.0,39,83.708708
1.0,53,83.716309
0.0,17,83.71876
0.0,25,83.722433
1.0,54,83.730237
1.0,52,83.737731
0.0,8,83.738908
0.0,14,83.740929
1.0,53,83.74854
1.0,55,83.756444
1.0,59,83.765035
1.0,58,83.773463
0.0,29,83.777642
0.0,8,83.778815
1.0,60,83.787391
1.0,57,83.795556
0.0,25,83.799174
1.0,53,83.80682
1.0,58,83.815133
1.0,52,83.822592
0.0,23,83.825902
0.0,31,83.830349
0.0,44,83.836676
1.0,54,83.844455
0.0,23,83.847777
1.0,60,83.856372
1.0,54,83.864125
1.0,52,83.871673
0.0,44,83.878047
0.0,40,83.883794
1.0,56,83.891794
0.0,31,83.896275
0.0,18,83.898922
0.0,7,83.899936
1.0,50,83.907118
1.0,52,83.914674
0.0,47,83.921402
1.0,55,83.929311
1.0,54,83.937405
1.0,55,83.945405
0.0,42,83.951553
0.0,17,83.95401
1.0,51,83.961327
0.0,42,83.96747
1.0,69,83.977467
0.0,23,83.980771
0.0,4,83.981402
0.0,42,83.987426
1.0,59,83.995976
1.0,55,84.003859
1.0,54,84.011625
1.0,58,84.020002
0.0,11,84.021594
0.0,6,84.022482
1.0,53,84.030079
1.0,62,84.038939
1.0,67,84.04852
0.0,7,84.049546
1.0,58,84.057922
1.0,54,84.065673
1.0,58,84.074108
1.0,54,84.081849
0.0,30,84.086227
0.0,23,84.089568
1.0,52,84.097043
1.0,54,84.104794
1.0,55,84.112698
1.0,53,84.120292
1.0,61,84.129095
1.0,63,84.138144
0.0,37,84.14348
0.0,32,84.148093
0.0,21,84.151127
0.0,33,84.155889
1.0,58,84.164322
1.0,51,84.171671
0.0,14,84.1737
1.0,56,84.181699
0.0,22,84.184872
1.0,55,84.192776
1.0,59,84.201228
1.0,52,84.208696
1.0,50,84.215889
1.0,50,84.223068
1.0,52,84.230588
1.0,53,84.238176
1.0,56,84.246242
1.0,54,84.253988
1.0,53,84.261582
0.0,6,84.262504
0.0,41,84.26841
0.0,16,84.270796
1.0,52,84.278262
0.0,23,84.281578
0.0,27,84.285483
1.0,50,84.292682
1.0,53,84.300373
1.0,57,84.308541
1.0,57,84.316707
1.0,56,84.324724
1.0,55,84.33268
1.0,59,84.341129
0.0,42,84.347186
1.0,59,84.355639
1.0,58,84.363976
0.0,11,84.365571
1.0,55,84.373589
1.0,55,84.381457
1.0,60,84.39007
1.0,63,84.399063
1.0,54,84.406846
1.0,52,84.414299
1.0,55,84.422179
0.0,6,84.423063
1.0,56,84.431156
0.0,20,84.43405
1.0,55,84.442014
1.0,52,84.449497
1.0,54,84.457287
1.0,56,84.465302
1.0,55,84.473294
1.0,56,84.481337
1.0,51,84.488642
1.0,59,84.497081
0.0,54,84.504835
0.0,42,84.51095
0.0,19,84.513718
1.0,56,84.521763
1.0,50,84.528961
1.0,56,84.537234
1.0,52,84.544877
0.0,46,84.5515
0.0,12,84.553247
1.0,52,84.56075
1.0,58,84.569135
0.0,37,84.574467
1.0,55,84.582389
1.0,58,84.590695
0.0,8,84.59186
0.0,46,84.598475
1.0,50,84.605639
1.0,59,84.614155
0.0,16,84.616489
1.0,52,84.624088
1.0,54,84.631876
1.0,50,84.63906
0.0,33,84.643837
1.0,55,84.651852
1.0,59,84.66033
0.0,6,84.661216
0.0,4,84.661811
1.0,57,84.670084
1.0,52,84.677546
1.0,56,84.685696
1.0,57,84.693841
1.0,54,84.701578
1.0,57,84.709729
1.0,52,84.717189
0.0,6,84.718074
1.0,58,84.726509
1.0,51,84.733806
0.0,6,84.734736
1.0,58,84.743034
1.0,60,84.751609
1.0,61,84.760381
0.0,12,84.762126
1.0,59,84.770652
1.0,55,84.778534
1.0,52,84.785959
1.0,56,84.794075
1.0,50,84.801255
1.0,56,84.809275
1.0,55,84.817169
1.0,59,84.825706
0.0,24,84.829159
0.0,19,84.831904
1.0,55,84.839776
0.0,29,84.843934
1.0,55,84.851809
1.0,64,84.86105
1.0,56,84.869079
1.0,57,84.877303
1.0,50,84.884476
1.0,60,84.893076
1.0,50,84.900306
1.0,58,84.908633
0.0,4,84.90923
1.0,57,84.917393
1.0,56,84.925417
0.0,39,84.931115
1.0,55,84.93899
0.0,18,84.941581
0.0,34,84.946471
1.0,54,84.954184
0.0,6,84.95507
0.0,16,84.957377
0.0,27,84.961271
1.0,53,84.96902
1.0,57,84.97725
0.0,4,84.97785
0.0,40,84.983605
0.0,8,84.984775
0.0,38,84.990245
0.0,27,84.994142
0.0,4,84.994737
1.0,53,85.002525
0.0,25,85.006482
1.0,52,85.013932
0.0,42,85.020389
1.0,59,85.028934
1.0,59,85.037551
1.0,54,85.045561
1.0,51,85.052879
1.0,55,85.060786
1.0,55,85.068658
1.0,59,85.077237
0.0,41,85.083159
1.0,64,85.092305
1.0,54,85.10006
0.0,8,85.101233
0.0,23,85.104542
0.0,10,85.106025
0.0,8,85.10719
1.0,61,85.11593
1.0,55,85.123798
0.0,37,85.129134
0.0,26,85.132862
1.0,66,85.142492
0.0,17,85.145045
1.0,60,85.153789
1.0,60,85.162367
0.0,21,85.165404
0.0,35,85.17045
0.0,18,85.17306
0.0,8,85.174221
0.0,31,85.178707
0.0,14,85.180733
0.0,8,85.181899
1.0,54,85.189641
1.0,54,85.197385
0.0,40,85.203102
0.0,10,85.204551
1.0,56,85.212658
1.0,57,85.220955
1.0,60,85.229578
1.0,50,85.236811
0.0,33,85.241543
1.0,53,85.249279
1.0,50,85.256468
1.0,50,85.26372
1.0,53,85.271569
1.0,51,85.278903
0.0,12,85.280714
0.0,49,85.28774
0.0,21,85.290782
1.0,57,85.298928
1.0,55,85.306807
0.0,12,85.308549
0.0,14,85.310577
0.0,16,85.312871
1.0,58,85.321221
1.0,58,85.329551
0.0,11,85.331146
1.0,57,85.339324
1.0,52,85.346788
0.0,16,85.349106
1.0,54,85.357021
0.0,40,85.362765
1.0,62,85.371708
1.0,52,85.379187
0.0,4,85.379788
1.0,59,85.38829
1.0,61,85.39704
0.0,4,85.397642
1.0,57,85.405842
0.0,14,85.407876
0.0,36,85.413057
1.0,52,85.420539
1.0,52,85.428076
1.0,55,85.435958
1.0,52,85.443425
1.0,57,85.451591
1.0,58,85.459998
1.0,53,85.467625
0.0,25,85.471305
0.0,4,85.471903
0.0,48,85.478794
1.0,66,85.488263
1.0,55,85.496263
1.0,51,85.503599
1.0,52,85.511065
0.0,30,85.515379
1.0,56,85.523405
0.0,8,85.524578
1.0,53,85.53226
0.0,26,85.536029
0.0,40,85.541794
1.0,55,85.549686
0.0,4,85.550286
0.0,25,85.55389
1.0,54,85.561706
0.0,19,85.564443
0.0,14,85.566467
0.0,45,85.57296
0.0,37,85.578296
1.0,63,85.587324
1.0,52,85.59479
1.0,54,85.602602
0.0,6,85.603487
1.0,53,85.611076
0.0,43,85.617242
1.0,60,85.625825
1.0,60,85.634473
1.0,54,85.642231
1.0,57,85.650417
1.0,59,85.658864
1.0,59,85.667419
0.0,47,85.674225
1.0,54,85.681991
1.0,63,85.691024
1.0,56,85.699074
1.0,52,85.706613
1.0,52,85.714079
1.0,66,85.723811
0.0,8,85.724978
1.0,56,85.733064
1.0,53,85.741263
0.0,8,85.742437
1.0,53,85.750033
0.0,20,85.75292
1.0,57,85.761135
0.0,15,85.763301
0.0,23,85.766633
1.0,61,85.775503
1.0,56,85.783532
0.0,45,85.789994
1.0,56,85.798007
1.0,52,85.80546
1.0,59,85.813913
1.0,55,85.821813
1.0,51,85.829129
1.0,58,85.837487
1.0,57,85.845721
1.0,56,85.853743
0.0,16,85.856064
1.0,54,85.863823
0.0,16,85.866153
0.0,6,85.867043
1.0,57,85.875273
0.0,38,85.880828
0.0,25,85.884432
1.0,61,85.893162
0.0,8,85.894339
1.0,53,85.901932
0.0,12,85.903685
1.0,53,85.911302
0.0,29,85.915551
1.0,56,85.923625
1.0,60,85.932219
0.0,6,85.933105
1.0,61,85.941851
1.0,55,85.949757
0.0,14,85.951789
1.0,61,85.96052
1.0,50,85.967721
1.0,60,85.976401
1.0,55,85.984363
0.0,47,85.991116
1.0,59,85.999576
1.0,54,86.007323
1.0,52,86.014784
1.0,54,86.02256
1.0,57,86.030715
1.0,59,86.039157
0.0,52,86.046607
1.0,55,86.05459
0.0,31,86.059041
1.0,55,86.066931
1.0,62,86.07589
0.0,4,86.076485
0.0,29,86.080664
1.0,54,86.088435
1.0,52,86.095926
1.0,61,86.104656
0.0,36,86.109834
1.0,52,86.117271
0.0,12,86.119058
1.0,52,86.126603
1.0,55,86.13449
0.0,18,86.137089
1.0,55,86.14497
0.0,45,86.151483
1.0,51,86.158905
0.0,37,86.164232
1.0,53,86.171866
0.0,19,86.17462
1.0,64,86.183784
0.0,10,86.18523
0.0,23,86.188543
1.0,52,86.196076
1.0,50,86.203241
0.0,43,86.209405
1.0,51,86.216731
1.0,62,86.225609
0.0,6,86.226496
0.0,20,86.229463
0.0,19,86.232216
0.0,14,86.234235
1.0,62,86.243104
1.0,60,86.251709
1.0,51,86.259038
0.0,45,86.265575
1.0,60,86.274245
1.0,56,86.28229
1.0,58,86.290608
1.0,55,86.298508
0.0,20,86.301458
0.0,6,86.302345
1.0,51,86.309679
1.0,58,86.317988
1.0,52,86.325451
0.0,37,86.330775
1.0,54,86.338591
1.0,57,86.347107
0.0,43,86.353271
1.0,51,86.360588
1.0,59,86.369033
1.0,52,86.376632
1.0,57,86.384811
0.0,43,86.391002
0.0,37,86.396327
0.0,8,86.397499
1.0,53,86.405211
1.0,63,86.414227
1.0,56,86.422245
1.0,50,86.429421
0.0,21,86.43246
0.0,39,86.438082
1.0,59,86.446621
0.0,10,86.44807
1.0,55,86.456335
1.0,54,86.464497
0.0,20,86.467388
1.0,54,86.475318
1.0,55,86.483522
1.0,59,86.492121
1.0,57,86.500434
1.0,55,86.508335
1.0,53,86.516025
0.0,18,86.518632
1.0,52,86.526241
1.0,52,86.53373
1.0,64,86.542928
1.0,63,86.551997
1.0,56,86.560044
0.0,19,86.562781
1.0,53,86.570394
1.0,56,86.578518
1.0,64,86.587783
0.0,26,86.591536
1.0,55,86.599427
0.0,24,86.602894
1.0,54,86.610632
1.0,50,86.617892
0.0,16,86.620214
0.0,23,86.623542
1.0,54,86.631338
0.0,43,86.637531
1.0,56,86.645567
0.0,21,86.648611
1.0,52,86.656164
1.0,58,86.664498
1.0,52,86.672071
1.0,54,86.679827
1.0,57,86.688084
0.0,43,86.694265
0.0,16,86.696579
0.0,8,86.697751
0.0,29,86.701945
1.0,54,86.709709
0.0,12,86.711461
1.0,50,86.718653
1.0,52,86.726276
1.0,52,86.73376
1.0,57,86.741962
1.0,54,86.749725
1.0,57,86.757953
0.0,4,86.758557
0.0,44,86.764935
0.0,40,86.770684
1.0,55,86.778621
1.0,54,86.786366
0.0,21,86.7894
1.0,56,86.797538
1.0,51,86.804875
1.0,54,86.812622
0.0,42,86.818684
1.0,63,86.827739
0.0,16,86.830055
1.0,60,86.838665
0.0,22,86.841838
1.0,52,86.849319
1.0,53,86.856931
1.0,51,86.864333
1.0,56,86.872429
1.0,61,86.881186
0.0,14,86.883227
0.0,43,86.889406
1.0,53,86.897116
0.0,44,86.903426
0.0,27,86.907333
1.0,56,86.915362
0.0,29,86.919549
1.0,54,86.927307
0.0,16,86.929623
1.0,51,86.937026
1.0,61,86.946139
0.0,4,86.94674
1.0,52,86.954202
0.0,12,86.955951
0.0,30,86.960262
1.0,60,86.968922
0.0,28,86.973038
1.0,52,86.980583
0.0,41,86.986498
0.0,14,86.988519
0.0,12,86.990261
1.0,52,86.997719
1.0,52,87.005289
1.0,55,87.013204
1.0,53,87.020832
1.0,57,87.029025
1.0,52,87.03652
0.0,14,87.03862
1.0,56,87.046642
0.0,23,87.049981
0.0,44,87.056315
0.0,21,87.059363
1.0,60,87.067977
1.0,50,87.075251
1.0,58,87.083575
1.0,55,87.091467
1.0,53,87.099085
1.0,55,87.10701
1.0,55,87.114988
1.0,54,87.12282
1.0,53,87.130449
1.0,55,87.138365
1.0,55,87.146387
1.0,53,87.153995
1.0,55,87.161902
0.0,16,87.164226
1.0,51,87.171565
1.0,54,87.17946
0.0,44,87.185787
0.0,8,87.18697
1.0,56,87.195005
0.0,28,87.199043
0.0,14,87.201066
1.0,52,87.208646
0.0,16,87.210974
1.0,54,87.218786
0.0,4,87.219386
1.0,65,87.228687
0.0,40,87.234443
1.0,62,87.243352
0.0,12,87.245096
1.0,51,87.252553
1.0,55,87.260452
0.0,40,87.266334
0.0,17,87.268787
1.0,56,87.276882
1.0,55,87.284853
0.0,7,87.285881
0.0,19,87.288624
1.0,57,87.296829
0.0,26,87.30058
1.0,59,87.309071
1.0,58,87.31738
1.0,61,87.3262
0.0,43,87.332383
0.0,17,87.33485
1.0,52,87.342322
1.0,52,87.349794
1.0,52,87.357358
0.0,21,87.360394
1.0,54,87.36818
0.0,31,87.372752
0.0,19,87.375543
1.0,55,87.383452
1.0,52,87.391016
0.0,16,87.393332
0.0,12,87.395084
1.0,59,87.403559
1.0,60,87.412158
1.0,55,87.420057
0.0,6,87.420942
0.0,41,87.426918
0.0,17,87.429384
0.0,16,87.431696
1.0,53,87.439314
1.0,60,87.447923
0.0,28,87.452041
1.0,50,87.459276
0.0,28,87.463302
1.0,54,87.471058
0.0,21,87.474126
0.0,16,87.476454
1.0,54,87.484211
1.0,56,87.492256
0.0,14,87.494326
1.0,53,87.501936
1.0,54,87.509691
1.0,55,87.517566
1.0,54,87.525304
0.0,21,87.528351
0.0,22,87.531558
0.0,8,87.53273
1.0,57,87.540895
1.0,53,87.548912
1.0,50,87.556128
1.0,53,87.563845
0.0,4,87.564447
1.0,52,87.571935
0.0,19,87.574755
1.0,56,87.582809
1.0,51,87.590149
0.0,4,87.590751
1.0,56,87.598802
1.0,51,87.606152
1.0,55,87.614037
1.0,57,87.622218
1.0,52,87.629842
1.0,53,87.637612
0.0,31,87.642133
0.0,41,87.648108
0.0,27,87.652021
0.0,31,87.65648
0.0,8,87.657639
0.0,26,87.661383
1.0,54,87.669215
1.0,51,87.67664
1.0,52,87.684137
1.0,57,87.692334
1.0,52,87.699839
1.0,57,87.708071
0.0,40,87.713841
1.0,56,87.721986
0.0,6,87.722876
1.0,61,87.73172
1.0,56,87.739815
1.0,52,87.7473
1.0,54,87.755066
1.0,59,87.764369
1.0,57,87.772606
1.0,52,87.7802
1.0,51,87.787526
1.0,57,87.795706
1.0,56,87.803745
0.0,45,87.810253
1.0,57,87.81844
0.0,27,87.822332
1.0,54,87.830096
1.0,54,87.837857
1.0,54,87.845668
1.0,64,87.854871
1.0,54,87.862623
0.0,6,87.863511
0.0,43,87.869687
1.0,50,87.876959
1.0,54,87.884759
0.0,15,87.886939
1.0,56,87.89524
0.0,25,87.898875
0.0,31,87.90334
1.0,56,87.911705
1.0,52,87.919197
0.0,29,87.923525
0.0,14,87.925549
0.0,16,87.928076
1.0,63,87.937121
1.0,60,87.945678
1.0,53,87.953306
1.0,51,87.960617
1.0,66,87.970036
1.0,51,87.977436
0.0,8,87.978616
1.0,52,87.986098
1.0,57,87.994231
1.0,52,88.001787
1.0,55,88.009667
1.0,52,88.017122
1.0,55,88.025016
1.0,58,88.033388
1.0,58,88.04169
1.0,63,88.050712
1.0,57,88.058911
1.0,56,88.066934
1.0,54,88.074736
1.0,56,88.082753
0.0,14,88.084774
0.0,17,88.08723
0.0,14,88.089257
1.0,58,88.097589
0.0,19,88.100343
0.0,21,88.103369
1.0,56,88.111377
0.0,18,88.113973
0.0,10,88.115421
1.0,56,88.123455
0.0,6,88.124341
0.0,29,88.128559
1.0,54,88.136348
0.0,14,88.138385
1.0,52,88.146218
0.0,31,88.150719
1.0,52,88.158169
1.0,57,88.166397
0.0,46,88.172987
0.0,29,88.177198
1.0,57,88.185352
1.0,55,88.193224
0.0,29,88.197424
0.0,8,88.198598
0.0,40,88.204331
1.0,58,88.212631
0.0,47,88.219389
1.0,52,88.226839
1.0,56,88.235211
1.0,55,88.243083
1.0,54,88.251131
0.0,14,88.253148
0.0,48,88.260017
1.0,55,88.268016
1.0,52,88.275521
0.0,29,88.2797
1.0,53,88.287301
1.0,53,88.294878
1.0,52,88.302369
0.0,19,88.305109
1.0,54,88.312823
1.0,62,88.32174
1.0,57,88.329889
0.0,21,88.332919
0.0,6,88.333799
1.0,54,88.34157
0.0,21,88.344602
1.0,54,88.352338
1.0,51,88.359641
0.0,6,88.360528
1.0,51,88.367847
1.0,57,88.376092
0.0,6,88.37698
1.0,55,88.384855
0.0,16,88.387164
1.0,54,88.394901
0.0,30,88.399203
1.0,53,88.406839
0.0,40,88.412594
1.0,53,88.420179
1.0,56,88.428183
1.0,53,88.435783
1.0,59,88.444257
1.0,52,88.451737
1.0,50,88.458902
1.0,60,88.467454
1.0,52,88.474966
1.0,63,88.484013
0.0,15,88.486177
0.0,4,88.486778
0.0,14,88.488798
1.0,53,88.496388
1.0,57,88.504532
1.0,53,88.512162
0.0,38,88.517606
0.0,10,88.519059
0.0,31,88.523518
0.0,25,88.527107
1.0,52,88.534572
1.0,51,88.541882
1.0,51,88.549212
1.0,50,88.55638
0.0,8,88.557551
1.0,60,88.566122
1.0,59,88.574627
1.0,58,88.582977
1.0,55,88.590865
1.0,51,88.598161
0.0,19,88.600904
1.0,52,88.608392
1.0,54,88.616137
0.0,19,88.618914
1.0,56,88.626933
0.0,21,88.629953
1.0,52,88.637374
1.0,55,88.645257
0.0,8,88.646459
1.0,58,88.654816
0.0,38,88.660302
0.0,14,88.662335
1.0,58,88.670655
1.0,52,88.67818
1.0,50,88.685345
0.0,42,88.691439
1.0,55,88.699306
0.0,29,88.703479
0.0,38,88.708938
0.0,37,88.714281
1.0,55,88.722146
1.0,58,88.730535
1.0,69,88.740368
1.0,54,88.748492
1.0,58,88.756778
0.0,7,88.757874
1.0,59,88.766278
1.0,57,88.774502
1.0,54,88.782218
1.0,66,88.791647
1.0,54,88.799445
1.0,56,88.807448
1.0,51,88.81476
1.0,53,88.82234
0.0,40,88.828126
0.0,18,88.830715
1.0,55,88.838636
1.0,54,88.846366
1.0,51,88.853685
1.0,57,88.861861
1.0,54,88.869625
0.0,37,88.874981
1.0,54,88.882704
1.0,56,88.89071
1.0,61,88.899478
0.0,6,88.900361
1.0,52,88.907807
0.0,30,88.91211
1.0,59,88.920528
0.0,19,88.923264
1.0,54,88.930982
1.0,54,88.938776
1.0,56,88.946775
0.0,8,88.947944
1.0,57,88.956102
1.0,53,88.963694
1.0,52,88.971241
1.0,60,88.979955
1.0,50,88.987154
1.0,56,88.995159
0.0,42,89.001186
1.0,58,89.009531
1.0,59,89.017976
0.0,26,89.021731
1.0,55,89.029617
0.0,20,89.032501
0.0,45,89.039032
0.0,48,89.045915
0.0,19,89.048654
0.0,12,89.0504
1.0,58,89.058725
1.0,52,89.066177
0.0,39,89.071795
1.0,51,89.079254
1.0,58,89.087565
1.0,56,89.095596
1.0,53,89.103208
1.0,54,89.110965
0.0,32,89.115565
1.0,57,89.123821
1.0,52,89.131322
0.0,4,89.131923
0.0,33,89.136679
1.0,60,89.145374
1.0,60,89.153984
1.0,55,89.161905
1.0,53,89.169498
1.0,52,89.177011
1.0,56,89.185114
0.0,43,89.19131
1.0,59,89.199775
1.0,53,89.207373
1.0,54,89.215149
0.0,8,89.216316
1.0,57,89.224522
1.0,55,89.232432
1.0,54,89.240185
1.0,55,89.248078
1.0,50,89.255417
0.0,42,89.261448
0.0,44,89.267868
1.0,54,89.275687
0.0,12,89.277433
0.0,45,89.283909
1.0,58,89.292306
1.0,53,89.29992
1.0,56,89.307947
1.0,56,89.316
1.0,55,89.32392
0.0,12,89.325662
1.0,57,89.333843
1.0,55,89.341994
0.0,38,89.347471
1.0,57,89.355765
1.0,57,89.364222
1.0,54,89.372072
1.0,55,89.38007
1.0,56,89.38808
1.0,56,89.396159
1.0,54,89.403886
0.0,43,89.410054
1.0,52,89.417529
1.0,51,89.424869
1.0,57,89.433067
1.0,54,89.440825
0.0,35,89.445873
1.0,63,89.454911
0.0,20,89.457807
0.0,15,89.45998
1.0,52,89.467536
1.0,50,89.474737
0.0,21,89.477801
1.0,54,89.485553
1.0,54,89.493304
1.0,61,89.502251
0.0,41,89.508191
0.0,6,89.509073
1.0,54,89.516834
0.0,14,89.518873
0.0,6,89.519758
1.0,53,89.527396
0.0,43,89.53378
1.0,54,89.541526
0.0,47,89.548268
1.0,55,89.556158
1.0,55,89.564048
0.0,4,89.56465
1.0,52,89.572213
1.0,56,89.580386
0.0,23,89.583702
0.0,41,89.589594
0.0,14,89.591641
0.0,29,89.595814
0.0,14,89.597846
1.0,51,89.605217
0.0,10,89.60668
1.0,58,89.615001
1.0,52,89.62247
0.0,36,89.627653
1.0,51,89.634967
0.0,44,89.641359
1.0,56,89.649428
0.0,29,89.653612
0.0,23,89.656937
1.0,57,89.665112
0.0,6,89.666001
0.0,7,89.667028
1.0,56,89.67536
1.0,50,89.682625
1.0,60,89.691242
1.0,50,89.698447
1.0,50,89.705658
1.0,56,89.713739
0.0,27,89.717639
0.0,12,89.719391
0.0,20,89.722279
1.0,56,89.730338
1.0,56,89.738388
1.0,65,89.747784
1.0,55,89.755669
0.0,45,89.762128
1.0,53,89.769785
1.0,54,89.777699
1.0,54,89.785507
1.0,51,89.79283
1.0,56,89.800852
0.0,37,89.806182
1.0,64,89.815369
0.0,17,89.817827
1.0,59,89.826266
1.0,62,89.835133
0.0,46,89.841734
0.0,4,89.842336
1.0,56,89.850466
0.0,20,89.853347
1.0,55,89.861223
1.0,60,89.869831
1.0,51,89.877229
1.0,54,89.885056
1.0,56,89.893102
1.0,51,89.90042
1.0,59,89.908868
1.0,55,89.91678
0.0,44,89.923097
1.0,58,89.931403
0.0,4,89.932001
0.0,40,89.937743
1.0,53,89.945441
0.0,40,89.951439
1.0,54,89.959284
1.0,54,89.967043
1.0,60,89.975685
0.0,29,89.979923
0.0,12,89.981667
1.0,52,89.989305
0.0,27,89.993313
0.0,43,89.999573
0.0,23,90.002896
0.0,19,90.005657
1.0,60,90.014239
0.0,42,90.020268
1.0,57,90.02849
0.0,4,90.029093
1.0,57,90.037261
0.0,44,90.043595
1.0,62,90.052462
1.0,58,90.060796
0.0,19,90.063547
0.0,6,90.064435
1.0,54,90.072186
0.0,12,90.073931
1.0,53,90.081592
1.0,54,90.089354
1.0,53,90.097034
0.0,15,90.0992
0.0,24,90.102665
1.0,50,90.109848
0.0,20,90.112739
0.0,46,90.1194
0.0,17,90.121867
1.0,50,90.129153
0.0,21,90.132194
0.0,17,90.134663
1.0,57,90.142826
0.0,20,90.145703
0.0,35,90.150744
0.0,17,90.153189
1.0,50,90.160377
1.0,56,90.16847
0.0,42,90.174512
0.0,16,90.176854
1.0,55,90.184738
0.0,48,90.191641
1.0,56,90.19978
1.0,54,90.207554
0.0,35,90.212591
1.0,55,90.220511
1.0,53,90.228118
0.0,42,90.234529
1.0,64,90.243695
0.0,46,90.25032
0.0,6,90.251219
1.0,51,90.258595
1.0,54,90.266396
1.0,57,90.274624
1.0,56,90.282746
0.0,29,90.286928
0.0,33,90.291682
1.0,58,90.300002
0.0,7,90.301027
0.0,19,90.303805
1.0,57,90.311984
1.0,61,90.320728
1.0,56,90.32879
1.0,50,90.33599
1.0,61,90.344794
0.0,12,90.346542
0.0,15,90.3487
1.0,56,90.356722
0.0,33,90.36148
0.0,29,90.365658
0.0,37,90.371
0.0,20,90.373954
1.0,66,90.383507
1.0,52,90.390985
0.0,41,90.39688
1.0,53,90.404578
0.0,33,90.409422
1.0,57,90.417584
1.0,62,90.426447
1.0,53,90.434057
1.0,57,90.442256
1.0,55,90.450247
1.0,55,90.45815
1.0,58,90.466474
1.0,60,90.475087
1.0,54,90.482949
1.0,54,90.490702
1.0,61,90.49946
1.0,65,90.508779
1.0,54,90.516595
1.0,61,90.525355
1.0,58,90.533688
1.0,61,90.542406
1.0,58,90.551176
1.0,54,90.558932
1.0,53,90.566559
1.0,58,90.57487
1.0,50,90.58212
1.0,55,90.590107
1.0,57,90.598292
0.0,7,90.599318
1.0,56,90.607364
0.0,4,90.607962
1.0,55,90.61584
1.0,54,90.623642
1.0,54,90.631415
0.0,43,90.637623
1.0,58,90.645953
0.0,19,90.648709
0.0,20,90.651597
0.0,16,90.653915
0.0,21,90.656993
1.0,54,90.664738
0.0,22,90.667928
0.0,17,90.670437
0.0,10,90.671895
1.0,63,90.680983
0.0,10,90.682444
1.0,50,90.689661
0.0,33,90.694412
1.0,50,90.701602
1.0,51,90.708931
1.0,52,90.716402
1.0,55,90.724301
0.0,4,90.724941
1.0,57,90.733179
0.0,35,90.738221
0.0,24,90.741689
0.0,43,90.74789
0.0,46,90.754503
1.0,57,90.762757
1.0,52,90.770187
0.0,48,90.777131
1.0,53,90.785033
0.0,33,90.790043
1.0,50,90.797477
1.0,52,90.804951
1.0,59,90.813795
1.0,54,90.821689
1.0,61,90.83053
1.0,56,90.838644
1.0,52,90.846119
1.0,56,90.854139
0.0,31,90.858604
0.0,37,90.863936
0.0,37,90.869334
1.0,62,90.878302
1.0,50,90.885509
1.0,59,90.893969
0.0,31,90.898441
0.0,6,90.899324
1.0,54,90.90712
1.0,54,90.914874
1.0,58,90.923205
1.0,59,90.931657
1.0,56,90.939744
0.0,4,90.940348
0.0,14,90.94236
1.0,56,90.95038
0.0,4,90.950981
0.0,19,90.953726
1.0,54,90.96147
1.0,53,90.969084
1.0,57,90.97735
1.0,56,90.985376
0.0,44,90.99171
1.0,52,90.999158
1.0,52,91.006798
1.0,53,91.014385
0.0,25,91.018003
0.0,12,91.019748
1.0,60,91.028322
0.0,19,91.031149
1.0,67,91.040789
1.0,54,91.048532
0.0,46,91.055134
0.0,29,91.059304
1.0,57,91.067485
1.0,53,91.075081
1.0,61,91.083923
1.0,68,91.093659
1.0,55,91.101542
0.0,34,91.106454
1.0,52,91.11401
1.0,56,91.122046
0.0,29,91.126239
1.0,53,91.133845
1.0,53,91.141449
1.0,54,91.149648
1.0,51,91.157011
0.0,26,91.160754
1.0,57,91.168927
1.0,59,91.177378
0.0,30,91.181819
0.0,21,91.184845
1.0,54,91.192573
0.0,34,91.19745
0.0,33,91.2022
0.0,27,91.206089
1.0,52,91.213563
1.0,61,91.222395
1.0,53,91.230001
1.0,55,91.237893
0.0,41,91.24385
1.0,66,91.253338
1.0,54,91.261098
0.0,6,91.26199
0.0,21,91.265133
1.0,50,91.272389
1.0,53,91.280077
1.0,59,91.288579
1.0,50,91.295767
1.0,63,91.304791
1.0,54,91.312544
0.0,12,91.314284
1.0,53,91.321921
1.0,53,91.329546
1.0,52,91.33702
0.0,19,91.339811
1.0,61,91.348552
1.0,54,91.356287
0.0,31,91.36083
0.0,19,91.363572
1.0,53,91.371255
0.0,16,91.373563
1.0,57,91.381807
1.0,52,91.389277
0.0,29,91.393502
0.0,44,91.39983
1.0,63,91.408859
1.0,59,91.417297
0.0,31,91.421758
0.0,8,91.42293
1.0,51,91.430283
1.0,58,91.438576
0.0,18,91.441165
0.0,21,91.444177
1.0,51,91.451529
1.0,60,91.460152
1.0,55,91.468119
0.0,35,91.473154
1.0,52,91.480708
1.0,60,91.489348
1.0,52,91.49685
1.0,58,91.505241
0.0,44,91.511661
0.0,4,91.512262
1.0,52,91.51972
1.0,55,91.527621
0.0,14,91.529649
0.0,41,91.535572
1.0,59,91.544009
1.0,57,91.552191
1.0,52,91.559666
0.0,4,91.560263
0.0,39,91.565869
1.0,54,91.573668
0.0,4,91.57427
1.0,54,91.582076
1.0,61,91.590819
1.0,52,91.598273
1.0,53,91.605896
1.0,58,91.614203
0.0,8,91.615364
1.0,55,91.623299
1.0,55,91.631296
1.0,56,91.639467
1.0,60,91.648093
1.0,52,91.65555
1.0,57,91.663716
1.0,54,91.671473
1.0,52,91.67909
1.0,51,91.686415
0.0,27,91.690304
0.0,44,91.696622
1.0,66,91.706075
1.0,51,91.713464
0.0,45,91.719929
1.0,55,91.727882
1.0,61,91.736609
0.0,37,91.741933
1.0,58,91.750713
1.0,53,91.758366
1.0,59,91.766806
1.0,54,91.774545
1.0,63,91.783658
0.0,24,91.787101
1.0,58,91.795405
0.0,37,91.800699
0.0,43,91.806866
1.0,53,91.814531
0.0,25,91.818134
1.0,61,91.826914
0.0,48,91.833801
1.0,60,91.842419
0.0,25,91.846026
1.0,54,91.853838
0.0,39,91.859488
1.0,60,91.868065
1.0,57,91.876232
1.0,54,91.884046
1.0,57,91.892283
0.0,19,91.89503
1.0,55,91.902917
1.0,61,91.911676
0.0,33,91.916442
1.0,62,91.925393
1.0,52,91.932863
1.0,58,91.941152
0.0,28,91.945185
1.0,63,91.954281
0.0,29,91.958457
1.0,53,91.966064
0.0,26,91.969815
0.0,33,91.974585
0.0,8,91.975749
1.0,56,91.983852
0.0,7,91.984877
0.0,6,91.985756
0.0,19,91.988522
1.0,56,91.996712
1.0,50,92.003893
1.0,53,92.011499
0.0,42,92.017537
1.0,57,92.025792
1.0,59,92.034241
0.0,42,92.040288
1.0,51,92.047606
1.0,60,92.056209
0.0,21,92.059268
0.0,37,92.064602
0.0,6,92.065481
1.0,62,92.074366
1.0,55,92.082351
1.0,59,92.090787
1.0,52,92.098315
0.0,46,92.104913
0.0,38,92.110372
1.0,50,92.117557
1.0,52,92.125015
0.0,15,92.127188
1.0,56,92.135316
1.0,58,92.143638
1.0,56,92.151664
0.0,17,92.154127
1.0,54,92.161872
0.0,6,92.162763
0.0,40,92.168581
1.0,55,92.176462
0.0,6,92.177343
0.0,35,92.182402
0.0,32,92.186996
1.0,58,92.195311
0.0,29,92.19948
1.0,58,92.20779
0.0,6,92.208678
0.0,41,92.214537
0.0,20,92.217413
1.0,57,92.225815
0.0,21,92.228842
0.0,4,92.229439
1.0,55,92.237734
0.0,26,92.24146
0.0,37,92.246773
0.0,25,92.250476
1.0,61,92.259458
0.0,45,92.265941
1.0,56,92.274042
1.0,54,92.281852
1.0,52,92.289312
1.0,55,92.29719
1.0,54,92.304938
0.0,41,92.310902
0.0,43,92.317088
1.0,53,92.324691
1.0,52,92.332144
1.0,64,92.341368
1.0,56,92.349405
1.0,66,92.359202
1.0,58,92.367598
1.0,65,92.376929
1.0,55,92.384895
1.0,64,92.394087
0.0,40,92.399856
1.0,58,92.408145
0.0,21,92.41121
0.0,39,92.416821
1.0,54,92.424573
0.0,8,92.425745
0.0,45,92.432217
0.0,44,92.438524
1.0,52,92.446063
0.0,16,92.448381
0.0,34,92.4533
1.0,50,92.460493
0.0,42,92.466533
1.0,57,92.474683
0.0,39,92.480346
1.0,57,92.488569
0.0,13,92.490458
1.0,58,92.498767
0.0,40,92.504623
0.0,39,92.510238
1.0,53,92.517874
0.0,8,92.51905
0.0,27,92.522944
1.0,57,92.531162
0.0,4,92.53181
1.0,54,92.539557
1.0,56,92.547577
1.0,56,92.555644
1.0,54,92.5634
1.0,61,92.572161
1.0,52,92.579686
1.0,56,92.587754
1.0,50,92.594937
1.0,56,92.60297
0.0,21,92.606006
0.0,8,92.607179
1.0,51,92.614502
0.0,16,92.616811
1.0,55,92.624762
1.0,59,92.63322
1.0,54,92.640967
0.0,4,92.641567
1.0,54,92.649319
1.0,51,92.656715
1.0,53,92.664314
1.0,61,92.673077
0.0,42,92.679118
1.0,54,92.686953
1.0,55,92.694909
1.0,55,92.702818
1.0,53,92.710428
1.0,56,92.718476
0.0,29,92.722672
0.0,20,92.725548
1.0,58,92.73396
0.0,34,92.738851
1.0,57,92.747094
0.0,6,92.747981
1.0,59,92.756444
1.0,51,92.763822
0.0,16,92.76614
0.0,39,92.771863
1.0,64,92.781061
1.0,54,92.788819
0.0,18,92.791419
1.0,57,92.799693
1.0,53,92.807302
0.0,10,92.808753
1.0,59,92.817194
0.0,16,92.819522
0.0,21,92.822555
0.0,18,92.825155
1.0,57,92.833433
1.0,54,92.84129
0.0,19,92.844049
0.0,21,92.847086
1.0,56,92.855133
0.0,28,92.859169
1.0,50,92.866362
1.0,55,92.874318
0.0,35,92.879358
1.0,61,92.888187
1.0,63,92.897215
0.0,12,92.898965
0.0,21,92.901993
1.0,53,92.909624
0.0,18,92.912234
1.0,57,92.920415
1.0,52,92.927881
1.0,60,92.936481
0.0,25,92.940113
1.0,54,92.947862
1.0,55,92.956104
1.0,57,92.964251
1.0,61,92.973072
0.0,27,92.976977
1.0,55,92.984946
0.0,31,92.989398
1.0,62,92.998306
0.0,51,93.005612
1.0,54,93.013443
0.0,46,93.020043
0.0,21,93.023083
1.0,60,93.031665
1.0,52,93.039124
1.0,65,93.048468
1.0,52,93.055932
1.0,58,93.064231
1.0,52,93.071681
1.0,52,93.079221
1.0,53,93.086889
1.0,52,93.094346
1.0,54,93.102101
1.0,56,93.110127
0.0,41,93.116082
1.0,53,93.123681
1.0,53,93.131331
1.0,54,93.139072
0.0,4,93.139673
1.0,52,93.147145
0.0,18,93.149767
0.0,41,93.155668
0.0,18,93.158256
0.0,27,93.162177
0.0,6,93.163068
1.0,59,93.171528
0.0,8,93.172702
1.0,54,93.180464
0.0,17,93.182931
0.0,14,93.185052
0.0,19,93.187784
0.0,40,93.193528
0.0,6,93.194418
1.0,57,93.202599
0.0,29,93.206811
0.0,6,93.207702
0.0,4,93.208296
1.0,64,93.217433
0.0,14,93.219542
1.0,56,93.227583
0.0,21,93.230924
1.0,57,93.239232
1.0,56,93.247459
0.0,35,93.252484
1.0,61,93.261333
1.0,51,93.268779
1.0,60,93.277382
1.0,56,93.285466
1.0,56,93.293566
1.0,57,93.301763
1.0,58,93.310061
0.0,48,93.316922
1.0,60,93.325526
1.0,50,93.332696
1.0,52,93.340145
1.0,56,93.34818
1.0,51,93.355582
1.0,53,93.363245
0.0,9,93.364554
0.0,46,93.371135
1.0,54,93.378873
0.0,20,93.381811
1.0,53,93.389413
1.0,55,93.397386
1.0,58,93.405687
0.0,19,93.408444
1.0,55,93.416345
1.0,57,93.424518
1.0,53,93.432201
1.0,61,93.440902
0.0,29,93.445062
1.0,56,93.453075
0.0,25,93.456663
0.0,45,93.463127
0.0,44,93.469539
1.0,50,93.476727
0.0,8,93.477902
1.0,59,93.486432
0.0,42,93.492454
0.0,36,93.497627
0.0,4,93.498224
1.0,57,93.50647
0.0,37,93.511783
1.0,64,93.520929
1.0,54,93.528681
1.0,56,93.53677
0.0,38,93.542212
1.0,57,93.550389
1.0,57,93.558551
0.0,41,93.564446
1.0,50,93.571709
0.0,10,93.573167
1.0,58,93.581526
1.0,69,93.59139
0.0,29,93.595575
1.0,53,93.603186
0.0,42,93.609254
0.0,15,93.611427
1.0,54,93.619184
0.0,38,93.624637
1.0,54,93.632411
0.0,18,93.635023
1.0,52,93.642522
1.0,60,93.651108
1.0,58,93.659412
0.0,22,93.66259
0.0,35,93.667878
0.0,38,93.673371
1.0,57,93.681972
0.0,4,93.682577
1.0,54,93.690392
1.0,58,93.698771
1.0,54,93.706508
1.0,53,93.714404
1.0,54,93.722214
0.0,8,93.723389
0.0,16,93.725707
1.0,57,93.733931
1.0,59,93.742391
1.0,53,93.750067
0.0,4,93.750667
0.0,33,93.755409
0.0,30,93.75972
0.0,10,93.761178
0.0,17,93.763639
1.0,51,93.770952
1.0,60,93.779529
1.0,52,93.787041
1.0,52,93.794513
0.0,35,93.79954
0.0,6,93.800429
0.0,6,93.801306
1.0,62,93.81016
0.0,22,93.81334
0.0,32,93.818023
1.0,54,93.825749
0.0,19,93.828491
0.0,32,93.833099
1.0,58,93.841399
1.0,58,93.84969
1.0,57,93.85792
1.0,50,93.865089
0.0,39,93.870687
0.0,16,93.873006
0.0,16,93.875325
1.0,59,93.883818
1.0,57,93.892016
1.0,56,93.900062
1.0,55,93.90797
1.0,52,93.915447
1.0,54,93.923281
0.0,8,93.924453
1.0,54,93.932213
1.0,56,93.940243
0.0,35,93.945284
1.0,56,93.953297
1.0,54,93.961138
0.0,21,93.964183
0.0,10,93.965628
1.0,55,93.973505
1.0,57,93.981746
0.0,14,93.983779
1.0,60,93.992499
0.0,21,93.995546
1.0,63,94.004555
1.0,59,94.013153
0.0,20,94.016038
1.0,50,94.023226
1.0,66,94.032768
1.0,52,94.0403
1.0,52,94.047756
1.0,54,94.055498
1.0,59,94.064064
0.0,6,94.064947
0.0,44,94.071262
0.0,12,94.073046
1.0,60,94.081705
1.0,51,94.089033
1.0,56,94.097141
1.0,52,94.104585
1.0,55,94.112452
0.0,19,94.115193
0.0,42,94.121281
1.0,54,94.129021
1.0,54,94.136845
1.0,58,94.145164
1.0,56,94.153216
1.0,55,94.161111
1.0,52,94.168653
1.0,57,94.176822
1.0,52,94.184366
1.0,54,94.192116
0.0,34,94.19698
1.0,54,94.204883
0.0,4,94.205483
1.0,55,94.213409
0.0,19,94.216161
1.0,60,94.224732
1.0,60,94.233289
1.0,56,94.241481
1.0,59,94.249914
1.0,58,94.258196
0.0,8,94.259366
0.0,21,94.262377
0.0,23,94.265717
1.0,54,94.273562
0.0,6,94.274447
1.0,53,94.282481
1.0,57,94.290634
1.0,60,94.299201
1.0,50,94.306367
1.0,52,94.313933
1.0,52,94.321388
0.0,40,94.327142
1.0,61,94.335868
0.0,18,94.338455
0.0,21,94.341493
0.0,25,94.345163
1.0,57,94.3533
1.0,58,94.361601
1.0,54,94.369343
1.0,53,94.376977
0.0,30,94.381343
1.0,57,94.389551
1.0,51,94.396867
1.0,53,94.404466
1.0,56,94.412458
1.0,53,94.420153
0.0,29,94.424309
1.0,57,94.432528
1.0,61,94.44127
0.0,32,94.445875
0.0,16,94.448269
1.0,54,94.456056
1.0,57,94.464211
0.0,29,94.468368
1.0,55,94.476221
1.0,53,94.483951
1.0,59,94.492403
1.0,55,94.500273
1.0,54,94.507997
0.0,16,94.510309
1.0,54,94.518038
0.0,34,94.522965
0.0,14,94.524984
1.0,57,94.533134
1.0,56,94.541165
0.0,27,94.545039
1.0,61,94.553846
1.0,57,94.562009
1.0,54,94.569751
0.0,23,94.573079
1.0,62,94.58202
0.0,44,94.588331
1.0,52,94.595819
1.0,55,94.60368
0.0,17,94.606128
1.0,50,94.613274
1.0,62,94.622219
1.0,56,94.630275
0.0,25,94.63391
1.0,57,94.642046
1.0,56,94.650034
1.0,56,94.65805
1.0,54,94.665807
0.0,41,94.671678
1.0,54,94.679442
1.0,52,94.686949
0.0,8,94.688117
1.0,54,94.695919
0.0,32,94.700509
1.0,52,94.707954
0.0,37,94.713261
0.0,20,94.716142
1.0,64,94.725268
1.0,56,94.733418
1.0,57,94.741561
1.0,59,94.75
1.0,50,94.757149
0.0,16,94.759469
0.0,43,94.765711
1.0,54,94.773476
1.0,58,94.78179
0.0,6,94.782744
1.0,53,94.790321
1.0,55,94.798199
1.0,59,94.806679
1.0,52,94.814119
1.0,54,94.821856
1.0,55,94.829716
1.0,58,94.838089
0.0,14,94.840115
1.0,50,94.847287
1.0,60,94.855865
1.0,54,94.863614
0.0,43,94.869858
1.0,60,94.8788
0.0,8,94.879971
0.0,38,94.88547
1.0,58,94.893754
0.0,57,94.901885
0.0,41,94.907813
1.0,58,94.916109
0.0,50,94.923263
1.0,50,94.930393
0.0,6,94.931274
0.0,14,94.933285
1.0,54,94.941096
1.0,51,94.948454
0.0,29,94.95263
1.0,52,94.960085
1.0,58,94.968378
0.0,21,94.971409
0.0,31,94.975941
1.0,53,94.983577
0.0,11,94.985168
1.0,51,94.992467
1.0,55,95.000461
1.0,56,95.008475
0.0,14,95.010585
0.0,44,95.016913
0.0,4,95.017509
0.0,42,95.023536
1.0,54,95.031249
0.0,16,95.03354
0.0,30,95.037853
0.0,42,95.043886
1.0,55,95.05183
1.0,56,95.059837
0.0,14,95.061865
0.0,33,95.066611
0.0,16,95.068915
1.0,58,95.077178
0.0,39,95.082878
0.0,36,95.088053
1.0,54,95.095791
1.0,52,95.103233
0.0,47,95.110229
1.0,60,95.11925
1.0,51,95.126565
1.0,62,95.135597
0.0,17,95.138414
1.0,58,95.146806
1.0,52,95.154313
1.0,59,95.162877
1.0,51,95.170196
0.0,15,95.172361
1.0,57,95.180584
1.0,53,95.188333
0.0,16,95.190657
1.0,50,95.197834
1.0,50,95.205001
1.0,55,95.212873
0.0,17,95.215355
0.0,6,95.216236
1.0,52,95.223734
0.0,39,95.229337
1.0,54,95.237263
0.0,33,95.242125
0.0,32,95.246719
1.0,52,95.254183
1.0,50,95.261403
1.0,54,95.269304
1.0,51,95.276602
1.0,55,95.28453
1.0,54,95.292295
1.0,54,95.300037
0.0,33,95.304764
0.0,8,95.305933
0.0,4,95.30653
1.0,59,95.314981
1.0,56,95.322993
0.0,49,95.330062
0.0,17,95.332529
1.0,56,95.340553
1.0,57,95.348735
1.0,62,95.357598
0.0,42,95.363699
1.0,54,95.371519
1.0,62,95.38041
0.0,28,95.384477
1.0,56,95.392512
1.0,56,95.400652
1.0,59,95.409097
1.0,58,95.417411
1.0,54,95.425182
0.0,28,95.429221
1.0,54,95.437
1.0,55,95.44487
1.0,56,95.452894
1.0,61,95.461644
1.0,59,95.47017
0.0,16,95.472485
0.0,6,95.473372
1.0,51,95.481016
1.0,55,95.488959
0.0,29,95.493133
0.0,4,95.493731
1.0,58,95.502121
1.0,59,95.510702
1.0,56,95.518732
1.0,51,95.526048
1.0,56,95.53405
1.0,54,95.541955
0.0,19,95.54471
1.0,54,95.552473
1.0,55,95.560343
0.0,47,95.567112
0.0,28,95.571167
0.0,21,95.57431
0.0,14,95.576338
1.0,52,95.583884
1.0,53,95.591597
1.0,50,95.598777
1.0,58,95.607127
1.0,65,95.616435
1.0,55,95.624388
1.0,52,95.631948
1.0,51,95.639376
1.0,52,95.646921
1.0,55,95.654786
1.0,53,95.662371
1.0,51,95.669671
1.0,56,95.677771
1.0,51,95.685155
0.0,12,95.686911
1.0,56,95.694924
1.0,51,95.702235
1.0,58,95.710543
1.0,59,95.719021
1.0,58,95.727468
1.0,57,95.735606
0.0,31,95.740062
1.0,53,95.747706
0.0,4,95.748315
1.0,59,95.756733
1.0,55,95.764642
0.0,38,95.770074
0.0,14,95.77209
1.0,56,95.780221
1.0,56,95.78833
1.0,56,95.796337
1.0,59,95.804787
1.0,57,95.812932
0.0,27,95.816803
1.0,53,95.824457
1.0,54,95.832205
0.0,40,95.837957
0.0,25,95.841558
1.0,57,95.849713
0.0,40,95.855525
1.0,60,95.864103
1.0,52,95.871553
1.0,59,95.88
0.0,4,95.880597
1.0,50,95.88783
0.0,21,95.890898
1.0,62,95.899763
0.0,37,95.905086
1.0,56,95.913103
0.0,41,95.919003
0.0,19,95.921725
0.0,49,95.928796
1.0,53,95.936398
1.0,65,95.945662
0.0,31,95.950116
1.0,54,95.957825
1.0,54,95.965619
0.0,4,95.96622
0.0,21,95.96926
1.0,51,95.976562
0.0,16,95.978878
1.0,52,95.986408
1.0,51,95.993754
1.0,56,96.00183
1.0,54,96.009587
0.0,19,96.012336
0.0,44,96.018645
1.0,58,96.026996
1.0,60,96.035669
1.0,54,96.043471
1.0,57,96.051621
1.0,54,96.059385
0.0,19,96.062121
1.0,58,96.070493
0.0,8,96.07167
1.0,53,96.079554
0.0,30,96.084008
1.0,61,96.092709
1.0,64,96.1026
1.0,55,96.1105
1.0,59,96.118942
1.0,60,96.127498
1.0,56,96.135585
1.0,52,96.14304
0.0,4,96.143638
1.0,56,96.15167
0.0,29,96.155856
1.0,54,96.16358
1.0,53,96.171238
0.0,41,96.177124
1.0,59,96.185609
0.0,48,96.192489
0.0,22,96.19564
1.0,50,96.202804
1.0,54,96.210566
1.0,58,96.218865
1.0,56,96.226909
0.0,29,96.23107
1.0,58,96.239433
0.0,44,96.245786
0.0,33,96.250541
1.0,53,96.258124
0.0,4,96.258726
0.0,29,96.262871
0.0,8,96.264043
1.0,55,96.271995
0.0,9,96.273306
1.0,56,96.28144
0.0,45,96.287937
1.0,55,96.295806
0.0,16,96.298114
0.0,4,96.298712
0.0,12,96.300442
0.0,39,96.306038
1.0,50,96.313239
1.0,57,96.32138
1.0,67,96.330977
1.0,50,96.338132
1.0,56,96.346235
1.0,55,96.354091
0.0,19,96.356823
1.0,57,96.364974
0.0,40,96.370712
0.0,28,96.374736
1.0,58,96.383066
0.0,16,96.385455
0.0,46,96.392076
1.0,58,96.400366
1.0,52,96.407823
0.0,37,96.41314
1.0,54,96.420914
1.0,56,96.428965
1.0,55,96.436831
1.0,53,96.444414
1.0,55,96.452368
1.0,57,96.460532
0.0,25,96.464142
0.0,26,96.467865
0.0,22,96.471031
0.0,26,96.474801
1.0,50,96.481962
1.0,56,96.490078
0.0,29,96.494258
1.0,52,96.501728
0.0,25,96.505318
1.0,54,96.513045
0.0,8,96.514205
1.0,51,96.52154
0.0,38,96.526982
1.0,58,96.535262
0.0,18,96.537858
1.0,56,96.546079
0.0,16,96.548386
1.0,61,96.557478
1.0,56,96.565609
0.0,33,96.570354
1.0,54,96.578444
1.0,56,96.586633
1.0,62,96.595546
0.0,44,96.601855
0.0,8,96.603031
1.0,54,96.610764
1.0,51,96.618068
1.0,59,96.626537
1.0,58,96.634895
1.0,57,96.643045
1.0,57,96.65126
1.0,55,96.659136
0.0,23,96.662486
1.0,61,96.671216
1.0,55,96.679237
0.0,34,96.684386
1.0,54,96.692165
0.0,37,96.697495
1.0,65,96.706764
1.0,69,96.716572
0.0,29,96.720748
0.0,37,96.72606
0.0,39,96.731803
0.0,4,96.732399
0.0,21,96.735424
1.0,56,96.743443
1.0,59,96.751908
0.0,8,96.753079
0.0,31,96.757536
0.0,43,96.763719
1.0,50,96.77093
0.0,25,96.77454
0.0,6,96.775419
1.0,55,96.783299
1.0,50,96.790536
0.0,29,96.794712
1.0,52,96.802204
1.0,52,96.809665
1.0,54,96.817412
0.0,21,96.820442
1.0,56,96.828508
1.0,56,96.836528
0.0,23,96.840051
1.0,58,96.848344
1.0,57,96.856516
1.0,59,96.864967
1.0,52,96.872452
0.0,20,96.875328
0.0,31,96.87978
0.0,30,96.884075
0.0,23,96.887481
1.0,50,96.894649
1.0,53,96.902251
1.0,54,96.910015
1.0,55,96.917893
0.0,35,96.922922
1.0,63,96.931907
0.0,29,96.936087
0.0,10,96.937536
0.0,29,96.941714
1.0,56,96.94974
1.0,56,96.957737
0.0,34,96.962611
0.0,17,96.965067
0.0,38,96.97053
1.0,54,96.978288
1.0,55,96.986187
1.0,51,96.99351
0.0,27,96.997382
0.0,27,97.00128
1.0,55,97.009235
1.0,53,97.016933
0.0,6,97.017811
0.0,33,97.022554
1.0,59,97.030988
1.0,57,97.039234
0.0,18,97.041826
0.0,8,97.042999
1.0,54,97.050778
1.0,56,97.05881
1.0,58,97.067099
1.0,56,97.07514
1.0,55,97.08306
0.0,4,97.083659
1.0,58,97.09205
1.0,59,97.100532
1.0,60,97.109128
0.0,28,97.113146
1.0,55,97.121123
1.0,53,97.128758
0.0,31,97.133217
0.0,6,97.134101
1.0,55,97.142246
1.0,55,97.150123
1.0,58,97.158469
0.0,16,97.160785
1.0,51,97.168095
1.0,56,97.176109
0.0,12,97.177859
1.0,54,97.185646
1.0,63,97.19468
0.0,10,97.196133
0.0,16,97.198452
0.0,8,97.199624
1.0,71,97.209751
1.0,56,97.217786
1.0,52,97.22529
1.0,61,97.234007
0.0,28,97.23806
1.0,65,97.247358
1.0,53,97.254962
1.0,54,97.262743
1.0,57,97.270957
0.0,31,97.275407
0.0,10,97.276927
1.0,50,97.284407
1.0,58,97.292755
0.0,8,97.293954
0.0,42,97.300097
0.0,12,97.301833
0.0,42,97.307861
1.0,54,97.315606
0.0,38,97.321041
1.0,51,97.328443
0.0,42,97.334441
0.0,14,97.336463
1.0,54,97.34419
1.0,52,97.351654
1.0,54,97.359417
1.0,52,97.36696
1.0,58,97.375252
0.0,11,97.376838
1.0,63,97.385876
0.0,34,97.39076
1.0,58,97.399129
0.0,6,97.400013
0.0,12,97.401751
1.0,55,97.409601
1.0,61,97.418293
0.0,20,97.42116
0.0,12,97.422896
1.0,55,97.430757
1.0,58,97.43913
1.0,52,97.446572
1.0,56,97.454576
0.0,23,97.45788
1.0,55,97.465731
0.0,20,97.4686
0.0,27,97.472558
0.0,17,97.475004
1.0,59,97.483427
0.0,40,97.489219
1.0,55,97.497102
0.0,27,97.500984
1.0,52,97.508493
1.0,53,97.51607
1.0,63,97.525067
0.0,8,97.526236
1.0,55,97.534103
1.0,52,97.541625
1.0,58,97.549895
1.0,54,97.55762
1.0,52,97.565063
1.0,58,97.573356
0.0,28,97.577496
1.0,63,97.58659
0.0,28,97.590618
1.0,53,97.598206
1.0,52,97.605665
1.0,52,97.613252
1.0,54,97.620974
0.0,57,97.62913
1.0,57,97.637298
0.0,28,97.64135
1.0,56,97.649504
1.0,52,97.656953
1.0,52,97.664414
1.0,55,97.672307
1.0,60,97.681025
1.0,52,97.688566
1.0,55,97.69645
1.0,56,97.704486
1.0,60,97.713074
0.0,16,97.715468
1.0,59,97.723923
1.0,57,97.732153
0.0,18,97.734743
0.0,43,97.740899
1.0,56,97.748906
0.0,14,97.751009
1.0,54,97.75876
1.0,55,97.766755
1.0,59,97.775214
1.0,53,97.782825
1.0,56,97.790948
0.0,16,97.793266
1.0,52,97.800729
1.0,59,97.809177
0.0,14,97.811208
0.0,37,97.816537
1.0,59,97.825116
0.0,44,97.831451
1.0,55,97.839337
0.0,30,97.843672
0.0,36,97.848846
0.0,35,97.85388
1.0,58,97.862318
1.0,56,97.870348
1.0,60,97.878955
0.0,37,97.884563
1.0,58,97.893122
1.0,57,97.901289
0.0,29,97.905474
0.0,43,97.911652
0.0,40,97.917406
0.0,8,97.91858
0.0,28,97.9226
1.0,52,97.93016
0.0,42,97.936195
0.0,45,97.942653
1.0,55,97.950546
1.0,54,97.958296
1.0,58,97.966742
0.0,31,97.971201
1.0,55,97.979085
0.0,10,97.980526
1.0,56,97.988981
1.0,56,97.997272
1.0,62,98.006391
1.0,54,98.014205
0.0,29,98.01848
1.0,61,98.027505
0.0,47,98.034354
0.0,9,98.035662
0.0,43,98.04183
0.0,41,98.047715
1.0,60,98.056291
1.0,52,98.063771
1.0,54,98.071622
0.0,41,98.077514
0.0,44,98.083817
1.0,56,98.091935
0.0,33,98.096682
1.0,52,98.10425
1.0,60,98.112842
1.0,54,98.120613
0.0,28,98.124655
1.0,54,98.132379
1.0,55,98.140353
1.0,57,98.148532
0.0,6,98.149427
1.0,54,98.157181
0.0,18,98.159779
1.0,54,98.167541
1.0,55,98.175557
1.0,56,98.183596
1.0,57,98.19179
0.0,19,98.194541
1.0,54,98.202293
0.0,7,98.203321
1.0,52,98.210878
1.0,58,98.219193
0.0,29,98.223367
1.0,52,98.230818
1.0,50,98.238305
1.0,56,98.246427
1.0,57,98.254822
1.0,57,98.263028
1.0,55,98.27096
0.0,29,98.275221
0.0,6,98.276134
0.0,34,98.281102
0.0,16,98.283421
1.0,54,98.291223
0.0,36,98.296409
1.0,50,98.303608
0.0,29,98.307794
0.0,31,98.31227
0.0,16,98.314659
0.0,37,98.319987
1.0,54,98.327758
0.0,35,98.332846
1.0,53,98.340475
1.0,56,98.348613
0.0,29,98.352828
1.0,56,98.360864
1.0,57,98.369024
1.0,55,98.376922
0.0,6,98.377807
1.0,53,98.385528
0.0,39,98.391221
1.0,54,98.398963
0.0,17,98.401428
1.0,53,98.40908
1.0,59,98.417547
0.0,22,98.420834
1.0,54,98.428596
0.0,41,98.434498
1.0,55,98.442399
0.0,8,98.443574
0.0,40,98.449325
1.0,53,98.457023
1.0,50,98.464217
0.0,17,98.466683
1.0,52,98.474153
0.0,22,98.477324
0.0,28,98.481364
1.0,51,98.489212
1.0,55,98.497112
1.0,50,98.504282
0.0,22,98.507464
1.0,51,98.514881
0.0,29,98.519067
0.0,11,98.520647
1.0,57,98.528832
1.0,52,98.536287
1.0,56,98.544446
1.0,55,98.552351
1.0,55,98.560353
1.0,53,98.567981
1.0,55,98.57592
1.0,63,98.584969
1.0,52,98.59249
0.0,44,98.598926
0.0,12,98.600669
0.0,30,98.604983
1.0,61,98.613718
0.0,25,98.617333
1.0,58,98.625654
0.0,47,98.632538
0.0,12,98.634284
0.0,37,98.63961
1.0,52,98.647084
0.0,34,98.651966
1.0,55,98.659879
1.0,55,98.667859
1.0,57,98.676087
1.0,52,98.683581
1.0,56,98.691703
1.0,56,98.69984
0.0,25,98.703458
0.0,45,98.709912
0.0,19,98.712653
1.0,55,98.720551
0.0,8,98.721721
0.0,8,98.722888
1.0,50,98.730175
0.0,38,98.735768
0.0,16,98.738077
1.0,53,98.74569
0.0,30,98.750015
1.0,53,98.75763
0.0,32,98.76225
1.0,54,98.770108
1.0,53,98.777828
1.0,59,98.786295
1.0,61,98.795132
1.0,56,98.803146
0.0,44,98.809577
1.0,55,98.817469
0.0,29,98.821644
1.0,57,98.829818
0.0,19,98.832569
1.0,54,98.840433
1.0,62,98.849328
1.0,53,98.856923
1.0,51,98.864236
0.0,38,98.869683
0.0,17,98.872134
1.0,55,98.88011
1.0,53,98.887786
1.0,55,98.895672
1.0,55,98.903543
1.0,57,98.911828
1.0,52,98.919308
0.0,46,98.9259
1.0,55,98.933781
1.0,53,98.941386
0.0,40,98.947243
1.0,60,98.955827
1.0,56,98.963861
0.0,16,98.966173
1.0,52,98.973644
1.0,51,98.981077
0.0,17,98.983537
1.0,53,98.991218
1.0,56,98.999245
0.0,19,99.001995
1.0,53,99.009636
0.0,17,99.012103
1.0,52,99.019679
1.0,55,99.02756
1.0,57,99.035727
1.0,55,99.04362
1.0,62,99.052593
1.0,56,99.060606
1.0,52,99.068067
1.0,54,99.075806
1.0,53,99.083415
0.0,35,99.088929
0.0,18,99.091534
0.0,49,99.098553
0.0,14,99.100574
0.0,31,99.105033
0.0,38,99.110503
0.0,51,99.117948
0.0,33,99.122781
1.0,55,99.130662
0.0,42,99.136747
1.0,53,99.144366
1.0,55,99.152239
0.0,28,99.156342
0.0,8,99.157514
1.0,65,99.166808
1.0,56,99.174852
0.0,33,99.179621
0.0,50,99.18679
1.0,51,99.19423
0.0,27,99.198135
0.0,42,99.204169
0.0,14,99.206203
1.0,64,99.215356
1.0,51,99.222658
1.0,59,99.231187
0.0,6,99.232071
0.0,17,99.234529
1.0,55,99.242436
0.0,37,99.247751
0.0,12,99.249496
1.0,56,99.257539
1.0,52,99.265047
0.0,4,99.265716
1.0,51,99.273032
1.0,60,99.281647
1.0,55,99.28959
0.0,38,99.29506
1.0,55,99.303042
1.0,56,99.311084
0.0,23,99.314403
1.0,57,99.322622
0.0,27,99.32651
1.0,60,99.335193
0.0,41,99.341074
0.0,31,99.345551
1.0,50,99.352733
1.0,53,99.360335
1.0,57,99.368666
1.0,52,99.376119
1.0,60,99.38471
1.0,53,99.392381
1.0,57,99.400541
1.0,52,99.408068
0.0,12,99.409812
1.0,57,99.417965
1.0,50,99.425158
1.0,54,99.433099
1.0,52,99.440685
1.0,61,99.44969
0.0,6,99.450583
1.0,59,99.459071
0.0,17,99.461582
1.0,58,99.470155
0.0,45,99.476701
1.0,50,99.483864
0.0,8,99.485027
1.0,58,99.49337
0.0,16,99.495692
1.0,57,99.503847
1.0,64,99.513103
1.0,55,99.520997
1.0,59,99.529441
0.0,4,99.530036
0.0,31,99.534493
0.0,17,99.536944
0.0,32,99.541535
1.0,57,99.549824
1.0,53,99.557427
0.0,17,99.55989
0.0,6,99.560764
0.0,16,99.563085
1.0,58,99.571373
0.0,37,99.576683
1.0,52,99.584243
0.0,23,99.587567
0.0,20,99.590519
1.0,51,99.59782
0.0,19,99.600569
0.0,37,99.605866
0.0,42,99.61188
1.0,58,99.620245
0.0,36,99.625473
1.0,58,99.633875
1.0,53,99.641584
1.0,57,99.649895
1.0,53,99.657465
0.0,16,99.65978
1.0,51,99.667072
0.0,41,99.672951
0.0,31,99.677449
1.0,54,99.685295
1.0,50,99.692833
0.0,9,99.694141
1.0,57,99.702323
1.0,52,99.709792
1.0,56,99.717802
0.0,10,99.719359
1.0,54,99.727149
1.0,56,99.735194
1.0,56,99.743234
1.0,55,99.751131
1.0,54,99.758976
1.0,57,99.767137
0.0,35,99.772184
1.0,54,99.779931
0.0,16,99.782241
1.0,50,99.789608
0.0,41,99.79552
1.0,54,99.803268
0.0,12,99.805008
0.0,8,99.806175
0.0,20,99.809065
1.0,58,99.8174
0.0,43,99.823578
1.0,52,99.831143
0.0,6,99.832023
0.0,38,99.837487
0.0,38,99.842913
0.0,13,99.84479
1.0,56,99.852806
1.0,57,99.861059
1.0,59,99.869552
0.0,6,99.870447
1.0,58,99.878732
1.0,59,99.887173
0.0,19,99.889947
1.0,59,99.898494
1.0,50,99.905648
0.0,44,99.911978
1.0,50,99.919207
1.0,54,99.926902
1.0,56,99.935008
1.0,61,99.943707
0.0,19,99.946457
1.0,56,99.954467
1.0,57,99.96261
1.0,50,99.969855
1.0,52,99.977318
1.0,50,99.984488
0.0,14,99.986509
1.0,55,99.99444
0.0,27,99.998327
1.0,53,100.006026
1.0,61,100.014917
0.0,13,100.016804
1.0,55,100.024654
1.0,57,100.032804
1.0,58,100.041322
1.0,60,100.049893
0.0,41,100.055785
1.0,56,100.063782
1.0,59,100.072262
0.0,6,100.073149
1.0,64,100.082301
1.0,58,100.09065
0.0,5,100.091381
1.0,55,100.09926
1.0,58,100.107691
1.0,57,100.115826
1.0,55,100.123708
1.0,56,100.131703
0.0,6,100.132576
1.0,50,100.139722
1.0,57,100.147994
0.0,45,100.154458
1.0,51,100.161771
1.0,50,100.168958
1.0,58,100.17732
0.0,6,100.178201
0.0,14,100.180229
1.0,52,100.187696
1.0,50,100.194893
1.0,60,100.203472
0.0,10,100.204909
1.0,53,100.212568
1.0,56,100.220578
1.0,56,100.228686
1.0,52,100.23632
1.0,61,100.245051
1.0,56,100.253296
1.0,52,100.260714
1.0,53,100.268357
1.0,52,100.275818
0.0,23,100.279204
1.0,54,100.287239
0.0,6,100.288199
1.0,60,100.296863
1.0,54,100.304595
0.0,12,100.30634
1.0,50,100.313497
1.0,56,100.32159
1.0,56,100.329592
0.0,16,100.331913
0.0,42,100.33795
1.0,57,100.346113
1.0,57,100.354341
1.0,52,100.361791
0.0,29,100.365965
0.0,42,100.372011
0.0,43,100.3782
1.0,56,100.386229
0.0,16,100.3886
0.0,29,100.392877
0.0,17,100.395314
1.0,62,100.404208
1.0,54,100.411929
1.0,57,100.420082
1.0,54,100.427883
1.0,58,100.436174
1.0,56,100.444187
0.0,14,100.446209
1.0,51,100.453517
1.0,58,100.461936
1.0,62,100.470808
1.0,55,100.478684
1.0,53,100.486285
1.0,54,100.494142
0.0,41,100.500021
0.0,34,100.504909
1.0,55,100.512758
1.0,55,100.520598
0.0,43,100.526798
1.0,60,100.535532
1.0,58,100.543872
0.0,40,100.549616
1.0,52,100.557058
1.0,53,100.564778
1.0,54,100.572486
0.0,29,100.576635
1.0,54,100.584367
1.0,61,100.59314
1.0,57,100.601414
1.0,61,100.610111
1.0,53,100.617684
1.0,52,100.625135
0.0,21,100.628166
1.0,56,100.636335
0.0,20,100.639222
1.0,51,100.646554
0.0,38,100.652012
0.0,50,100.659176
1.0,60,100.667817
0.0,19,100.670592
0.0,36,100.675739
0.0,31,100.680228
1.0,55,100.688089
0.0,26,100.691889
1.0,60,100.700429
1.0,59,100.708975
1.0,52,100.716413
0.0,4,100.717013
1.0,52,100.72445
1.0,54,100.732244
0.0,38,100.737724
1.0,60,100.746397
1.0,52,100.753844
1.0,56,100.761832
1.0,52,100.769292
1.0,60,100.777991
0.0,31,100.782455
0.0,4,100.783056
0.0,12,100.784802
0.0,14,100.786837
0.0,16,100.789145
1.0,56,100.797229
1.0,53,100.80485
0.0,28,100.808993
0.0,42,100.815027
0.0,43,100.821213
0.0,25,100.824826
0.0,16,100.827151
1.0,50,100.834328
1.0,55,100.842295
0.0,20,100.845253
0.0,22,100.848432
1.0,55,100.856307
1.0,51,100.863657
0.0,49,100.870704
1.0,55,100.878953
0.0,31,100.883655
1.0,54,100.891683
0.0,29,100.895837
1.0,56,100.903964
0.0,44,100.910496
1.0,50,100.917792
1.0,63,100.926817
1.0,57,100.934988
0.0,29,100.939164
0.0,47,100.945918
0.0,14,100.947959
1.0,54,100.955796
0.0,25,100.959415
1.0,53,100.967032
1.0,53,100.974632
0.0,25,100.97821
1.0,57,100.986458
1.0,56,100.994533
1.0,54,101.002243
0.0,6,101.003128
0.0,39,101.008718
1.0,64,101.017923
0.0,39,101.023606
1.0,51,101.030916
0.0,42,101.03693
0.0,14,101.038948
1.0,58,101.047264
1.0,55,101.055264
0.0,12,101.057004
0.0,4,101.0576
1.0,57,101.065759
1.0,54,101.073495
0.0,46,101.080091
0.0,12,101.081832
1.0,56,101.09003
0.0,48,101.096921
1.0,56,101.104984
0.0,39,101.110587
0.0,33,101.115323
1.0,61,101.124048
1.0,52,101.131642
1.0,52,101.139109
0.0,8,101.140286
0.0,44,101.146598
1.0,53,101.154187
1.0,59,101.162745
1.0,53,101.170329
1.0,55,101.178219
0.0,8,101.17939
1.0,51,101.186721
0.0,21,101.189764
1.0,51,101.197228
1.0,52,101.20468
0.0,10,101.206127
1.0,58,101.214432
0.0,18,101.217029
1.0,55,101.224946
0.0,27,101.228828
1.0,52,101.236382
1.0,52,101.243833
1.0,56,101.251841
1.0,54,101.259582
1.0,52,101.267129
1.0,58,101.27543
1.0,56,101.283523
1.0,57,101.291747
1.0,55,101.299655
1.0,54,101.307508
1.0,58,101.315819
0.0,34,101.320699
0.0,49,101.327704
1.0,57,101.335943
0.0,23,101.339256
0.0,21,101.342378
1.0,54,101.350113
1.0,56,101.358406
1.0,56,101.36647
1.0,55,101.37451
1.0,58,101.382897
0.0,43,101.389087
1.0,50,101.396368
1.0,53,101.403964
1.0,56,101.412176
1.0,57,101.420325
0.0,38,101.425762
0.0,34,101.430649
0.0,8,101.431819
0.0,8,101.432983
1.0,59,101.4415
1.0,54,101.449241
1.0,60,101.457861
1.0,54,101.465597
1.0,50,101.472769
1.0,50,101.48003
1.0,65,101.489614
1.0,58,101.498077
1.0,56,101.506089
1.0,53,101.513791
1.0,59,101.522352
0.0,21,101.525363
1.0,55,101.533224
1.0,61,101.541999
0.0,38,101.547528
1.0,54,101.555249
0.0,12,101.556987
1.0,57,101.565136
1.0,57,101.573295
1.0,56,101.581325
0.0,6,101.582296
0.0,36,101.587456
0.0,6,101.588336
0.0,37,101.593709
1.0,58,101.602007
0.0,24,101.605472
1.0,53,101.613076
1.0,55,101.621017
0.0,45,101.627468
0.0,14,101.629493
1.0,52,101.636949
0.0,32,101.641542
1.0,58,101.649838
1.0,58,101.65825
1.0,58,101.666552
1.0,50,101.673698
1.0,55,101.681581
0.0,6,101.682468
1.0,59,101.691085
1.0,56,101.699088
0.0,4,101.699686
1.0,53,101.707276
1.0,52,101.71475
1.0,62,101.7237
1.0,51,101.731053
0.0,11,101.732647
0.0,40,101.738381
1.0,55,101.746248
1.0,57,101.754403
0.0,4,101.754997
0.0,14,101.757015
0.0,42,101.763095
0.0,29,101.767279
1.0,53,101.774879
0.0,45,101.781478
0.0,14,101.78351
1.0,57,101.791742
0.0,25,101.795417
1.0,53,101.803003
0.0,25,101.8066
1.0,58,101.814879
1.0,54,101.822627
0.0,38,101.828196
0.0,40,101.833956
1.0,56,101.841976
1.0,56,101.850007
1.0,52,101.857476
1.0,54,101.865301
1.0,52,101.872765
0.0,4,101.873364
1.0,57,101.881549
1.0,56,101.889581
1.0,57,101.897782
0.0,14,101.899898
1.0,53,101.907508
0.0,16,101.909815
1.0,59,101.918265
1.0,52,101.925708
1.0,58,101.934088
1.0,51,101.941411
1.0,59,101.949845
0.0,8,101.951018
1.0,50,101.958209
1.0,55,101.966106
0.0,19,101.968935
0.0,27,101.972845
0.0,46,101.979445
0.0,14,101.981483
0.0,39,101.987084
0.0,12,101.988818
1.0,54,101.996727
1.0,53,102.004396
1.0,56,102.01239
1.0,59,102.020891
1.0,59,102.029378
0.0,8,102.030556
1.0,60,102.039145
1.0,52,102.046592
0.0,29,102.05076
1.0,58,102.059034
1.0,53,102.066584
0.0,40,102.072323
1.0,55,102.080367
1.0,53,102.088532
0.0,37,102.094215
1.0,57,102.102341
0.0,40,102.108073
1.0,52,102.115602
0.0,47,102.122359
1.0,59,102.130778
0.0,46,102.137363
1.0,56,102.145467
1.0,56,102.15347
0.0,18,102.156069
1.0,55,102.163912
1.0,58,102.172204
0.0,12,102.173946
1.0,55,102.181867
0.0,4,102.182521
1.0,57,102.190668
1.0,59,102.19913
0.0,20,102.202002
1.0,52,102.209449
1.0,60,102.218101
0.0,34,102.222982
1.0,58,102.231321
1.0,58,102.239609
1.0,53,102.247186
0.0,22,102.250365
0.0,2,102.250673
1.0,55,102.258502
1.0,55,102.266407
1.0,54,102.274123
1.0,56,102.282114
1.0,54,102.289976
1.0,54,102.297786
0.0,42,102.303825
1.0,61,102.312524
0.0,21,102.315855
1.0,61,102.324682
1.0,56,102.333094
1.0,58,102.341383
0.0,6,102.342254
1.0,57,102.350839
0.0,17,102.353294
1.0,57,102.361531
1.0,54,102.369274
1.0,58,102.377632
1.0,54,102.385349
0.0,19,102.388104
0.0,14,102.390217
1.0,59,102.398738
1.0,53,102.406351
0.0,44,102.412644
0.0,19,102.415396
1.0,55,102.423263
0.0,35,102.428364
1.0,53,102.435941
0.0,41,102.441821
0.0,14,102.44391
1.0,57,102.452034
1.0,54,102.45974
1.0,54,102.467556
0.0,4,102.468154
0.0,44,102.474469
1.0,55,102.482337
1.0,51,102.48974
1.0,55,102.497694
0.0,6,102.498575
0.0,36,102.503745
1.0,50,102.510913
0.0,34,102.515783
0.0,31,102.52026
1.0,53,102.527852
1.0,60,102.536476
1.0,56,102.544497
1.0,55,102.552371
0.0,47,102.559067
0.0,35,102.564074
1.0,55,102.572018
1.0,52,102.579465
1.0,56,102.587493
1.0,58,102.595865
1.0,54,102.603646
0.0,12,102.605388
0.0,16,102.607705
1.0,53,102.615293
1.0,53,102.622954
0.0,44,102.629263
1.0,61,102.638114
0.0,27,102.642013
0.0,6,102.642896
0.0,42,102.648931
0.0,36,102.65411
0.0,16,102.656424
0.0,14,102.658452
1.0,55,102.666315
1.0,60,102.674993
0.0,40,102.68081
0.0,12,102.682558
1.0,52,102.690244
0.0,14,102.692431
0.0,14,102.694502
1.0,58,102.702796
0.0,32,102.707477
0.0,19,102.710218
0.0,25,102.713819
1.0,60,102.722414
1.0,54,102.73023
1.0,54,102.738007
1.0,56,102.746119
0.0,22,102.749305
1.0,53,102.756906
0.0,19,102.759653
0.0,45,102.766115
0.0,23,102.769439
1.0,54,102.777256
1.0,54,102.785001
0.0,21,102.788043
1.0,54,102.795849
0.0,14,102.797874
1.0,58,102.80618
0.0,17,102.808637
1.0,54,102.816402
1.0,60,102.824994
1.0,59,102.833446
1.0,56,102.841598
1.0,69,102.851562
1.0,52,102.859021
0.0,27,102.862923
0.0,4,102.863516
1.0,54,102.871259
0.0,9,102.872568
0.0,39,102.878174
1.0,62,102.887123
1.0,54,102.894907
1.0,54,102.902651
1.0,58,102.910961
1.0,52,102.918555
0.0,40,102.924303
1.0,54,102.93206
0.0,19,102.934813
1.0,65,102.944088
0.0,8,102.945261
1.0,54,102.953092
1.0,54,102.960842
1.0,50,102.968017
0.0,4,102.968619
0.0,16,102.97093
1.0,53,102.978537
0.0,16,102.980844
1.0,55,102.988809
1.0,56,102.996876
0.0,10,102.998335
1.0,54,103.006063
1.0,55,103.013927
1.0,53,103.021663
1.0,52,103.029192
0.0,40,103.03494
1.0,54,103.042677
0.0,30,103.047061
1.0,56,103.055089
1.0,54,103.062875
1.0,52,103.07035
0.0,41,103.076235
0.0,32,103.080835
1.0,57,103.089013
1.0,56,103.09713
0.0,36,103.102316
1.0,52,103.109753
0.0,44,103.116072
0.0,6,103.11696
1.0,50,103.124145
1.0,62,103.13308
1.0,60,103.141707
1.0,56,103.149792
0.0,17,103.15226
0.0,37,103.157572
1.0,59,103.166075
1.0,53,103.173686
0.0,49,103.180746
1.0,55,103.18862
0.0,43,103.194843
1.0,64,103.204082
1.0,55,103.211962
1.0,54,103.219685
0.0,25,103.223296
0.0,16,103.225636
1.0,54,103.233738
1.0,55,103.241623
0.0,26,103.245346
0.0,14,103.24737
1.0,55,103.255413
1.0,53,103.262998
1.0,53,103.270711
1.0,52,103.278137
1.0,57,103.286356
0.0,29,103.290657
1.0,58,103.299229
1.0,56,103.307302
1.0,51,103.314622
1.0,55,103.322494
0.0,8,103.323652
0.0,42,103.329663
0.0,12,103.331405
1.0,59,103.3399
1.0,56,103.347917
1.0,53,103.355492
1.0,54,103.363191
1.0,54,103.370988
0.0,31,103.375507
0.0,6,103.376385
0.0,16,103.378687
0.0,12,103.380419
0.0,7,103.381433
1.0,50,103.38859
0.0,15,103.390764
0.0,16,103.393131
0.0,16,103.395441
0.0,10,103.396874
0.0,6,103.39776
1.0,55,103.405651
1.0,55,103.413564
1.0,57,103.42171
0.0,16,103.424018
1.0,54,103.431764
1.0,62,103.440618
1.0,51,103.447995
1.0,63,103.457006
1.0,53,103.464604
1.0,61,103.473323
1.0,54,103.481129
1.0,55,103.489016
1.0,53,103.496656
0.0,46,103.503278
1.0,59,103.511717
0.0,4,103.512316
1.0,56,103.520417
1.0,58,103.528705
0.0,36,103.53387
1.0,55,103.54174
1.0,54,103.549555
1.0,55,103.557437
1.0,50,103.564614
0.0,16,103.566928
0.0,43,103.573104
0.0,39,103.578686
1.0,56,103.586778
0.0,25,103.590373
0.0,8,103.591544
0.0,39,103.597189
0.0,41,103.603059
0.0,4,103.603654
0.0,6,103.604528
0.0,6,103.605407
1.0,51,103.6127
1.0,51,103.620101
1.0,55,103.628073
1.0,57,103.636344
1.0,54,103.644174
1.0,58,103.652468
1.0,55,103.660428
1.0,50,103.66758
1.0,56,103.675614
1.0,52,103.683114
0.0,14,103.685143
1.0,58,103.693592
1.0,53,103.701197
0.0,40,103.706938
0.0,8,103.70811
1.0,56,103.716133
1.0,53,103.723783
1.0,55,103.731802
1.0,53,103.739377
1.0,53,103.746976
1.0,52,103.754458
0.0,12,103.756474
0.0,34,103.761477
0.0,16,103.763794
0.0,8,103.764958
1.0,50,103.772471
1.0,55,103.780357
1.0,52,103.78799
1.0,60,103.796995
1.0,56,103.805007
0.0,27,103.808898
1.0,60,103.817473
0.0,36,103.822639
1.0,62,103.831573
1.0,55,103.839437
1.0,57,103.847562
0.0,21,103.850599
1.0,55,103.858474
1.0,59,103.86703
1.0,53,103.874629
0.0,21,103.877664
0.0,17,103.880126
1.0,54,103.887862
1.0,52,103.895612
0.0,52,103.90322
1.0,55,103.911107
0.0,8,103.912275
1.0,50,103.919442
1.0,56,103.927486
1.0,55,103.93536
1.0,51,103.94275
0.0,10,103.944187
1.0,54,103.951921
1.0,62,103.960737
0.0,21,103.963764
1.0,60,103.97241
1.0,54,103.980131
0.0,41,103.986
0.0,12,103.987737
1.0,54,103.995553
0.0,17,103.997992
1.0,56,104.006018
1.0,54,104.013961
1.0,58,104.022304
0.0,38,104.027762
1.0,57,104.035883
1.0,53,104.043551
1.0,56,104.051536
1.0,54,104.059227
0.0,31,104.063678
0.0,29,104.067839
1.0,62,104.076796
1.0,54,104.08451
1.0,58,104.092778
1.0,52,104.100361
0.0,24,104.103806
0.0,29,104.107974
0.0,16,104.110281
1.0,51,104.117683
0.0,41,104.123571
0.0,47,104.130297
1.0,55,104.138131
0.0,14,104.140162
0.0,31,104.144621
1.0,52,104.15215
0.0,19,104.154884
1.0,57,104.163037
1.0,59,104.17147
1.0,56,104.179466
0.0,4,104.180062
1.0,58,104.188457
1.0,61,104.197177
0.0,39,104.202764
0.0,36,104.207922
0.0,46,104.214491
1.0,56,104.222573
1.0,56,104.230595
1.0,56,104.238593
1.0,52,104.246013
1.0,55,104.253966
1.0,58,104.262241
1.0,55,104.270123
1.0,58,104.278394
1.0,58,104.286663
0.0,21,104.28978
0.0,39,104.295472
1.0,54,104.303172
0.0,19,104.305915
0.0,21,104.308923
1.0,61,104.317648
1.0,59,104.326185
0.0,23,104.329478
1.0,56,104.337487
1.0,54,104.345216
0.0,13,104.347095
0.0,19,104.349832
1.0,50,104.357006
0.0,20,104.35999
1.0,53,104.367578
0.0,27,104.371461
0.0,8,104.37263
0.0,21,104.375652
1.0,55,104.383529
0.0,37,104.38885
0.0,14,104.390874
1.0,54,104.39876
1.0,53,104.406324
0.0,4,104.406924
1.0,58,104.415252
1.0,57,104.423445
0.0,8,104.424614
1.0,55,104.432663
0.0,24,104.436795
1.0,59,104.445219
1.0,54,104.452947
1.0,57,104.461096
0.0,28,104.465192
0.0,15,104.46736
0.0,32,104.471939
1.0,50,104.479099
1.0,50,104.4863
1.0,53,104.494186
0.0,40,104.500151
0.0,33,104.504874
1.0,53,104.512461
1.0,52,104.520031
1.0,55,104.527872
1.0,56,104.536008
1.0,62,104.544863
1.0,63,104.553925
0.0,21,104.556942
0.0,8,104.558102
1.0,62,104.566949
1.0,55,104.574916
1.0,55,104.582754
1.0,56,104.59075
1.0,59,104.599216
1.0,64,104.608444
0.0,8,104.609607
1.0,59,104.618027
0.0,8,104.619307
1.0,52,104.62677
1.0,57,104.634903
1.0,53,104.642593
0.0,6,104.643476
1.0,50,104.65064
0.0,30,104.654944
1.0,53,104.662493
1.0,54,104.670188
0.0,39,104.675885
0.0,30,104.680189
1.0,54,104.687931
1.0,52,104.695402
0.0,21,104.698434
0.0,38,104.703885
1.0,53,104.711575
1.0,59,104.71999
1.0,56,104.728077
1.0,55,104.735933
0.0,39,104.74153
0.0,35,104.746656
1.0,54,104.754376
0.0,17,104.756813
1.0,57,104.764919
1.0,58,104.773193
0.0,26,104.776923
0.0,8,104.778082
0.0,20,104.781065
1.0,58,104.789423
1.0,54,104.797236
1.0,55,104.805085
1.0,52,104.812494
1.0,53,104.820243
0.0,21,104.82327
0.0,7,104.824292
1.0,54,104.83202
0.0,45,104.838468
1.0,54,104.846191
1.0,60,104.854874
1.0,58,104.863166
1.0,51,104.87047
1.0,54,104.878207
0.0,17,104.880667
0.0,20,104.883558
1.0,50,104.890871
0.0,39,104.896517
1.0,53,104.904115
0.0,43,104.910279
1.0,54,104.918003
1.0,56,104.926112
1.0,52,104.933563
1.0,52,104.941094
0.0,9,104.942405
0.0,15,104.944568
1.0,60,104.95318
1.0,52,104.96077
1.0,55,104.968642
0.0,17,104.971105
0.0,19,104.97384
1.0,65,104.983116
0.0,47,104.989863
1.0,57,104.998229
1.0,56,105.006251
1.0,56,105.014258
0.0,40,105.019981
1.0,53,105.027734
0.0,17,105.030194
1.0,57,105.038351
0.0,6,105.039235
1.0,52,105.046685
1.0,54,105.054415
1.0,53,105.062117
1.0,54,105.069844
1.0,54,105.077584
0.0,19,105.080335
1.0,52,105.087791
1.0,56,105.095877
1.0,54,105.103691
0.0,27,105.107546
1.0,52,105.114981
1.0,58,105.123263
1.0,54,105.13102
1.0,56,105.139102
1.0,52,105.146544
1.0,56,105.154557
0.0,52,105.162014
1.0,51,105.169408
1.0,57,105.17755
1.0,60,105.186106
0.0,21,105.189136
1.0,53,105.197038
1.0,57,105.205329
0.0,40,105.211505
1.0,58,105.219829
0.0,6,105.220709
1.0,52,105.22824
1.0,56,105.236339
1.0,56,105.244931
0.0,14,105.247077
0.0,6,105.247984
1.0,54,105.255854
1.0,54,105.263724
1.0,61,105.272647
1.0,60,105.281221
1.0,54,105.288951
0.0,8,105.290122
1.0,65,105.299468
1.0,57,105.30772
0.0,17,105.31017
1.0,52,105.317619
1.0,52,105.32507
1.0,55,105.332956
1.0,56,105.340955
1.0,53,105.348614
1.0,57,105.356993
0.0,43,105.36318
1.0,52,105.370633
0.0,28,105.374648
1.0,55,105.382663
1.0,57,105.390802
1.0,50,105.39802
1.0,56,105.406064
1.0,54,105.413881
1.0,55,105.421743
1.0,61,105.430457
1.0,50,105.43761
0.0,13,105.439497
1.0,55,105.44745
0.0,42,105.453558
1.0,55,105.461437
1.0,51,105.468749
1.0,57,105.476871
1.0,59,105.485397
1.0,58,105.493771
1.0,55,105.50168
0.0,39,105.507275
1.0,57,105.515438
1.0,51,105.52281
1.0,58,105.531096
0.0,40,105.53682
1.0,55,105.544682
0.0,21,105.547701
1.0,52,105.555236
1.0,59,105.563653
1.0,54,105.571396
0.0,33,105.576146
0.0,27,105.580027
1.0,54,105.587738
0.0,6,105.588699
0.0,19,105.591431
0.0,25,105.595027
1.0,52,105.602549
1.0,55,105.610382
1.0,59,105.618789
1.0,50,105.626018
1.0,52,105.633463
0.0,31,105.637897
0.0,45,105.644367
0.0,50,105.651508
0.0,12,105.653242
0.0,45,105.659736
1.0,54,105.667446
1.0,71,105.677547
1.0,50,105.684728
0.0,23,105.688026
0.0,4,105.688621
0.0,11,105.6902
1.0,57,105.698518
1.0,57,105.706654
1.0,59,105.715057
1.0,56,105.723037
0.0,27,105.726913
1.0,61,105.735762
1.0,58,105.744007
1.0,54,105.751709
0.0,27,105.75558
1.0,55,105.763499
0.0,8,105.764771
0.0,9,105.766068
1.0,54,105.773785
1.0,56,105.781782
1.0,60,105.79031
0.0,17,105.792751
1.0,58,105.8012
0.0,42,105.807181
1.0,57,105.815686
1.0,54,105.823409
1.0,57,105.83156
1.0,59,105.840066
0.0,29,105.844225
0.0,23,105.847538
1.0,59,105.855947
0.0,38,105.861378
1.0,54,105.869086
1.0,54,105.876898
1.0,56,105.884892
1.0,55,105.892766
1.0,58,105.901077
0.0,18,105.903663
0.0,6,105.904655
0.0,21,105.907677
1.0,53,105.915275
0.0,6,105.916153
0.0,49,105.923145
1.0,56,105.931174
0.0,21,105.934182
1.0,57,105.942407
1.0,55,105.950247
1.0,58,105.958529
1.0,53,105.966098
1.0,64,105.975339
1.0,53,105.9829
1.0,56,105.990865
1.0,59,105.999349
1.0,57,106.007472
0.0,12,106.00921
1.0,57,106.017461
1.0,53,106.025185
1.0,56,106.03324
1.0,50,106.040401
0.0,4,106.040997
0.0,6,106.04188
1.0,58,106.050337
1.0,54,106.058245
0.0,17,106.060698
1.0,52,106.068135
0.0,43,106.0743
1.0,53,106.081959
1.0,56,106.08996
0.0,12,106.0917
1.0,60,106.10032
1.0,56,106.10829
0.0,44,106.114576
1.0,60,106.123296
1.0,62,106.132113
1.0,55,106.139956
1.0,52,106.147439
0.0,30,106.151838
0.0,27,106.155763
1.0,51,106.163094
1.0,58,106.171349
1.0,59,106.17978
1.0,50,106.187056
1.0,51,106.194337
0.0,12,106.19607
1.0,54,106.203824
1.0,56,106.211828
0.0,4,106.212426
1.0,51,106.21972
1.0,63,106.228817
0.0,40,106.234557
1.0,59,106.24297
0.0,8,106.244131
0.0,29,106.248318
0.0,23,106.251641
0.0,8,106.252807
0.0,21,106.255818
0.0,44,106.262242
1.0,60,106.270874
1.0,62,106.27969
1.0,59,106.28819
1.0,51,106.295622
1.0,55,106.303554
0.0,11,106.305146
1.0,57,106.313264
0.0,6,106.314143
0.0,10,106.315582
1.0,58,106.323851
0.0,27,106.327837
0.0,12,106.329566
0.0,28,106.333571
1.0,57,106.341788
1.0,56,106.349796
0.0,45,106.356231
1.0,52,106.363739
0.0,33,106.368475
1.0,55,106.376354
0.0,8,106.377524
0.0,27,106.381416
1.0,58,106.38972
0.0,29,106.393893
0.0,15,106.396056
1.0,55,106.404012
1.0,55,106.41222
0.0,29,106.41646
0.0,6,106.417334
0.0,14,106.419354
0.0,42,106.425367
0.0,37,106.430679
0.0,4,106.431275
0.0,4,106.431976
0.0,4,106.432567
0.0,8,106.433724
1.0,56,106.44172
1.0,61,106.450505
1.0,56,106.458546
1.0,55,106.466408
1.0,56,106.474531
0.0,25,106.478136
0.0,39,106.483731
0.0,4,106.484327
1.0,54,106.49207
1.0,54,106.499864
0.0,32,106.504554
1.0,54,106.512291
1.0,52,106.519747
1.0,57,106.52789
1.0,53,106.5355
1.0,54,106.54336
0.0,16,106.545669
0.0,21,106.548702
0.0,4,106.549301
1.0,56,106.55731
0.0,35,106.562345
1.0,53,106.569921
1.0,58,106.57832
1.0,55,106.586187
1.0,54,106.593905
0.0,30,106.598287
0.0,28,106.602313
1.0,57,106.61057
0.0,17,106.613022
0.0,4,106.613616
0.0,43,106.619764
0.0,31,106.624214
1.0,57,106.632357
1.0,50,106.6398
0.0,32,106.644457
1.0,55,106.652719
1.0,55,106.660582
1.0,54,106.668461
0.0,9,106.66999
0.0,23,106.673366
1.0,56,106.681464
0.0,38,106.687017
1.0,56,106.695058
0.0,40,106.70086
1.0,55,106.708745
1.0,60,106.717427
0.0,8,106.718606
1.0,55,106.726452
1.0,62,106.735368
1.0,54,106.743091
1.0,55,106.751015
1.0,55,106.75886
1.0,63,106.767845
0.0,39,106.773415
0.0,17,106.775862
0.0,50,106.782987
1.0,53,106.790652
1.0,56,106.798699
1.0,56,106.806685
1.0,57,106.814819
1.0,61,106.823614
0.0,9,106.824917
0.0,32,106.829481
1.0,58,106.837752
1.0,58,106.846045
1.0,65,106.855397
1.0,62,106.864266
1.0,55,106.872158
1.0,52,106.879606
0.0,4,106.880206
1.0,53,106.88779
1.0,51,106.895194
1.0,57,106.903421
1.0,55,106.9113
0.0,37,106.91662
0.0,18,106.919226
1.0,57,106.927464
1.0,53,106.935035
1.0,61,106.943728
0.0,40,106.949472
1.0,55,106.957359
1.0,52,106.964892
1.0,54,106.972634
1.0,57,106.980794
1.0,50,106.987967
1.0,56,106.996062
1.0,55,107.004004
1.0,57,107.012509
1.0,52,107.019976
0.0,30,107.024282
1.0,51,107.031672
1.0,52,107.039124
1.0,54,107.046873
1.0,51,107.054175
1.0,59,107.062618
1.0,54,107.070425
1.0,57,107.078594
1.0,56,107.086621
0.0,40,107.092327
1.0,52,107.099888
0.0,16,107.102195
0.0,10,107.103642
1.0,57,107.111808
0.0,4,107.112404
1.0,52,107.119907
1.0,59,107.128333
1.0,52,107.135884
0.0,39,107.141522
0.0,6,107.142451
1.0,57,107.150622
0.0,41,107.156516
1.0,56,107.164541
1.0,59,107.173057
0.0,17,107.175537
1.0,54,107.183284
1.0,56,107.191318
1.0,53,107.198948
0.0,41,107.204834
1.0,55,107.212763
0.0,4,107.213357
0.0,12,107.215097
1.0,55,107.222972
1.0,55,107.230863
1.0,54,107.238608
0.0,12,107.240436
0.0,6,107.241319
1.0,58,107.249625
0.0,18,107.252223
0.0,23,107.255532
1.0,58,107.263837
0.0,8,107.265007
1.0,57,107.27329
0.0,6,107.274175
0.0,4,107.274776
1.0,56,107.2835
0.0,16,107.285824
1.0,52,107.29332
1.0,59,107.301917
0.0,6,107.302808
1.0,55,107.310736
1.0,58,107.319023
1.0,53,107.326624
1.0,55,107.334509
1.0,56,107.342502
0.0,4,107.343102
1.0,52,107.350667
1.0,56,107.35868
1.0,60,107.367252
0.0,8,107.368407
1.0,57,107.376586
1.0,56,107.384682
1.0,55,107.39252
0.0,17,107.394962
1.0,62,107.403907
0.0,41,107.409786
1.0,56,107.417883
1.0,55,107.42575
0.0,19,107.428499
1.0,55,107.436378
1.0,59,107.444806
0.0,32,107.4494
1.0,59,107.457936
0.0,41,107.463821
1.0,50,107.470988
1.0,56,107.478975
0.0,44,107.485284
0.0,6,107.4862
0.0,23,107.489511
1.0,55,107.497393
1.0,52,107.50491
0.0,43,107.511095
1.0,52,107.518544
1.0,50,107.525763
1.0,58,107.534037
1.0,59,107.542479
1.0,56,107.550568
1.0,55,107.558444
0.0,21,107.561472
1.0,57,107.569625
1.0,56,107.577655
0.0,41,107.583542
1.0,56,107.591569
0.0,33,107.596312
1.0,54,107.604116
1.0,51,107.611673
1.0,50,107.618977
0.0,44,107.625344
0.0,23,107.628728
0.0,8,107.629898
1.0,57,107.638164
0.0,38,107.64372
0.0,40,107.649451
1.0,54,107.657194
1.0,53,107.664798
0.0,6,107.665679
1.0,55,107.673532
1.0,50,107.680759
1.0,67,107.690352
1.0,60,107.699052
1.0,56,107.707072
1.0,64,107.716245
1.0,53,107.723845
1.0,54,107.731649
0.0,14,107.733715
1.0,52,107.741175
1.0,51,107.748491
0.0,42,107.754536
1.0,55,107.762512
0.0,41,107.768449
1.0,58,107.77676
1.0,60,107.785339
0.0,30,107.789736
1.0,53,107.797348
0.0,38,107.802927
1.0,57,107.811101
0.0,23,107.814419
1.0,56,107.822445
1.0,53,107.830041
1.0,57,107.838244
1.0,53,107.845848
1.0,51,107.853167
1.0,52,107.860636
1.0,56,107.868671
1.0,52,107.876173
0.0,25,107.879781
1.0,59,107.88822
1.0,53,107.895826
1.0,58,107.904211
1.0,54,107.911993
0.0,20,107.914889
1.0,59,107.923359
1.0,55,107.93125
1.0,54,107.939047
1.0,60,107.947757
1.0,54,107.955511
1.0,56,107.963563
1.0,52,107.971015
0.0,4,107.971615
1.0,54,107.979372
1.0,57,107.987519
1.0,58,107.995815
1.0,54,108.003629
1.0,53,108.011251
1.0,52,108.018731
0.0,8,108.019902
1.0,55,108.027781
0.0,37,108.033154
1.0,61,108.041864
1.0,53,108.049457
0.0,36,108.054623
0.0,48,108.061474
1.0,53,108.069051
0.0,35,108.074078
1.0,54,108.082082
0.0,14,108.084183
0.0,7,108.085207
1.0,55,108.093478
1.0,57,108.101729
1.0,59,108.110286
1.0,51,108.117564
1.0,57,108.125801
0.0,21,108.129087
1.0,52,108.136664
1.0,53,108.144252
1.0,58,108.152584
1.0,57,108.160767
1.0,55,108.168646
1.0,60,108.1772
1.0,51,108.1845
0.0,8,108.185669
1.0,55,108.193577
1.0,59,108.202051
0.0,15,108.204216
1.0,52,108.211774
1.0,52,108.219538
1.0,50,108.22681
1.0,55,108.234996
1.0,55,108.242869
1.0,54,108.25084
1.0,54,108.258605
0.0,40,108.264309
1.0,52,108.271779
0.0,8,108.272951
0.0,46,108.279529
0.0,21,108.282564
0.0,19,108.285312
1.0,57,108.293462
0.0,29,108.29769
0.0,42,108.303758
0.0,14,108.305784
1.0,59,108.314194
0.0,43,108.32036
1.0,56,108.32838
1.0,59,108.33692
1.0,59,108.345345
1.0,56,108.353348
0.0,19,108.35609
0.0,29,108.360249
0.0,6,108.361133
1.0,59,108.369605
0.0,14,108.371636
1.0,54,108.379372
1.0,56,108.387369
1.0,59,108.395797
1.0,54,108.403624
0.0,36,108.408845
1.0,53,108.416424
0.0,6,108.417311
1.0,51,108.424641
0.0,41,108.430505
1.0,60,108.439099
1.0,57,108.447266
1.0,59,108.455676
1.0,52,108.463113
1.0,64,108.47228
1.0,59,108.480718
0.0,40,108.486485
1.0,62,108.495323
0.0,37,108.500696
1.0,53,108.508326
0.0,48,108.515195
1.0,58,108.523512
0.0,25,108.5271
1.0,54,108.534815
1.0,52,108.542298
0.0,33,108.547035
1.0,54,108.554771
1.0,58,108.563035
1.0,59,108.571459
1.0,57,108.579618
1.0,57,108.587764
1.0,60,108.596318
0.0,14,108.598342
0.0,29,108.602566
1.0,53,108.610161
1.0,57,108.618305
0.0,6,108.61919
1.0,52,108.626644
1.0,50,108.633797
1.0,58,108.642093
1.0,61,108.650871
0.0,31,108.655342
1.0,53,108.66293
0.0,23,108.666231
1.0,54,108.673957
0.0,16,108.676265
0.0,12,108.678001
1.0,52,108.685523
1.0,52,108.692991
1.0,51,108.70036
0.0,21,108.703401
1.0,54,108.711118
1.0,56,108.719161
1.0,58,108.727436
1.0,58,108.73579
1.0,57,108.743933
1.0,56,108.751982
1.0,60,108.76057
1.0,53,108.768151
0.0,45,108.774604
0.0,6,108.775478
0.0,8,108.776646
0.0,26,108.780383
0.0,37,108.785692
0.0,11,108.787271
0.0,19,108.790002
1.0,55,108.797874
0.0,46,108.804592
1.0,55,108.812455
1.0,56,108.820894
1.0,58,108.82919
0.0,13,108.831071
1.0,56,108.839077
1.0,54,108.846848
1.0,51,108.85414
0.0,38,108.85963
1.0,55,108.86751
0.0,21,108.870527
1.0,55,108.878411
0.0,43,108.884583
1.0,53,108.892216
1.0,52,108.899655
1.0,56,108.907738
1.0,56,108.915739
0.0,35,108.920778
1.0,60,108.929371
0.0,19,108.93211
1.0,58,108.940444
0.0,23,108.94375
1.0,57,108.951914
0.0,20,108.954793
1.0,57,108.962991
1.0,56,108.970998
1.0,60,108.979573
1.0,55,108.987446
0.0,32,108.992043
0.0,39,108.997674
1.0,55,109.005609
0.0,49,109.012619
0.0,6,109.013507
1.0,52,109.020951
1.0,52,109.028531
1.0,56,109.036683
1.0,56,109.044688
0.0,46,109.051388
1.0,57,109.059537
1.0,60,109.068153
1.0,61,109.076864
0.0,25,109.080456
1.0,55,109.08835
0.0,20,109.091249
1.0,57,109.099395
1.0,62,109.108361
1.0,62,109.117303
1.0,52,109.124765
0.0,27,109.128788
1.0,56,109.136852
0.0,16,109.13916
0.0,39,109.144755
1.0,63,109.153735
1.0,57,109.161894
1.0,53,109.169469
1.0,56,109.177517
1.0,53,109.185082
0.0,35,109.1901
0.0,14,109.192181
1.0,63,109.201223
0.0,18,109.203822
1.0,50,109.21103
1.0,52,109.218491
1.0,54,109.226269
1.0,56,109.234264
0.0,19,109.237009
1.0,58,109.245401
0.0,46,109.252018
0.0,6,109.2529
1.0,59,109.261364
0.0,38,109.266884
1.0,55,109.274762
0.0,43,109.281046
1.0,54,109.288888
1.0,54,109.296631
1.0,56,109.304742
1.0,55,109.312643
0.0,43,109.318819
1.0,52,109.326306
0.0,14,109.328334
1.0,61,109.337066
0.0,38,109.342547
0.0,12,109.344288
0.0,27,109.34822
1.0,55,109.356162
1.0,55,109.364031
1.0,56,109.372068
0.0,47,109.378814
1.0,52,109.386353
0.0,17,109.388822
1.0,54,109.39657
1.0,54,109.404377
0.0,17,109.406846
0.0,31,109.411317
1.0,56,109.419723
0.0,12,109.421496
1.0,54,109.429242
0.0,12,109.431095
1.0,50,109.438273
1.0,64,109.447437
1.0,53,109.455128
1.0,54,109.462846
1.0,58,109.471158
1.0,59,109.479603
1.0,56,109.487621
1.0,54,109.495397
1.0,56,109.503479
0.0,31,109.507929
1.0,55,109.516006
1.0,51,109.523486
1.0,51,109.530949
0.0,39,109.536723
1.0,56,109.545092
0.0,41,109.550955
0.0,14,109.552976
0.0,41,109.559044
0.0,39,109.564708
0.0,40,109.570506
1.0,55,109.578422
1.0,52,109.585875
1.0,58,109.594215
1.0,59,109.602746
0.0,25,109.606347
1.0,63,109.615355
1.0,54,109.623086
0.0,38,109.628564
1.0,59,109.636974
1.0,54,109.644735
0.0,37,109.650026
1.0,57,109.658146
0.0,22,109.661309
0.0,23,109.664648
0.0,8,109.665817
1.0,50,109.672989
1.0,50,109.680158
1.0,52,109.687647
0.0,14,109.689675
0.0,34,109.694558
1.0,57,109.70279
0.0,19,109.705534
1.0,54,109.713274
1.0,60,109.721828
1.0,53,109.729486
1.0,58,109.737807
1.0,66,109.747344
0.0,14,109.749372
1.0,50,109.756559
1.0,52,109.764004
0.0,18,109.766618
1.0,54,109.774381
0.0,21,109.777409
1.0,53,109.784979
0.0,33,109.789721
1.0,52,109.797191
1.0,58,109.805572
1.0,53,109.813183
1.0,58,109.821466
1.0,54,109.829198
0.0,8,109.830372
1.0,56,109.838381
1.0,56,109.846411
1.0,53,109.853993
1.0,52,109.861449
0.0,37,109.866738
0.0,12,109.868467
0.0,48,109.87538
0.0,14,109.877388
1.0,53,109.884964
1.0,52,109.892397
0.0,18,109.894989
1.0,56,109.903061
1.0,53,109.910691
1.0,60,109.91926
1.0,52,109.926715
1.0,50,109.933895
1.0,52,109.941427
1.0,52,109.948905
1.0,59,109.957322
1.0,54,109.965038
0.0,17,109.967497
0.0,45,109.973937
0.0,31,109.978396
0.0,16,109.98075
1.0,57,109.988891
0.0,31,109.993397
1.0,63,110.002473
1.0,56,110.010486
1.0,59,110.019457
0.0,8,110.020634
0.0,12,110.022418
1.0,58,110.030734
0.0,25,110.03433
1.0,54,110.04211
0.0,6,110.042998
0.0,25,110.046604
0.0,17,110.049098
1.0,54,110.056881
1.0,50,110.064042
0.0,41,110.069898
0.0,4,110.070495
1.0,59,110.078912
1.0,56,110.086944
1.0,53,110.094539
1.0,51,110.101907
0.0,29,110.10608
1.0,51,110.11339
1.0,54,110.121204
1.0,51,110.128509
1.0,52,110.135935
1.0,60,110.144522
0.0,48,110.151395
0.0,27,110.155314
1.0,52,110.162767
1.0,55,110.170629
1.0,51,110.177939
0.0,4,110.178537
1.0,54,110.186279
0.0,17,110.188737
0.0,4,110.189332
1.0,56,110.197389
1.0,59,110.20586
0.0,52,110.213298
1.0,55,110.221177
0.0,14,110.223193
1.0,57,110.231375
1.0,59,110.239909
0.0,43,110.246069
1.0,59,110.254518
1.0,52,110.262
1.0,59,110.270486
0.0,28,110.274523
0.0,6,110.275414
0.0,27,110.279304
1.0,58,110.287636
1.0,56,110.295686
1.0,50,110.302903
0.0,20,110.305826
1.0,54,110.313586
0.0,50,110.320752
0.0,12,110.322494
0.0,46,110.329092
0.0,12,110.330866
1.0,55,110.338744
1.0,52,110.346189
0.0,10,110.347648
0.0,16,110.349958
1.0,53,110.357569
1.0,59,110.36603
0.0,14,110.368097
0.0,16,110.370408
0.0,21,110.373441
1.0,52,110.380893
1.0,56,110.388925
1.0,58,110.397236
1.0,65,110.406691
0.0,44,110.413001
1.0,55,110.42087
1.0,64,110.430016
1.0,50,110.437295
1.0,56,110.445304
0.0,31,110.44976
1.0,57,110.457922
1.0,57,110.466068
1.0,51,110.473424
1.0,50,110.4806
1.0,58,110.488895
0.0,19,110.491645
0.0,39,110.497268
0.0,8,110.498448
0.0,45,110.504954
1.0,51,110.512291
1.0,51,110.5196
0.0,37,110.525025
1.0,53,110.532634
1.0,56,110.540662
0.0,22,110.543858
0.0,20,110.546747
0.0,16,110.549052
1.0,54,110.556859
0.0,21,110.559879
1.0,54,110.567612
0.0,38,110.573077
1.0,54,110.580833
1.0,59,110.589273
0.0,20,110.592158
0.0,17,110.59462
1.0,60,110.60328
1.0,60,110.611883
1.0,53,110.619853
1.0,54,110.627715
1.0,55,110.635637
1.0,55,110.64356
1.0,56,110.651623
1.0,57,110.659775
1.0,57,110.667941
1.0,54,110.675677
0.0,8,110.676844
1.0,50,110.684042
1.0,64,110.693222
1.0,52,110.700675
0.0,12,110.702487
1.0,52,110.709947
1.0,56,110.717998
1.0,55,110.725893
0.0,37,110.731279
1.0,58,110.739577
1.0,54,110.747347
1.0,56,110.755404
1.0,63,110.764391
1.0,54,110.772118
0.0,14,110.774154
1.0,64,110.783285
1.0,56,110.791424
1.0,57,110.799587
1.0,66,110.809102
0.0,33,110.813863
0.0,38,110.819319
1.0,58,110.827649
0.0,38,110.833126
0.0,39,110.838808
1.0,58,110.847111
1.0,54,110.854853
1.0,54,110.862625
0.0,48,110.869528
0.0,4,110.870126
1.0,56,110.878137
1.0,55,110.886004
1.0,59,110.894475
0.0,12,110.89621
1.0,55,110.904162
0.0,6,110.905041
1.0,53,110.912633
1.0,53,110.920222
1.0,60,110.928841
1.0,51,110.936158
0.0,9,110.937464
1.0,55,110.945355
1.0,55,110.95319
0.0,17,110.955879
1.0,60,110.964567
1.0,50,110.972127
1.0,53,110.979833
1.0,60,110.98858
1.0,52,110.996023
0.0,25,110.999772
1.0,55,111.007979
1.0,60,111.016607
0.0,48,111.023442
0.0,37,111.02878
1.0,56,111.036814
1.0,54,111.044576
1.0,58,111.052865
0.0,6,111.05375
0.0,17,111.056197
0.0,19,111.058932
1.0,57,111.06707
1.0,60,111.075661
1.0,52,111.083118
1.0,54,111.090839
0.0,28,111.094897
0.0,22,111.098056
1.0,56,111.106166
1.0,56,111.11417
1.0,60,111.12272
1.0,52,111.130158
1.0,59,111.138629
1.0,54,111.146328
0.0,23,111.149624
1.0,53,111.157204
0.0,13,111.159076
1.0,57,111.167215
1.0,60,111.175817
0.0,38,111.181247
1.0,53,111.188815
1.0,56,111.196807
1.0,59,111.205256
1.0,53,111.212897
1.0,59,111.221653
1.0,57,111.229826
0.0,32,111.234414
1.0,53,111.241995
1.0,57,111.250218
1.0,55,111.258125
0.0,16,111.260443
1.0,52,111.268024
0.0,12,111.26976
0.0,35,111.274818
1.0,55,111.282773
1.0,53,111.290373
1.0,55,111.298212
1.0,59,111.306744
0.0,19,111.309512
1.0,51,111.316849
1.0,51,111.324144
1.0,57,111.332276
1.0,59,111.340742
0.0,46,111.347312
1.0,53,111.355013
1.0,62,111.363873
1.0,59,111.372359
1.0,52,111.379857
0.0,27,111.383751
0.0,14,111.385882
1.0,51,111.39319
0.0,44,111.399508
0.0,12,111.401256
0.0,21,111.404363
0.0,48,111.411267
1.0,54,111.419039
1.0,56,111.427154
1.0,51,111.43452
1.0,56,111.442533
1.0,52,111.44999
0.0,4,111.450589
0.0,42,111.456708
1.0,55,111.464578
0.0,39,111.470185
0.0,18,111.472788
1.0,57,111.480969
0.0,40,111.486697
0.0,27,111.490655
1.0,52,111.498098
0.0,17,111.500558
1.0,55,111.508511
0.0,43,111.51467
1.0,53,111.522245
1.0,53,111.529845
1.0,58,111.538126
1.0,54,111.545832
1.0,57,111.553988
1.0,55,111.561926
0.0,8,111.563099
0.0,11,111.564688
1.0,54,111.572417
1.0,51,111.579719
0.0,16,111.582025
1.0,53,111.589591
1.0,57,111.597763
1.0,55,111.605713
1.0,55,111.613574
1.0,53,111.621162
1.0,50,111.628432
0.0,20,111.631435
1.0,57,111.639708
1.0,64,111.648884
1.0,56,111.656903
1.0,59,111.665422
0.0,8,111.666601
0.0,19,111.669345
1.0,55,111.67722
1.0,52,111.684678
1.0,64,111.693839
1.0,56,111.701938
0.0,35,111.707037
0.0,34,111.711911
1.0,54,111.719654
1.0,58,111.728014
1.0,57,111.736274
0.0,23,111.739594
0.0,47,111.746426
0.0,27,111.750321
1.0,50,111.757475
0.0,29,111.76163
0.0,44,111.767948
0.0,16,111.770261
1.0,58,111.778597
1.0,55,111.78646
0.0,19,111.789204
1.0,57,111.797334
0.0,46,111.804012
1.0,51,111.811399
0.0,22,111.814555
0.0,45,111.821464
0.0,29,111.825713
1.0,52,111.833173
0.0,45,111.839621
0.0,29,111.843836
1.0,54,111.851602
1.0,51,111.858915
0.0,23,111.862207
0.0,31,111.866656
0.0,21,111.869682
1.0,53,111.877368
1.0,56,111.885391
0.0,16,111.887718
1.0,54,111.895447
1.0,60,111.904058
1.0,58,111.912427
0.0,19,111.915184
1.0,57,111.923325
0.0,16,111.925637
0.0,43,111.931824
0.0,4,111.932421
1.0,54,111.940178
0.0,40,111.94593
0.0,51,111.953341
1.0,54,111.961084
1.0,55,111.968947
1.0,55,111.976842
1.0,60,111.985457
1.0,57,111.993748
1.0,60,112.002332
1.0,56,112.010417
1.0,56,112.018514
1.0,52,112.025977
0.0,6,112.026975
0.0,31,112.031424
1.0,57,112.039567
1.0,52,112.047113
1.0,54,112.054969
1.0,58,112.063268
0.0,8,112.064445
1.0,55,112.072329
1.0,53,112.079958
1.0,52,112.087504
0.0,4,112.088103
1.0,64,112.097243
1.0,52,112.104787
0.0,40,112.110523
1.0,58,112.118807
0.0,37,112.124202
1.0,53,112.131787
1.0,57,112.140422
1.0,60,112.149069
1.0,53,112.156657
1.0,54,112.164464
1.0,65,112.17372
1.0,56,112.181717
1.0,52,112.18918
1.0,57,112.197393
1.0,52,112.205051
1.0,52,112.212487
1.0,54,112.220215
0.0,28,112.224239
1.0,54,112.23205
1.0,61,112.24078
0.0,42,112.246829
0.0,20,112.249709
1.0,52,112.257174
1.0,55,112.265135
1.0,54,112.272927
1.0,55,112.280815
1.0,53,112.288411
1.0,54,112.296228
1.0,57,112.304519
0.0,16,112.306834
1.0,54,112.314604
1.0,52,112.322028
1.0,58,112.330324
1.0,56,112.338362
1.0,63,112.34738
1.0,54,112.355108
0.0,39,112.360701
1.0,54,112.368537
0.0,6,112.36942
1.0,52,112.376879
1.0,54,112.384629
1.0,53,112.392212
1.0,56,112.400509
0.0,29,112.404781
1.0,50,112.412334
1.0,60,112.420982
1.0,60,112.429949
0.0,21,112.433135
0.0,18,112.435855
1.0,58,112.444282
0.0,18,112.446925
1.0,53,112.454521
1.0,55,112.462418
1.0,56,112.47045
0.0,6,112.471331
1.0,60,112.479987
0.0,25,112.483583
1.0,58,112.491888
0.0,31,112.496353
0.0,40,112.502103
1.0,54,112.509977
1.0,61,112.518725
1.0,52,112.526175
1.0,51,112.533475
1.0,55,112.541374
1.0,55,112.549271
0.0,12,112.551013
0.0,21,112.554031
1.0,56,112.562032
1.0,58,112.570333
0.0,40,112.576055
1.0,54,112.583833
0.0,7,112.584846
1.0,59,112.593265
1.0,59,112.601673
1.0,52,112.609199
0.0,39,112.614864
0.0,27,112.618771
0.0,42,112.624784
0.0,47,112.631499
0.0,33,112.636243
1.0,52,112.643688
1.0,53,112.651385
0.0,40,112.657138
0.0,45,112.663581
0.0,16,112.665889
0.0,38,112.671352
0.0,37,112.676669
0.0,4,112.677264
1.0,53,112.684922
0.0,43,112.691118
0.0,25,112.694701
1.0,56,112.702722
1.0,54,112.71053
0.0,14,112.712556
1.0,54,112.720362
1.0,54,112.728155
1.0,62,112.737015
0.0,18,112.739604
1.0,54,112.747386
1.0,58,112.755718
1.0,55,112.763568
1.0,51,112.77156
0.0,18,112.774143
0.0,6,112.775021
0.0,44,112.781319
0.0,24,112.784766
0.0,38,112.790295
1.0,56,112.798294
1.0,56,112.806359
1.0,55,112.81421
1.0,58,112.822483
0.0,42,112.82854
1.0,57,112.836793
0.0,21,112.839821
1.0,57,112.847983
0.0,4,112.848582
0.0,14,112.850599
1.0,54,112.858322
0.0,15,112.860549
1.0,54,112.868277
0.0,30,112.872583
1.0,56,112.88059
1.0,50,112.887755
0.0,47,112.894463
1.0,56,112.902532
1.0,65,112.911863
0.0,18,112.914441
1.0,64,112.92358
1.0,56,112.931694
1.0,50,112.938853
1.0,57,112.947013
1.0,55,112.954885
0.0,37,112.960186
0.0,23,112.963484
1.0,57,112.971642
0.0,37,112.976966
1.0,57,112.985127
0.0,45,112.991578
0.0,14,112.993607
0.0,23,112.996919
1.0,54,113.004707
1.0,54,113.012476
1.0,58,113.020881
1.0,58,113.029521
0.0,16,113.031841
0.0,10,113.033293
0.0,42,113.039335
0.0,38,113.044785
1.0,52,113.052224
1.0,62,113.061083
1.0,51,113.068381
1.0,54,113.07622
1.0,52,113.083649
0.0,40,113.08937
0.0,44,113.095684
0.0,16,113.097982
1.0,55,113.105937
0.0,22,113.109101
0.0,17,113.111548
1.0,53,113.119127
1.0,52,113.126589
1.0,57,113.134742
0.0,31,113.139198
1.0,56,113.147265
1.0,50,113.154394
0.0,16,113.156701
0.0,12,113.15846
0.0,53,113.166031
0.0,22,113.169202
1.0,52,113.17668
0.0,7,113.177696
0.0,18,113.180292
1.0,53,113.187867
1.0,52,113.195323
1.0,59,113.203753
1.0,58,113.212112
1.0,53,113.219695
0.0,8,113.220862
1.0,54,113.228764
0.0,48,113.235933
0.0,6,113.23682
0.0,38,113.242263
1.0,54,113.250266
0.0,49,113.257308
1.0,53,113.264894
1.0,52,113.272438
0.0,13,113.27432
0.0,40,113.280051
0.0,4,113.280652
1.0,56,113.288733
0.0,6,113.289618
1.0,55,113.29747
1.0,56,113.305556
1.0,62,113.314421
1.0,61,113.323166
0.0,31,113.327618
0.0,10,113.329065
1.0,56,113.337099
0.0,6,113.33798
0.0,23,113.341295
0.0,14,113.343316
0.0,17,113.345763
1.0,57,113.354035
0.0,4,113.354634
1.0,57,113.362798
0.0,39,113.368394
1.0,52,113.375851
1.0,51,113.383172
0.0,22,113.386333
0.0,18,113.388954
1.0,57,113.39713
1.0,56,113.405155
1.0,57,113.413396
1.0,57,113.421631
1.0,53,113.42922
1.0,56,113.437304
0.0,29,113.441479
1.0,57,113.44963
1.0,60,113.458261
0.0,39,113.46386
1.0,54,113.471626
1.0,53,113.479219
1.0,50,113.486381
1.0,56,113.494465
1.0,60,113.503063
0.0,42,113.509161
1.0,58,113.517469
0.0,18,113.520078
1.0,61,113.528986
0.0,14,113.531028
0.0,4,113.531626
1.0,53,113.539225
1.0,56,113.547254
0.0,32,113.551863
1.0,50,113.559207
0.0,45,113.565726
1.0,54,113.573472
1.0,50,113.580634
0.0,48,113.587513
1.0,56,113.59554
1.0,53,113.603166
0.0,46,113.609804
1.0,60,113.618377
0.0,19,113.621126
0.0,14,113.623428
0.0,41,113.629412
1.0,55,113.637336
0.0,23,113.640679
0.0,41,113.646565
1.0,59,113.655035
1.0,58,113.663347
1.0,56,113.67138
1.0,55,113.679247
1.0,55,113.687133
1.0,60,113.69577
0.0,6,113.696656
1.0,50,113.703894
1.0,54,113.711689
1.0,54,113.719438
1.0,59,113.727995
1.0,59,113.736445
0.0,44,113.742824
0.0,6,113.743709
0.0,35,113.748767
1.0,53,113.756362
1.0,54,113.764097
1.0,56,113.772121
1.0,50,113.779358
0.0,6,113.78024
1.0,54,113.787958
0.0,25,113.79156
1.0,53,113.799241
1.0,54,113.807029
1.0,57,113.815203
0.0,8,113.816368
0.0,14,113.818389
0.0,44,113.824715
0.0,36,113.829878
1.0,54,113.837862
0.0,31,113.842374
1.0,59,113.851234
1.0,52,113.858718
1.0,54,113.866544
0.0,14,113.868566
1.0,58,113.877216
1.0,57,113.885489
0.0,6,113.886412
1.0,54,113.894119
0.0,16,113.89647
1.0,51,113.903803
1.0,52,113.91136
1.0,53,113.919
0.0,4,113.919598
1.0,55,113.92748
1.0,58,113.935782
1.0,63,113.944803
1.0,52,113.952288
0.0,45,113.958731
1.0,55,113.966593
1.0,56,113.974589
1.0,51,113.981882
0.0,27,113.98583
0.0,34,113.990712
1.0,54,113.99843
1.0,55,114.006371
0.0,27,114.01026
0.0,22,114.01341
1.0,58,114.021737
1.0,52,114.029171
0.0,14,114.031198
1.0,53,114.038789
0.0,40,114.044528
0.0,17,114.047038
1.0,60,114.055695
1.0,54,114.063428
1.0,55,114.071301
1.0,50,114.078469
1.0,54,114.086184
1.0,51,114.093538
1.0,53,114.101142
0.0,18,114.103724
1.0,58,114.11209
1.0,53,114.119724
1.0,57,114.127926
1.0,56,114.135944
1.0,52,114.143383
0.0,20,114.146256
1.0,52,114.153736
1.0,54,114.161469
1.0,60,114.170049
1.0,50,114.177232
0.0,14,114.179263
1.0,55,114.187129
1.0,56,114.195224
1.0,59,114.203677
0.0,25,114.207308
0.0,32,114.211904
1.0,56,114.219918
0.0,28,114.224205
1.0,54,114.232206
1.0,53,114.23979
0.0,17,114.242243
1.0,58,114.250536
1.0,62,114.259428
1.0,52,114.26697
0.0,18,114.269556
0.0,29,114.273705
1.0,55,114.281583
1.0,57,114.28973
1.0,54,114.297447
0.0,20,114.300365
0.0,7,114.301383
0.0,21,114.304413
1.0,53,114.312073
1.0,56,114.320163
1.0,54,114.327885
1.0,56,114.335939
0.0,4,114.336537
0.0,41,114.342415
1.0,53,114.349977
1.0,58,114.358272
1.0,56,114.366278
0.0,31,114.370777
1.0,56,114.378769
0.0,27,114.382645
0.0,4,114.383244
1.0,54,114.390954
1.0,53,114.398524
1.0,51,114.40587
1.0,55,114.41379
1.0,59,114.422224
1.0,53,114.429897
1.0,61,114.438691
1.0,58,114.447005
0.0,6,114.447888
1.0,52,114.455338
1.0,55,114.463196
1.0,53,114.470795
1.0,63,114.479842
0.0,15,114.482007
1.0,56,114.490021
1.0,56,114.498007
0.0,29,114.502164
0.0,5,114.502902
1.0,52,114.510416
0.0,6,114.511329
0.0,10,114.512768
0.0,14,114.514787
1.0,60,114.523358
0.0,23,114.526674
1.0,55,114.534551
1.0,59,114.542984
1.0,54,114.550806
0.0,8,114.551972
0.0,26,114.555711
1.0,53,114.563303
1.0,54,114.57103
1.0,62,114.579875
0.0,6,114.580847
1.0,59,114.589273
1.0,56,114.597275
1.0,55,114.605133
1.0,68,114.614869
1.0,55,114.622924
1.0,50,114.630054
1.0,55,114.637957
1.0,50,114.645101
0.0,5,114.645834
0.0,29,114.649994
0.0,17,114.652522
0.0,4,114.653116
0.0,36,114.658287
1.0,58,114.666569
0.0,38,114.67201
1.0,56,114.679996
0.0,40,114.685701
0.0,8,114.686962
1.0,54,114.694712
0.0,38,114.700135
1.0,57,114.70831
1.0,58,114.716599
0.0,44,114.722924
1.0,64,114.732112
0.0,18,114.734711
1.0,54,114.742454
1.0,56,114.750474
1.0,52,114.757935
0.0,10,114.759386
0.0,23,114.762697
0.0,15,114.764852
0.0,46,114.77145
1.0,55,114.779311
1.0,52,114.786764
1.0,57,114.795063
1.0,56,114.803069
1.0,54,114.810813
0.0,19,114.81354
1.0,56,114.821533
0.0,4,114.822135
1.0,51,114.829872
1.0,56,114.837928
0.0,18,114.840528
0.0,52,114.847961
0.0,4,114.848556
1.0,54,114.856306
1.0,54,114.864068
1.0,51,114.871381
1.0,53,114.878983
1.0,54,114.886705
1.0,63,114.895743
1.0,57,114.903929
1.0,54,114.911725
1.0,50,114.918886
0.0,45,114.925331
0.0,6,114.926212
0.0,43,114.932407
0.0,39,114.937989
0.0,36,114.943142
0.0,18,114.945728
1.0,51,114.953018
0.0,52,114.960467
1.0,52,114.967939
0.0,20,114.970819
0.0,30,114.97515
1.0,55,114.983022
0.0,14,114.985051
1.0,54,114.992762
0.0,43,114.998924
1.0,53,115.006539
1.0,52,115.014032
1.0,60,115.022605
0.0,25,115.026292
1.0,55,115.034417
1.0,52,115.04208
0.0,15,115.044308
1.0,52,115.051997
0.0,9,115.053303
0.0,6,115.054179
1.0,52,115.061879
1.0,58,115.070154
0.0,40,115.075925
1.0,55,115.083787
1.0,52,115.091249
1.0,61,115.099974
0.0,4,115.100578
0.0,20,115.103495
1.0,54,115.11133
0.0,33,115.116071
0.0,16,115.118382
1.0,54,115.126098
0.0,25,115.1297
1.0,51,115.137015
1.0,57,115.145335
0.0,12,115.147084
0.0,18,115.149664
1.0,53,115.157241
1.0,50,115.164394
0.0,24,115.167859
1.0,58,115.176175
1.0,52,115.183729
0.0,8,115.18489
1.0,55,115.192758
0.0,14,115.194771
0.0,4,115.195366
0.0,50,115.202515
0.0,41,115.20842
0.0,48,115.215336
1.0,52,115.222804
0.0,19,115.22555
1.0,58,115.233902
1.0,56,115.241926
1.0,55,115.249876
0.0,43,115.256034
1.0,54,115.263776
0.0,19,115.266541
0.0,23,115.269915
1.0,57,115.278664
0.0,34,115.283565
0.0,33,115.288566
0.0,21,115.291716
0.0,19,115.294467
1.0,56,115.30248
0.0,31,115.30703
1.0,55,115.315288
0.0,22,115.318545
0.0,25,115.322204
1.0,63,115.331197
0.0,8,115.332361
1.0,62,115.341228
1.0,52,115.348663
1.0,60,115.357265
1.0,53,115.364831
0.0,29,115.369061
0.0,10,115.370513
1.0,59,115.378926
1.0,54,115.386657
0.0,20,115.389552
0.0,16,115.391863
1.0,50,115.399101
1.0,61,115.407796
0.0,16,115.410174
0.0,17,115.412635
1.0,52,115.420093
0.0,28,115.42415
0.0,6,115.425029
1.0,53,115.432722
0.0,19,115.435784
0.0,30,115.440135
1.0,54,115.44784
1.0,57,115.456034
1.0,59,115.464481
0.0,16,115.466815
1.0,55,115.474675
0.0,23,115.47799
0.0,17,115.480444
0.0,29,115.484603
1.0,59,115.493022
1.0,54,115.500761
0.0,16,115.503068
1.0,59,115.511561
0.0,15,115.513722
1.0,58,115.522008
0.0,48,115.528875
1.0,61,115.537616
1.0,58,115.545918
1.0,55,115.553779
1.0,51,115.561089
1.0,54,115.568864
0.0,37,115.574186
0.0,25,115.577791
0.0,15,115.579957
1.0,61,115.588681
0.0,16,115.590987
1.0,55,115.598851
1.0,52,115.606317
1.0,50,115.613522
0.0,14,115.615546
0.0,19,115.618281
1.0,53,115.625907
1.0,56,115.634015
1.0,55,115.642016
1.0,56,115.650073
1.0,53,115.65766
1.0,56,115.66569
0.0,8,115.666868
1.0,52,115.674352
1.0,60,115.682891
1.0,59,115.691362
0.0,29,115.695521
1.0,52,115.702961
1.0,57,115.71123
1.0,54,115.718944
1.0,57,115.727185
1.0,58,115.735531
1.0,55,115.743432
0.0,21,115.74645
1.0,62,115.755289
0.0,31,115.759744
0.0,17,115.762254
1.0,53,115.769844
1.0,55,115.777755
1.0,54,115.785477
0.0,36,115.790636
0.0,18,115.793232
1.0,59,115.801706
1.0,61,115.810524
1.0,53,115.818087
0.0,16,115.820396
1.0,53,115.827955
1.0,55,115.835816
0.0,41,115.841691
0.0,8,115.842862
1.0,61,115.851606
1.0,60,115.860175
0.0,35,115.86518
0.0,4,115.865776
1.0,55,115.873633
0.0,40,115.879362
1.0,55,115.887261
0.0,19,115.889991
0.0,21,115.893008
0.0,41,115.898903
1.0,56,115.906911
0.0,28,115.911041
1.0,53,115.918638
1.0,52,115.926065
1.0,57,115.93421
1.0,58,115.942505
1.0,54,115.950223
0.0,36,115.955415
0.0,40,115.961164
1.0,60,115.969741
1.0,50,115.976897
1.0,57,115.985041
0.0,25,115.98867
0.0,22,115.991841
1.0,56,115.999857
1.0,53,116.007467
0.0,7,116.008482
0.0,30,116.012856
1.0,58,116.021193
1.0,52,116.029031
0.0,12,116.030779
0.0,36,116.035987
1.0,59,116.044436
1.0,53,116.052051
0.0,6,116.052941
1.0,54,116.06077
1.0,55,116.068668
1.0,54,116.076404
1.0,54,116.084138
1.0,51,116.091492
1.0,57,116.099646
1.0,57,116.107805
0.0,10,116.109342
0.0,18,116.111932
1.0,54,116.119658
1.0,53,116.127277
1.0,60,116.135899
1.0,57,116.144055
1.0,63,116.15305
0.0,35,116.158098
1.0,50,116.165298
1.0,54,116.173008
1.0,50,116.180161
1.0,56,116.188159
1.0,59,116.196593
1.0,56,116.204606
0.0,45,116.211089
1.0,58,116.219345
1.0,57,116.227474
1.0,58,116.235787
0.0,6,116.23667
1.0,54,116.244396
0.0,22,116.247545
1.0,50,116.254723
0.0,43,116.260885
1.0,56,116.268945
1.0,61,116.27767
0.0,33,116.282414
1.0,51,116.289725
1.0,58,116.298015
1.0,56,116.30609
1.0,55,116.314026
1.0,55,116.32192
0.0,13,116.323804
0.0,4,116.3244
1.0,52,116.331832
1.0,58,116.340171
1.0,57,116.348304
1.0,53,116.355864
1.0,50,116.363035
1.0,52,116.370463
0.0,31,116.374925
0.0,4,116.375522
1.0,58,116.383798
0.0,21,116.38682
1.0,62,116.395643
0.0,40,116.401366
0.0,4,116.401959
0.0,38,116.40744
0.0,41,116.413339
1.0,53,116.42093
1.0,54,116.428674
0.0,21,116.431703
1.0,55,116.439534
1.0,50,116.446716
1.0,66,116.456114
1.0,64,116.46522
1.0,53,116.472791
0.0,29,116.476957
1.0,52,116.484399
1.0,52,116.491846
1.0,54,116.499573
1.0,54,116.50729
1.0,58,116.515698
0.0,20,116.518574
0.0,16,116.520879
0.0,49,116.527913
1.0,57,116.536152
1.0,58,116.544418
1.0,56,116.552456
1.0,63,116.561513
1.0,56,116.569502
0.0,41,116.575374
0.0,31,116.57982
0.0,19,116.582562
1.0,52,116.590038
1.0,55,116.597898
1.0,60,116.606484
0.0,34,116.611415
0.0,4,116.612008
0.0,32,116.616585
0.0,28,116.620648
0.0,17,116.623113
0.0,7,116.624127
0.0,17,116.626579
1.0,55,116.634448
1.0,53,116.642011
0.0,42,116.648071
1.0,54,116.655838
1.0,54,116.663562
0.0,31,116.668011
1.0,57,116.676153
1.0,55,116.684024
1.0,61,116.692777
0.0,28,116.696807
1.0,60,116.705392
0.0,44,116.711794
1.0,51,116.719435
1.0,55,116.727797
1.0,54,116.735606
1.0,59,116.744159
0.0,12,116.745937
1.0,65,116.755531
1.0,54,116.763398
0.0,17,116.765841
1.0,56,116.773867
0.0,25,116.77746
0.0,14,116.779492
0.0,8,116.780657
0.0,12,116.782401
1.0,54,116.790157
0.0,30,116.794519
0.0,6,116.795403
0.0,20,116.798362
0.0,21,116.80138
0.0,20,116.804265
0.0,6,116.805151
0.0,4,116.805744
1.0,54,116.81353
0.0,8,116.814699
1.0,56,116.822697
1.0,58,116.831032
1.0,52,116.838484
1.0,55,116.846358
1.0,57,116.854514
0.0,19,116.857258
1.0,61,116.866021
1.0,52,116.87348
1.0,56,116.881503
1.0,58,116.889794
1.0,54,116.897543
1.0,53,116.905171
1.0,58,116.913526
0.0,19,116.916257
1.0,50,116.923419
1.0,55,116.931278
1.0,58,116.939628
1.0,58,116.947919
0.0,4,116.948515
1.0,54,116.956237
1.0,58,116.964529
1.0,53,116.972157
1.0,60,116.980745
0.0,29,116.984918
1.0,54,116.992664
0.0,43,116.998839
1.0,54,117.006593
0.0,29,117.010808
0.0,43,117.016957
0.0,34,117.021826
1.0,57,117.029966
0.0,45,117.036401
1.0,52,117.04388
1.0,50,117.051017
1.0,58,117.059323
1.0,57,117.067493
1.0,60,117.076114
1.0,56,117.084151
1.0,62,117.092994
0.0,14,117.095028
1.0,57,117.103179
1.0,56,117.111287
0.0,16,117.113584
0.0,22,117.116812
1.0,58,117.125098
1.0,50,117.132317
1.0,57,117.140456
1.0,57,117.14864
0.0,41,117.154516
0.0,4,117.155111
0.0,29,117.159291
0.0,42,117.165302
0.0,16,117.167609
1.0,52,117.175037
0.0,4,117.17563
1.0,63,117.184656
1.0,52,117.192078
1.0,58,117.200393
1.0,52,117.207825
1.0,50,117.215087
1.0,61,117.223799
0.0,39,117.229379
1.0,59,117.237783
1.0,54,117.245493
1.0,62,117.254375
0.0,4,117.25497
0.0,45,117.261404
0.0,38,117.266957
1.0,58,117.27523
1.0,57,117.283376
0.0,19,117.286146
1.0,52,117.293629
1.0,50,117.300887
0.0,6,117.301775
1.0,52,117.309216
0.0,48,117.316165
1.0,58,117.324564
1.0,54,117.332691
0.0,19,117.335439
0.0,29,117.339618
0.0,27,117.34348
1.0,52,117.350974
1.0,56,117.359104
1.0,57,117.367235
0.0,21,117.370254
1.0,58,117.378552
1.0,54,117.386287
0.0,6,117.387176
1.0,63,117.396264
1.0,51,117.403571
1.0,51,117.410957
1.0,56,117.41899
1.0,59,117.427509
0.0,14,117.429525
0.0,39,117.435126
1.0,51,117.442434
1.0,57,117.450596
1.0,60,117.459163
1.0,55,117.4671
0.0,29,117.471278
1.0,52,117.478727
1.0,57,117.48688
0.0,30,117.491204
0.0,18,117.493791
1.0,61,117.502584
0.0,12,117.504327
1.0,55,117.512237
1.0,51,117.519548
1.0,61,117.528253
1.0,60,117.536889
0.0,8,117.538059
1.0,56,117.546088
0.0,32,117.550681
1.0,57,117.558831
1.0,51,117.566139
0.0,49,117.57327
0.0,44,117.579571
1.0,54,117.587312
1.0,54,117.595058
0.0,23,117.598371
1.0,52,117.605857
1.0,56,117.613925
0.0,16,117.616241
1.0,55,117.624117
1.0,57,117.632265
0.0,6,117.63315
1.0,54,117.641013
1.0,50,117.648184
1.0,55,117.656077
1.0,59,117.664527
0.0,27,117.668409
0.0,16,117.670721
0.0,52,117.67826
0.0,39,117.683875
1.0,54,117.691606
1.0,54,117.699379
0.0,37,117.704699
0.0,16,117.707086
0.0,23,117.710401
0.0,29,117.714633
0.0,20,117.71751
1.0,63,117.726529
0.0,31,117.731053
0.0,17,117.733498
1.0,58,117.741797
1.0,54,117.749589
1.0,56,117.757628
1.0,54,117.765465
1.0,58,117.773758
1.0,56,117.781862
0.0,43,117.788026
1.0,61,117.796742
0.0,8,117.797918
1.0,50,117.8051
1.0,58,117.813511
1.0,56,117.821555
1.0,56,117.829577
1.0,58,117.837869
1.0,55,117.84576
1.0,52,117.853297
1.0,52,117.860772
1.0,55,117.868674
0.0,4,117.86927
1.0,52,117.876729
1.0,51,117.88408
1.0,55,117.891954
1.0,61,117.900674
1.0,59,117.909117
0.0,23,117.912486
0.0,29,117.916665
1.0,57,117.924897
0.0,4,117.925498
1.0,51,117.93318
1.0,53,117.940766
1.0,57,117.948932
1.0,53,117.956571
1.0,52,117.964047
0.0,45,117.970498
1.0,60,117.979068
1.0,57,117.987232
1.0,55,117.995164
1.0,52,118.002629
1.0,50,118.009802
0.0,6,118.010692
1.0,53,118.018347
1.0,54,118.02611
1.0,51,118.033528
1.0,59,118.042068
0.0,35,118.047112
1.0,54,118.054829
1.0,52,118.062488
0.0,41,118.068372
1.0,53,118.075952
1.0,54,118.083691
1.0,55,118.091557
1.0,53,118.099168
1.0,51,118.106479
1.0,56,118.114543
1.0,51,118.121887
0.0,4,118.122492
1.0,56,118.130587
0.0,17,118.133054
1.0,54,118.140792
0.0,17,118.143252
0.0,16,118.145571
1.0,58,118.154196
1.0,59,118.162706
1.0,57,118.171331
1.0,59,118.179819
0.0,38,118.185359
0.0,30,118.189928
0.0,29,118.194146
1.0,52,118.201743
0.0,29,118.206002
0.0,21,118.209064
0.0,21,118.212129
1.0,52,118.219673
1.0,53,118.227258
1.0,54,118.235361
1.0,58,118.243623
0.0,6,118.244509
0.0,4,118.245099
1.0,58,118.253611
1.0,52,118.261055
0.0,42,118.267111
1.0,60,118.275773
1.0,63,118.28477
1.0,52,118.292214
1.0,52,118.299723
0.0,16,118.302034
1.0,55,118.309978
0.0,21,118.31305
0.0,37,118.318359
0.0,29,118.322496
1.0,53,118.3301
1.0,54,118.337822
1.0,56,118.345902
0.0,6,118.34679
1.0,54,118.35451
0.0,8,118.355675
0.0,27,118.359553
1.0,55,118.367445
0.0,10,118.368901
0.0,6,118.369775
1.0,50,118.376967
0.0,22,118.380127
0.0,6,118.381004
1.0,56,118.388995
0.0,4,118.389595
0.0,7,118.390612
1.0,53,118.398178
1.0,56,118.406155
0.0,11,118.407748
0.0,16,118.410125
1.0,55,118.418017
1.0,57,118.426163
0.0,22,118.42933
1.0,54,118.437062
0.0,23,118.440395
0.0,39,118.446036
1.0,56,118.454032
0.0,12,118.455775
0.0,42,118.461774
0.0,25,118.465362
1.0,55,118.473189
1.0,56,118.481256
1.0,52,118.488707
1.0,51,118.495996
1.0,58,118.504277
1.0,53,118.511894
1.0,54,118.519716
1.0,57,118.528105
0.0,18,118.530799
1.0,58,118.539114
1.0,55,118.546967
1.0,55,118.554942
0.0,40,118.560653
1.0,61,118.569342
0.0,8,118.570512
1.0,52,118.577931
1.0,58,118.586225
0.0,19,118.588958
0.0,4,118.589551
0.0,38,118.594992
1.0,59,118.603426
0.0,33,118.608148
0.0,4,118.608751
1.0,54,118.616549
1.0,54,118.624374
1.0,55,118.632283
1.0,50,118.639468
1.0,55,118.647321
1.0,54,118.655056
0.0,35,118.6601
0.0,42,118.666108
1.0,54,118.67386
1.0,54,118.681593
0.0,6,118.682482
1.0,55,118.690463
1.0,63,118.699631
1.0,54,118.707444
1.0,56,118.715513
0.0,27,118.719379
0.0,17,118.72184
1.0,62,118.730802
1.0,56,118.738802
1.0,55,118.746651
0.0,30,118.750969
1.0,52,118.758406
0.0,31,118.762889
1.0,51,118.770215
1.0,61,118.778934
1.0,53,118.78652
0.0,8,118.787687
1.0,58,118.796036
1.0,52,118.803489
1.0,56,118.811472
0.0,17,118.813991
1.0,51,118.821307
0.0,4,118.821906
1.0,50,118.829068
1.0,50,118.836272
1.0,60,118.844851
0.0,25,118.848452
0.0,17,118.850901
1.0,54,118.858639
0.0,35,118.863663
1.0,58,118.872062
0.0,45,118.878522
0.0,37,118.883844
0.0,52,118.891292
1.0,57,118.899448
1.0,54,118.907222
1.0,59,118.91572
1.0,66,118.925135
1.0,60,118.933688
1.0,61,118.942476
1.0,52,118.949938
0.0,10,118.951382
1.0,55,118.959257
1.0,56,118.967245
1.0,53,118.974889
1.0,52,118.982347
1.0,50,118.989515
1.0,52,118.996975
1.0,51,119.004266
0.0,12,119.006001
1.0,52,119.01359
1.0,54,119.02134
1.0,59,119.029767
1.0,56,119.037785
1.0,54,119.04559
1.0,53,119.053186
0.0,16,119.055505
1.0,56,119.06357
1.0,61,119.072274
1.0,51,119.079669
0.0,25,119.083272
1.0,60,119.091846
1.0,54,119.099584
1.0,59,119.108028
1.0,52,119.115623
1.0,57,119.123892
0.0,14,119.12591
1.0,54,119.133918
1.0,57,119.142132
1.0,60,119.150778
0.0,23,119.154091
0.0,6,119.154987
1.0,61,119.163714
0.0,8,119.164886
1.0,55,119.172811
0.0,43,119.178999
0.0,7,119.180031
1.0,59,119.188521
0.0,20,119.191413
0.0,21,119.194448
1.0,53,119.202066
1.0,53,119.209674
1.0,54,119.217536
1.0,53,119.225142
0.0,51,119.232448
1.0,57,119.24062
0.0,4,119.241221
0.0,29,119.245398
1.0,56,119.2535
1.0,52,119.260969
0.0,21,119.263999
1.0,62,119.273019
1.0,62,119.281867
1.0,58,119.290227
0.0,36,119.295438
1.0,60,119.304013
1.0,52,119.311467
0.0,47,119.318282
0.0,16,119.320591
1.0,62,119.329524
1.0,52,119.336976
1.0,59,119.3454
1.0,59,119.353807
1.0,54,119.361593
1.0,56,119.369632
0.0,39,119.375215
0.0,44,119.381503
1.0,53,119.389075
1.0,52,119.396531
1.0,57,119.404672
1.0,50,119.411819
0.0,12,119.413615
0.0,19,119.416352
1.0,55,119.424213
1.0,61,119.432991
1.0,54,119.440711
1.0,57,119.448816
1.0,66,119.45824
1.0,59,119.466697
0.0,17,119.469147
1.0,53,119.476725
1.0,59,119.485145
1.0,52,119.492563
1.0,54,119.500324
1.0,54,119.508028
1.0,55,119.51594
0.0,22,119.519113
1.0,58,119.527409
0.0,16,119.529713
0.0,29,119.533961
0.0,17,119.536547
1.0,52,119.543995
0.0,27,119.547865
0.0,21,119.550877
0.0,28,119.554883
1.0,55,119.562793
1.0,60,119.571377
1.0,50,119.578511
0.0,43,119.58465
1.0,54,119.59264
1.0,50,119.599882
1.0,57,119.608421
0.0,13,119.610331
1.0,54,119.618112
1.0,55,119.626358
0.0,47,119.633206
0.0,46,119.639977
1.0,52,119.647462
1.0,53,119.655119
1.0,52,119.662571
1.0,58,119.670841
1.0,54,119.678584
1.0,53,119.686166
1.0,67,119.695736
0.0,17,119.698194
0.0,19,119.700936
1.0,56,119.709014
1.0,54,119.716827
0.0,21,119.719853
0.0,6,119.720738
1.0,58,119.729203
0.0,27,119.733079
0.0,16,119.735389
1.0,52,119.742826
1.0,54,119.750882
1.0,55,119.75877
1.0,52,119.766212
1.0,52,119.773668
0.0,20,119.776599
1.0,55,119.784544
0.0,12,119.78628
0.0,20,119.789153
0.0,22,119.79232
0.0,49,119.799344
1.0,60,119.807992
0.0,13,119.809872
0.0,31,119.814433
1.0,57,119.822601
1.0,55,119.830465
1.0,58,119.838737
1.0,51,119.846035
0.0,30,119.85043
1.0,59,119.858897
1.0,52,119.866358
1.0,54,119.874084
1.0,54,119.881807
1.0,58,119.890168
1.0,54,119.897886
0.0,38,119.903333
1.0,55,119.911221
1.0,52,119.918757
1.0,56,119.926843
1.0,59,119.935265
1.0,58,119.943573
1.0,52,119.951022
0.0,34,119.955944
1.0,55,119.963814
0.0,8,119.964977
1.0,52,119.972445
0.0,43,119.978624
0.0,23,119.98192
1.0,54,119.989656
1.0,56,119.997806
0.0,8,119.999019
0.0,6,119.999899
0.0,19,120.002641
1.0,54,120.010358
1.0,56,120.018416
0.0,4,120.01901
1.0,60,120.027625
0.0,28,120.03164
0.0,23,120.034929
0.0,31,120.039385
0.0,38,120.044824
1.0,55,120.052701
1.0,55,120.06066
1.0,61,120.06943
1.0,51,120.076736
0.0,4,120.077338
1.0,54,120.08508
1.0,59,120.093551
1.0,55,120.101495
0.0,20,120.104365
0.0,39,120.109948
1.0,64,120.119171
0.0,26,120.122908
0.0,31,120.127362
0.0,26,120.131177
0.0,14,120.133203
1.0,52,120.140706
0.0,6,120.141588
0.0,19,120.144327
1.0,51,120.151646
1.0,61,120.16039
1.0,56,120.168456
1.0,56,120.176466
1.0,54,120.18422
0.0,44,120.190538
0.0,14,120.192555
1.0,62,120.20151
0.0,4,120.202114
1.0,54,120.209831
1.0,55,120.217754
1.0,55,120.225631
1.0,59,120.234173
1.0,52,120.241748
1.0,56,120.249778
1.0,59,120.258257
1.0,65,120.267581
1.0,54,120.275394
1.0,56,120.283414
0.0,31,120.287943
1.0,56,120.296
1.0,60,120.30467
1.0,54,120.312485
1.0,52,120.320012
1.0,51,120.32733
0.0,16,120.329642
0.0,17,120.332403
0.0,27,120.336325
1.0,51,120.34375
0.0,27,120.347625
1.0,53,120.355248
0.0,18,120.357847
0.0,19,120.360586
1.0,50,120.367727
1.0,58,120.376005
1.0,51,120.38337
1.0,52,120.391014
1.0,54,120.398757
1.0,54,120.406481
0.0,16,120.408786
1.0,53,120.41653
1.0,61,120.425248
1.0,56,120.433262
0.0,25,120.436858
1.0,51,120.444175
1.0,54,120.452025
0.0,35,120.457095
1.0,52,120.464558
0.0,7,120.465576
1.0,55,120.473452
1.0,58,120.481763
1.0,51,120.489113
1.0,50,120.496275
0.0,43,120.502492
0.0,27,120.506388
0.0,4,120.506987
1.0,54,120.514764
1.0,56,120.522799
1.0,53,120.530377
1.0,61,120.539072
1.0,52,120.546522
1.0,56,120.554594
1.0,59,120.563026
1.0,52,120.570469
0.0,29,120.574612
1.0,55,120.58246
1.0,55,120.590369
1.0,54,120.598105
1.0,56,120.606116
0.0,40,120.611885
0.0,21,120.61502
1.0,57,120.623292
1.0,55,120.631174
1.0,56,120.639189
1.0,55,120.647086
1.0,57,120.65524
1.0,55,120.66315
1.0,55,120.671026
0.0,21,120.674047
0.0,6,120.674929
0.0,44,120.681229
1.0,52,120.688666
0.0,8,120.689831
1.0,56,120.697897
1.0,56,120.705904
1.0,54,120.713602
0.0,15,120.715832
1.0,53,120.723401
0.0,46,120.730162
1.0,55,120.738001
0.0,47,120.744738
1.0,53,120.752322
0.0,17,120.754774
0.0,8,120.755944
1.0,50,120.763147
0.0,16,120.765461
0.0,18,120.768057
1.0,52,120.775507
0.0,18,120.778107
1.0,53,120.785695
1.0,50,120.792875
1.0,56,120.800983
1.0,57,120.809154
1.0,53,120.816813
0.0,17,120.819274
1.0,55,120.827157
1.0,54,120.834998
0.0,38,120.840533
0.0,9,120.841839
0.0,6,120.842723
0.0,6,120.843601
1.0,53,120.851204
1.0,60,120.859806
1.0,60,120.868478
0.0,46,120.875085
0.0,6,120.87596
0.0,18,120.87856
1.0,50,120.885729
1.0,59,120.894189
0.0,17,120.896641
0.0,45,120.903101
0.0,8,120.904359
1.0,52,120.911832
1.0,60,120.920482
1.0,55,120.928346
0.0,36,120.93383
1.0,57,120.942078
1.0,52,120.949527
1.0,54,120.957265
1.0,53,120.96486
0.0,31,120.969366
0.0,6,120.970248
0.0,26,120.974029
0.0,18,120.976634
0.0,14,120.978665
0.0,33,120.983412
1.0,58,120.991717
0.0,12,120.993455
1.0,52,121.000895
1.0,58,121.00927
0.0,15,121.011431
1.0,56,121.019502
1.0,50,121.026673
0.0,17,121.029129
1.0,54,121.037156
0.0,19,121.03991
0.0,39,121.045635
0.0,46,121.052264
0.0,9,121.053842
1.0,63,121.063238
1.0,59,121.071742
1.0,55,121.079974
0.0,6,121.080857
0.0,8,121.08202
0.0,18,121.084661
0.0,32,121.089271
1.0,51,121.096585
0.0,38,121.102061
1.0,52,121.110228
0.0,6,121.111121
1.0,51,121.118641
0.0,12,121.120381
0.0,33,121.125123
0.0,51,121.132492
1.0,57,121.140649
1.0,58,121.149003
0.0,29,121.153261
1.0,61,121.162009
1.0,58,121.17031
1.0,57,121.178476
0.0,28,121.182505
1.0,58,121.190864
1.0,56,121.198904
0.0,17,121.201365
1.0,52,121.208821
0.0,44,121.215134
0.0,21,121.218205
0.0,8,121.219372
1.0,63,121.228471
0.0,45,121.234935
0.0,16,121.237252
0.0,43,121.243441
0.0,31,121.24792
0.0,22,121.251103
1.0,56,121.259195
1.0,53,121.266799
0.0,14,121.268923
0.0,6,121.269807
0.0,23,121.273114
1.0,57,121.281286
1.0,54,121.289084
1.0,58,121.297499
0.0,27,121.301389
1.0,56,121.309572
0.0,23,121.312899
1.0,59,121.321378
1.0,50,121.328615
0.0,30,121.332953
0.0,41,121.338822
1.0,52,121.346316
1.0,58,121.354673
1.0,63,121.363717
1.0,52,121.371174
0.0,14,121.373208
1.0,54,121.38094
0.0,32,121.385545
1.0,57,121.393698
0.0,12,121.395476
1.0,50,121.402639
0.0,27,121.406535
1.0,61,121.415491
0.0,33,121.420302
1.0,52,121.427744
1.0,52,121.435212
0.0,18,121.437798
0.0,35,121.442824
1.0,61,121.451547
1.0,55,121.459429
0.0,18,121.462027
1.0,55,121.469936
1.0,52,121.47741
1.0,61,121.486206
0.0,37,121.491515
1.0,57,121.499693
0.0,23,121.50305
1.0,55,121.510918
0.0,50,121.51815
1.0,54,121.525892
0.0,12,121.527639
0.0,12,121.529372
1.0,61,121.53849
1.0,54,121.546251
0.0,10,121.547705
1.0,55,121.555582
1.0,56,121.563588
1.0,57,121.571797
1.0,60,121.580383
0.0,16,121.582709
1.0,61,121.591431
0.0,35,121.596468
0.0,40,121.602217
0.0,37,121.607573
1.0,63,121.616616
0.0,27,121.620493
1.0,57,121.628636
1.0,54,121.636369
0.0,47,121.643222
1.0,61,121.651938
1.0,57,121.660095
0.0,40,121.665849
1.0,56,121.673865
0.0,4,121.67447
1.0,60,121.683074
1.0,53,121.69068
0.0,14,121.692702
1.0,54,121.700464
1.0,55,121.708338
1.0,57,121.716591
1.0,58,121.724885
1.0,59,121.733401
0.0,18,121.736011
1.0,59,121.74444
1.0,52,121.751939
1.0,58,121.760229
0.0,12,121.761971
0.0,19,121.764723
1.0,55,121.772619
1.0,54,121.780337
1.0,53,121.787976
1.0,61,121.796716
1.0,55,121.804605
0.0,33,121.809359
0.0,35,121.814392
1.0,56,121.822505
0.0,35,121.827535
1.0,53,121.835138
1.0,55,121.843032
0.0,35,121.848059
1.0,55,121.855991
1.0,52,121.863465
0.0,17,121.865928
1.0,52,121.873404
1.0,54,121.881145
1.0,51,121.888501
1.0,58,121.8968
0.0,14,121.898833
0.0,14,121.900859
1.0,62,121.909719
1.0,56,121.917794
0.0,12,121.919542
1.0,60,121.928171
1.0,57,121.936341
0.0,19,121.939088
0.0,12,121.940827
0.0,21,121.943848
1.0,53,121.951453
0.0,12,121.953223
1.0,53,121.960862
1.0,55,121.968752
1.0,53,121.976366
1.0,55,121.984244
1.0,52,121.991708
1.0,51,121.999139
1.0,51,122.006464
0.0,44,122.012774
1.0,55,122.02072
0.0,24,122.024179
0.0,13,122.026049
0.0,23,122.029395
0.0,8,122.030567
1.0,54,122.038308
0.0,38,122.043778
1.0,59,122.052205
0.0,28,122.05623
0.0,6,122.057112
0.0,17,122.059563
1.0,51,122.066949
1.0,56,122.075045
1.0,50,122.082225
0.0,41,122.088108
1.0,52,122.095571
1.0,52,122.103041
1.0,58,122.111343
1.0,53,122.119023
1.0,57,122.127188
1.0,50,122.134423
0.0,19,122.137464
0.0,29,122.141678
1.0,58,122.149954
1.0,58,122.158288
1.0,56,122.166352
0.0,43,122.172554
0.0,46,122.179148
1.0,52,122.186602
1.0,54,122.194354
0.0,18,122.196951
1.0,53,122.204591
1.0,55,122.212471
1.0,60,122.221168
1.0,52,122.228632
1.0,55,122.23651
1.0,57,122.244681
1.0,56,122.252737
0.0,12,122.254489
1.0,50,122.261665
1.0,53,122.269276
0.0,39,122.274922
0.0,36,122.2801
1.0,58,122.288405
1.0,54,122.296135
1.0,54,122.303924
0.0,4,122.304544
0.0,35,122.309713
1.0,58,122.318072
0.0,37,122.323411
1.0,55,122.3313
0.0,10,122.332743
0.0,31,122.33727
1.0,56,122.345326
0.0,10,122.346785
0.0,19,122.349529
1.0,52,122.356984
0.0,4,122.357579
0.0,45,122.364024
1.0,56,122.372032
0.0,19,122.374789
0.0,4,122.375382
1.0,55,122.383292
1.0,55,122.391185
1.0,55,122.399057
1.0,55,122.406919
1.0,56,122.414959
0.0,22,122.41818
1.0,56,122.426187
0.0,12,122.427938
1.0,54,122.435647
0.0,35,122.440863
1.0,56,122.448904
0.0,19,122.451644
1.0,59,122.460091
0.0,21,122.463116
1.0,55,122.470985
0.0,4,122.471579
1.0,55,122.479645
1.0,54,122.487769
1.0,52,122.49527
0.0,36,122.500416
1.0,54,122.508456
1.0,55,122.516406
0.0,34,122.521421
1.0,53,122.529014
1.0,56,122.537061
1.0,59,122.54563
0.0,23,122.548938
1.0,55,122.556831
1.0,56,122.564944
0.0,48,122.571827
0.0,42,122.577853
1.0,62,122.586713
1.0,55,122.594616
1.0,56,122.602623
0.0,6,122.603505
0.0,17,122.605954
1.0,63,122.61494
1.0,57,122.623236
0.0,21,122.626291
0.0,40,122.632079
1.0,56,122.640095
0.0,23,122.643426
0.0,4,122.644026
0.0,35,122.64904
1.0,59,122.657486
0.0,45,122.663969
1.0,50,122.671149
1.0,54,122.67887
1.0,56,122.686872
1.0,52,122.694349
0.0,30,122.698696
0.0,22,122.701867
1.0,53,122.709465
0.0,10,122.710916
1.0,56,122.718993
1.0,50,122.726162
0.0,16,122.728564
0.0,4,122.729177
1.0,54,122.737223
1.0,53,122.744905
1.0,55,122.752765
1.0,52,122.760229
0.0,33,122.764998
1.0,56,122.773052
1.0,58,122.781358
0.0,45,122.787812
1.0,56,122.795815
1.0,52,122.803385
0.0,16,122.805702
1.0,52,122.813149
0.0,35,122.818233
1.0,55,122.826139
0.0,23,122.829465
0.0,12,122.831206
1.0,55,122.839226
1.0,60,122.847815
0.0,37,122.853123
1.0,56,122.861177
0.0,43,122.867348
1.0,57,122.875532
1.0,54,122.883276
0.0,39,122.888885
0.0,14,122.890914
1.0,54,122.898667
1.0,61,122.907399
0.0,19,122.910133
0.0,15,122.912298
1.0,56,122.920406
1.0,52,122.927848
0.0,36,122.933017
1.0,62,122.941906
0.0,8,122.943078
1.0,59,122.951498
1.0,59,122.959938
0.0,19,122.96268
1.0,59,122.971102
1.0,52,122.97859
1.0,55,122.986437
1.0,52,122.993881
1.0,53,123.001482
0.0,39,123.007068
1.0,56,123.015107
0.0,19,123.017894
0.0,12,123.019639
0.0,14,123.021668
1.0,57,123.029827
0.0,17,123.032292
1.0,64,123.041422
1.0,54,123.049201
0.0,20,123.052082
1.0,55,123.059953
1.0,56,123.067981
0.0,40,123.073779
1.0,56,123.081819
1.0,61,123.090549
1.0,58,123.09887
0.0,28,123.102905
0.0,12,123.10465
1.0,54,123.112376
1.0,50,123.11965
1.0,55,123.127519
0.0,30,123.131832
1.0,56,123.139894
0.0,10,123.141349
1.0,53,123.148929
1.0,51,123.156283
1.0,54,123.16403
1.0,53,123.171647
1.0,58,123.17995
0.0,23,123.183267
0.0,44,123.189602
1.0,54,123.197326
1.0,52,123.204776
1.0,62,123.213647
0.0,14,123.215674
1.0,52,123.223189
1.0,57,123.231345
1.0,55,123.239543
0.0,15,123.241722
0.0,4,123.242322
1.0,55,123.250282
1.0,56,123.25836
0.0,37,123.263676
1.0,52,123.271234
1.0,60,123.279849
1.0,55,123.287726
0.0,39,123.29336
1.0,55,123.301236
1.0,59,123.309792
1.0,58,123.318199
1.0,57,123.326398
1.0,53,123.333971
1.0,56,123.34236
0.0,27,123.346289
1.0,52,123.353737
0.0,34,123.358631
0.0,31,123.363134
1.0,50,123.37042
1.0,58,123.378717
1.0,58,123.387011
1.0,58,123.395307
0.0,19,123.398087
0.0,8,123.399266
1.0,55,123.407145
0.0,14,123.409174
0.0,21,123.412195
0.0,16,123.414511
0.0,12,123.416242
0.0,4,123.416834
1.0,57,123.425065
0.0,42,123.431094
1.0,63,123.440118
1.0,54,123.447865
0.0,14,123.449893
0.0,17,123.452432
0.0,4,123.453027
0.0,4,123.453618
1.0,51,123.460922
0.0,14,123.462938
0.0,14,123.464957
1.0,57,123.473147
1.0,55,123.481017
1.0,59,123.489445
1.0,55,123.497306
0.0,31,123.501757
1.0,59,123.510265
1.0,51,123.517563
1.0,54,123.525375
1.0,55,123.533274
0.0,4,123.533868
1.0,56,123.541952
1.0,56,123.549956
0.0,16,123.552267
1.0,55,123.560128
0.0,27,123.564019
0.0,31,123.568476
1.0,57,123.576735
1.0,58,123.585025
1.0,59,123.593458
0.0,35,123.598484
1.0,51,123.605783
1.0,53,123.61346
0.0,39,123.619144
0.0,12,123.620885
1.0,50,123.628128
0.0,9,123.629444
1.0,61,123.638244
1.0,59,123.64694
1.0,62,123.655793
0.0,39,123.661389
1.0,59,123.66982
1.0,55,123.677819
1.0,55,123.685685
0.0,21,123.688724
1.0,61,123.697438
1.0,54,123.705186
1.0,58,123.713591
1.0,61,123.722439
1.0,55,123.730408
0.0,44,123.736724
1.0,53,123.744328
0.0,4,123.744927
0.0,44,123.751267
0.0,36,123.756458
0.0,23,123.759766
0.0,38,123.765213
0.0,46,123.7718
1.0,55,123.77969
0.0,19,123.782438
1.0,55,123.790334
0.0,42,123.796376
1.0,54,123.80414
0.0,13,123.806029
1.0,55,123.813937
1.0,55,123.821947
1.0,57,123.830113
0.0,41,123.836013
1.0,54,123.843771
1.0,55,123.851683
0.0,31,123.85618
1.0,50,123.863368
0.0,44,123.869686
1.0,59,123.878157
1.0,51,123.885497
1.0,54,123.893293
1.0,52,123.90075
0.0,22,123.903913
1.0,51,123.911251
0.0,37,123.916773
0.0,17,123.919273
1.0,57,123.927763
1.0,56,123.936066
0.0,20,123.938977
1.0,59,123.947586
1.0,54,123.955569
0.0,38,123.961115
1.0,51,123.968484
1.0,55,123.976398
1.0,57,123.984612
1.0,56,123.99265
0.0,26,123.996473
0.0,24,123.999981
1.0,52,124.007434
0.0,31,124.011904
0.0,4,124.012504
1.0,57,124.020735
1.0,53,124.028338
1.0,50,124.035561
0.0,14,124.037593
1.0,55,124.045579
0.0,8,124.046761
1.0,57,124.054927
1.0,65,124.064262
1.0,62,124.073226
0.0,12,124.075085
0.0,37,124.080407
1.0,56,124.08844
0.0,26,124.092186
0.0,4,124.092781
1.0,55,124.1007
0.0,38,124.10617
0.0,17,124.108626
1.0,54,124.11638
0.0,40,124.122207
1.0,55,124.130107
1.0,60,124.138779
1.0,55,124.146687
0.0,16,124.148998
1.0,53,124.15662
0.0,8,124.157791
0.0,18,124.160401
1.0,55,124.168321
1.0,54,124.176113
0.0,41,124.182027
1.0,61,124.190766
1.0,60,124.199379
0.0,8,124.200558
1.0,62,124.209479
0.0,42,124.215525
0.0,41,124.221464
1.0,54,124.22922
1.0,52,124.236701
1.0,54,124.244478
1.0,59,124.252946
1.0,57,124.261137
0.0,32,124.265732
1.0,54,124.27351
0.0,20,124.276439
0.0,12,124.278186
1.0,52,124.285666
0.0,14,124.287706
0.0,14,124.28974
1.0,56,124.297783
1.0,56,124.305955
0.0,18,124.308554
0.0,21,124.311631
1.0,54,124.319451
0.0,18,124.322059
1.0,57,124.330231
1.0,52,124.337693
0.0,29,124.341864
1.0,55,124.349779
0.0,23,124.353121
0.0,23,124.356438
1.0,56,124.364488
0.0,17,124.366949
1.0,57,124.37513
0.0,39,124.380767
1.0,56,124.388798
1.0,59,124.397269
1.0,58,124.405577
1.0,54,124.413354
1.0,53,124.42106
0.0,47,124.427826
1.0,55,124.435812
1.0,54,124.443564
1.0,57,124.451774
1.0,58,124.460152
1.0,53,124.467755
0.0,44,124.474061
1.0,56,124.482091
1.0,61,124.490872
0.0,8,124.49204
0.0,16,124.49436
0.0,24,124.497824
1.0,56,124.505864
1.0,55,124.513743
1.0,61,124.522581
1.0,52,124.530058
1.0,56,124.538074
1.0,57,124.546659
0.0,4,124.54726
1.0,66,124.556704
1.0,56,124.564719
1.0,56,124.572783
1.0,56,124.580814
0.0,12,124.582562
1.0,51,124.589891
0.0,4,124.590494
1.0,56,124.598573
1.0,54,124.606286
1.0,54,124.614011
0.0,32,124.618723
1.0,53,124.626488
1.0,62,124.635369
1.0,56,124.643371
1.0,57,124.651566
0.0,26,124.655318
1.0,59,124.663809
1.0,55,124.671675
1.0,54,124.679427
1.0,57,124.687594
0.0,8,124.688765
0.0,26,124.692516
0.0,25,124.696142
0.0,8,124.697316
0.0,6,124.698199
0.0,30,124.702555
1.0,52,124.710016
0.0,45,124.71649
1.0,55,124.72445
1.0,55,124.732454
1.0,55,124.740346
0.0,25,124.743946
1.0,54,124.751694
1.0,58,124.760013
1.0,53,124.767671
0.0,38,124.773156
0.0,16,124.775479
1.0,56,124.783503
0.0,19,124.786251
1.0,53,124.79386
1.0,50,124.80102
0.0,27,124.804925
0.0,19,124.807683
0.0,19,124.810431
0.0,42,124.816492
0.0,33,124.821291
0.0,47,124.828038
1.0,57,124.836186
0.0,44,124.842564
1.0,53,124.85017
1.0,57,124.85835
1.0,53,124.865935
1.0,65,124.875277
1.0,58,124.883575
1.0,55,124.891447
0.0,19,124.894185
0.0,4,124.894788
1.0,52,124.902236
1.0,62,124.911152
1.0,57,124.919408
1.0,56,124.92763
0.0,16,124.929935
0.0,35,124.935086
0.0,8,124.936257
1.0,54,124.944153
0.0,14,124.946177
1.0,56,124.9543
1.0,55,124.962266
1.0,56,124.970378
1.0,58,124.978747
1.0,55,124.986653
1.0,53,124.994272
0.0,46,125.000877
1.0,53,125.00851
1.0,54,125.016321
1.0,61,125.025147
0.0,46,125.031766
1.0,51,125.039094
1.0,67,125.048687
1.0,58,125.056997
1.0,55,125.064877
0.0,6,125.065754
0.0,45,125.072205
0.0,36,125.077404
1.0,59,125.085932
0.0,10,125.087391
0.0,30,125.091708
1.0,52,125.09917
0.0,17,125.101622
1.0,59,125.110085
1.0,56,125.118254
1.0,55,125.126199
1.0,52,125.133682
1.0,55,125.141919
0.0,44,125.148255
0.0,36,125.153511
1.0,57,125.161693
0.0,10,125.1632
1.0,58,125.171572
1.0,55,125.17951
0.0,33,125.18427
1.0,56,125.192324
1.0,58,125.200642
0.0,23,125.203955
1.0,54,125.211708
0.0,6,125.2126
1.0,53,125.220249
1.0,50,125.227514
1.0,52,125.235122
1.0,54,125.24288
0.0,24,125.246348
1.0,52,125.253824
1.0,55,125.261767
1.0,51,125.269201
1.0,50,125.276386
0.0,16,125.27871
0.0,36,125.283882
1.0,51,125.291208
1.0,52,125.298806
0.0,27,125.302695
1.0,53,125.310297
1.0,58,125.318598
0.0,23,125.321953
1.0,52,125.329441
1.0,58,125.33776
1.0,53,125.345386
0.0,8,125.346558
1.0,68,125.356333
1.0,52,125.364069
1.0,58,125.372804
0.0,14,125.374878
0.0,15,125.377076
0.0,4,125.377671
1.0,57,125.385852
1.0,55,125.394153
1.0,54,125.402069
1.0,57,125.410257
1.0,56,125.418356
1.0,54,125.42621
1.0,58,125.434556
1.0,58,125.442857
1.0,54,125.450614
0.0,47,125.457346
0.0,19,125.460107
1.0,51,125.46745
1.0,54,125.47523
1.0,57,125.48338
0.0,4,125.483979
0.0,28,125.488004
0.0,8,125.489179
1.0,52,125.496641
1.0,60,125.505259
1.0,58,125.513577
0.0,4,125.514177
0.0,16,125.516489
1.0,55,125.524417
0.0,18,125.527019
0.0,6,125.527908
1.0,61,125.536622
1.0,55,125.544695
0.0,39,125.550305
1.0,53,125.5579
0.0,33,125.562658
1.0,52,125.570187
0.0,8,125.571362
1.0,52,125.57891
1.0,53,125.58652
1.0,52,125.593989
1.0,52,125.601447
1.0,57,125.609638
0.0,18,125.61224
1.0,58,125.620558
0.0,24,125.624085
1.0,56,125.63211
0.0,6,125.632997
1.0,54,125.640782
1.0,52,125.648281
0.0,34,125.653169
1.0,56,125.661188
1.0,53,125.668784
1.0,61,125.677476
0.0,46,125.684126
1.0,62,125.693001
1.0,54,125.700783
0.0,19,125.703535
1.0,58,125.711849
0.0,6,125.71273
0.0,20,125.715647
0.0,10,125.71709
0.0,12,125.718838
1.0,52,125.72647
0.0,9,125.727772
0.0,39,125.733449
1.0,53,125.74111
1.0,58,125.749858
0.0,23,125.753176
1.0,55,125.761127
0.0,10,125.762585
0.0,12,125.764327
0.0,19,125.767068
0.0,19,125.769802
0.0,14,125.771832
0.0,16,125.774137
0.0,8,125.775304
1.0,61,125.784035
1.0,55,125.791941
0.0,17,125.794398
1.0,52,125.801855
0.0,44,125.808264
1.0,54,125.815998
1.0,52,125.823565
1.0,60,125.832141
1.0,55,125.840039
0.0,43,125.846212
0.0,27,125.850093
1.0,56,125.858156
1.0,56,125.866169
1.0,57,125.87435
1.0,53,125.881958
1.0,56,125.890031
1.0,56,125.89806
0.0,33,125.902803
1.0,63,125.911797
0.0,8,125.912973
1.0,56,125.920994
1.0,57,125.92928
0.0,29,125.933443
1.0,60,125.942097
0.0,39,125.947755
0.0,4,125.948357
1.0,50,125.955559
1.0,63,125.964604
0.0,27,125.968498
1.0,61,125.977209
0.0,19,125.97997
0.0,16,125.982291
0.0,29,125.986455
1.0,52,125.993954
0.0,23,125.99731
1.0,52,126.0048
1.0,53,126.012417
1.0,60,126.020994
0.0,38,126.02653
0.0,40,126.032303
0.0,49,126.039319
0.0,46,126.045912
0.0,17,126.048364
1.0,55,126.056261
1.0,56,126.064299
1.0,59,126.072769
1.0,55,126.080729
0.0,14,126.082759
0.0,17,126.085218
1.0,62,126.094103
1.0,55,126.102007
1.0,60,126.110603
0.0,28,126.114709
1.0,56,126.122854
0.0,41,126.128717
0.0,4,126.129314
1.0,51,126.136628
0.0,6,126.137512
1.0,53,126.145075
1.0,59,126.153607
1.0,54,126.161434
1.0,56,126.16953
0.0,6,126.17042
1.0,61,126.179197
1.0,56,126.187233
1.0,54,126.194956
1.0,50,126.20215
1.0,54,126.209921
0.0,35,126.214976
0.0,23,126.218304
0.0,37,126.223647
0.0,23,126.226968
1.0,55,126.234848
1.0,60,126.243476
1.0,60,126.252089
1.0,54,126.259839
0.0,17,126.26231
0.0,12,126.264061
0.0,12,126.265804
0.0,14,126.26787
1.0,54,126.275611
0.0,42,126.281691
0.0,31,126.286174
1.0,60,126.294788
0.0,6,126.29567
1.0,52,126.303143
0.0,4,126.303744
0.0,18,126.306349
1.0,54,126.314123
1.0,63,126.323216
1.0,51,126.330567
1.0,58,126.338883
0.0,13,126.340794
1.0,53,126.348902
1.0,57,126.357086
0.0,45,126.36355
1.0,53,126.371166
1.0,59,126.37966
0.0,19,126.382452
0.0,4,126.383049
1.0,53,126.39068
1.0,60,126.399296
1.0,53,126.406907
0.0,6,126.407788
1.0,60,126.416401
1.0,52,126.423966
1.0,54,126.43173
0.0,11,126.43333
1.0,54,126.441159
0.0,26,126.444905
1.0,52,126.452402
1.0,50,126.459598
1.0,62,126.468474
1.0,57,126.476662
1.0,55,126.484582
1.0,56,126.492654
0.0,4,126.493254
1.0,53,126.500886
1.0,50,126.508098
1.0,56,126.516116
1.0,60,126.524823
1.0,54,126.532634
1.0,56,126.540731
0.0,20,126.543621
0.0,8,126.544787
0.0,55,126.552686
1.0,53,126.560313
1.0,60,126.568906
1.0,56,126.576935
1.0,55,126.584848
0.0,21,126.587898
1.0,58,126.59625
1.0,60,126.604861
0.0,41,126.610758
1.0,57,126.618938
1.0,52,126.626488
0.0,6,126.627409
1.0,53,126.635064
1.0,55,126.642968
0.0,41,126.648848
0.0,41,126.654761
0.0,29,126.658939
0.0,27,126.662906
0.0,36,126.668095
1.0,50,126.675286
0.0,41,126.68118
0.0,31,126.685648
1.0,54,126.693402
0.0,12,126.695155
0.0,39,126.70084
0.0,38,126.706312
1.0,54,126.714068
0.0,41,126.719961
1.0,57,126.728204
1.0,56,126.736327
1.0,60,126.744899
1.0,52,126.752399
1.0,54,126.760157
1.0,54,126.767944
0.0,38,126.773398
1.0,50,126.780582
1.0,54,126.788339
0.0,9,126.789648
0.0,44,126.795954
1.0,56,126.804394
1.0,52,126.812085
1.0,52,126.819815
0.0,4,126.820413
1.0,52,126.828028
1.0,59,126.836916
1.0,57,126.845174
1.0,54,126.852906
1.0,58,126.861215
1.0,55,126.869096
1.0,56,126.877179
0.0,8,126.878341
1.0,54,126.886085
0.0,17,126.888556
0.0,37,126.893881
1.0,52,126.901358
1.0,56,126.909446
1.0,64,126.91863
1.0,62,126.927583
1.0,53,126.935199
0.0,13,126.937087
1.0,59,126.94568
1.0,55,126.953608
1.0,57,126.962192
1.0,60,126.970804
0.0,8,126.971973
1.0,57,126.980178
0.0,8,126.98135
1.0,53,126.988987
1.0,53,126.996613
0.0,17,126.999111
1.0,65,127.008429
1.0,56,127.016494
1.0,52,127.024051
1.0,61,127.032781
0.0,14,127.034823
0.0,29,127.039006
1.0,65,127.048412
0.0,43,127.054624
0.0,41,127.060519
1.0,61,127.06925
0.0,18,127.07198
1.0,50,127.079135
1.0,53,127.086889
0.0,8,127.088065
0.0,35,127.093107
1.0,56,127.101146
1.0,58,127.109472
0.0,6,127.11036
1.0,60,127.119129
0.0,24,127.122584
1.0,55,127.130526
1.0,55,127.138417
0.0,17,127.140918
0.0,23,127.144445
1.0,52,127.151932
0.0,41,127.157871
1.0,56,127.165884
1.0,58,127.174204
1.0,59,127.182673
0.0,20,127.185549
0.0,12,127.187297
1.0,54,127.195059
1.0,56,127.203094
1.0,55,127.210989
1.0,57,127.219174
0.0,43,127.225415
0.0,27,127.229321
0.0,12,127.231068
0.0,8,127.232235
0.0,37,127.237546
0.0,8,127.238728
1.0,51,127.24605
1.0,52,127.253518
1.0,51,127.26088
1.0,56,127.269
1.0,54,127.276768
1.0,52,127.284223
0.0,8,127.285391
1.0,55,127.29329
1.0,53,127.301023
1.0,54,127.308853
1.0,57,127.31705
1.0,56,127.325146
1.0,57,127.333437
0.0,39,127.339061
1.0,63,127.348078
0.0,16,127.3504
0.0,34,127.355259
1.0,54,127.363016
0.0,39,127.368747
0.0,42,127.374779
0.0,12,127.37651
1.0,54,127.384218
0.0,13,127.386094
1.0,52,127.393557
1.0,50,127.40081
0.0,8,127.401987
0.0,6,127.402874
1.0,53,127.41047
1.0,63,127.419503
1.0,56,127.427588
0.0,31,127.432052
1.0,56,127.440171
0.0,10,127.441614
1.0,58,127.449922
0.0,46,127.456526
0.0,6,127.4574
1.0,52,127.464878
1.0,54,127.47278
1.0,54,127.480543
1.0,54,127.4883
1.0,56,127.496346
1.0,54,127.504087
1.0,53,127.511809
1.0,55,127.519717
0.0,32,127.524396
0.0,21,127.527429
1.0,56,127.53546
1.0,58,127.543932
0.0,27,127.548161
0.0,33,127.552951
1.0,50,127.560329
1.0,54,127.568094
1.0,57,127.576415
1.0,56,127.58451
0.0,43,127.590707
0.0,18,127.593314
0.0,4,127.593912
1.0,60,127.602521
0.0,23,127.60585
0.0,22,127.609031
0.0,4,127.609631
0.0,14,127.611778
1.0,56,127.61984
1.0,58,127.628371
1.0,53,127.636082
1.0,60,127.644797
1.0,54,127.652659
1.0,55,127.660562
1.0,56,127.668609
1.0,52,127.676088
1.0,52,127.68363
0.0,41,127.689516
1.0,51,127.696855
1.0,56,127.704919
0.0,12,127.70666
1.0,57,127.714827
0.0,24,127.718365
1.0,59,127.726879
1.0,53,127.734549
0.0,18,127.737143
1.0,53,127.744756
1.0,56,127.752867
1.0,54,127.760613
0.0,8,127.76188
1.0,53,127.76948
1.0,56,127.777496
0.0,24,127.780941
1.0,61,127.789741
1.0,52,127.797206
1.0,54,127.804945
1.0,54,127.812702
1.0,52,127.82017
1.0,55,127.828214
1.0,54,127.835987
1.0,56,127.844063
1.0,58,127.852385
1.0,59,127.860918
1.0,55,127.868808
0.0,38,127.874264
1.0,54,127.881991
1.0,53,127.889573
1.0,56,127.897685
0.0,38,127.903152
1.0,58,127.911481
0.0,28,127.915519
0.0,40,127.921277
1.0,56,127.929481
1.0,55,127.937355
1.0,57,127.945533
1.0,56,127.953594
1.0,56,127.961656
0.0,12,127.963533
0.0,13,127.96542
1.0,51,127.972755
1.0,54,127.980537
1.0,52,127.988021
1.0,58,127.996342
0.0,33,128.00123
0.0,44,128.007572
0.0,8,128.008744
0.0,8,128.009914
0.0,28,128.013937
1.0,60,128.02255
1.0,56,128.030642
0.0,39,128.036351
0.0,8,128.037521
1.0,55,128.045434
0.0,14,128.047468
0.0,32,128.05208
0.0,10,128.053544
1.0,54,128.061301
1.0,56,128.069432
0.0,15,128.07162
1.0,56,128.079642
0.0,16,128.081945
0.0,6,128.082837
1.0,56,128.090936
0.0,4,128.091539
0.0,19,128.094287
1.0,56,128.102333
1.0,53,128.110018
1.0,55,128.117974
1.0,52,128.125509
1.0,54,128.133264
1.0,55,128.141306
0.0,21,128.144352
1.0,63,128.153375
1.0,60,128.161973
0.0,18,128.16459
0.0,25,128.168204
1.0,54,128.176062
1.0,61,128.184794
0.0,8,128.18597
0.0,16,128.188291
1.0,61,128.19704
1.0,51,128.204385
1.0,54,128.212187
0.0,29,128.216389
0.0,36,128.221578
1.0,54,128.229358
1.0,54,128.237424
1.0,55,128.245566
0.0,38,128.251463
0.0,41,128.25746
0.0,8,128.258849
0.0,23,128.262273
1.0,55,128.270261
1.0,56,128.278398
1.0,53,128.286313
0.0,16,128.28866
1.0,56,128.296728
0.0,28,128.300769
0.0,10,128.302222
1.0,55,128.310101
1.0,59,128.31861
0.0,19,128.321351
1.0,52,128.32886
0.0,41,128.334753
0.0,37,128.340057
1.0,56,128.348069
0.0,27,128.352069
1.0,52,128.35953
0.0,8,128.3607
1.0,57,128.368858
0.0,47,128.375601
0.0,10,128.377059
1.0,57,128.385307
1.0,58,128.393605
1.0,53,128.401216
0.0,18,128.403813
1.0,60,128.412384
0.0,6,128.413267
1.0,53,128.420984
0.0,17,128.423443
1.0,59,128.431989
1.0,52,128.439463
1.0,52,128.446933
1.0,53,128.454649
0.0,4,128.455248
0.0,12,128.456987
1.0,55,128.464883
1.0,54,128.472639
1.0,52,128.480122
0.0,40,128.485874
0.0,46,128.492604
1.0,54,128.500364
0.0,43,128.506537
0.0,8,128.507708
0.0,7,128.508734
0.0,4,128.509332
0.0,6,128.510212
0.0,6,128.511097
0.0,4,128.511685
0.0,38,128.517134
1.0,55,128.525073
1.0,58,128.533374
1.0,58,128.541681
1.0,57,128.549987
0.0,41,128.555893
1.0,61,128.564713
1.0,59,128.57321
0.0,12,128.574948
1.0,57,128.583091
1.0,51,128.590384
1.0,54,128.598197
1.0,58,128.606496
1.0,52,128.613931
1.0,55,128.621809
1.0,53,128.629457
1.0,57,128.637694
1.0,63,128.646717
1.0,56,128.654711
1.0,56,128.662717
1.0,63,128.671786
1.0,61,128.680492
0.0,16,128.682819
0.0,6,128.683691
1.0,67,128.693243
1.0,54,128.701087
1.0,51,128.708418
1.0,56,128.716429
1.0,59,128.724942
0.0,17,128.727388
0.0,7,128.728411
1.0,56,128.736575
1.0,56,128.744579
0.0,29,128.748745
1.0,57,128.756896
0.0,45,128.763354
0.0,29,128.767515
1.0,52,128.77503
1.0,56,128.783043
1.0,56,128.791056
1.0,56,128.799057
1.0,56,128.807156
0.0,38,128.812682
0.0,14,128.814707
1.0,55,128.822537
1.0,59,128.831033
1.0,59,128.839471
1.0,54,128.847329
0.0,12,128.849066
1.0,58,128.857362
1.0,58,128.866084
1.0,52,128.873516
1.0,55,128.88148
1.0,55,128.889357
1.0,50,128.896536
0.0,24,128.900012
1.0,53,128.907599
1.0,54,128.915445
1.0,59,128.923862
1.0,56,128.93196
1.0,56,128.939986
0.0,24,128.943441
1.0,59,128.951977
0.0,22,128.955141
1.0,60,128.963702
1.0,67,128.973272
1.0,55,128.981141
0.0,18,128.983808
1.0,50,128.990994
1.0,56,128.99899
0.0,40,129.004734
1.0,54,129.012482
1.0,52,129.020032
0.0,51,129.027361
1.0,57,129.035517
0.0,6,129.036399
1.0,50,129.04357
0.0,46,129.050166
0.0,4,129.050771
1.0,62,129.059769
0.0,42,129.065817
0.0,35,129.07086
1.0,51,129.07819
1.0,55,129.086101
1.0,57,129.094454
1.0,52,129.101932
1.0,50,129.109113
1.0,51,129.116449
1.0,57,129.124833
0.0,21,129.127975
0.0,22,129.131152
1.0,57,129.139324
0.0,43,129.145478
1.0,59,129.15392
1.0,58,129.162369
1.0,52,129.16986
0.0,47,129.176616
1.0,58,129.184909
0.0,9,129.18622
1.0,56,129.194375
0.0,46,129.200963
1.0,56,129.209046
1.0,62,129.217906
0.0,10,129.21937
0.0,12,129.22112
0.0,4,129.22172
1.0,56,129.229906
0.0,18,129.232513
1.0,53,129.240111
1.0,59,129.248657
1.0,58,129.257011
1.0,56,129.265131
1.0,57,129.273381
1.0,54,129.281163
1.0,54,129.288934
1.0,52,129.296409
0.0,19,129.299246
1.0,53,129.306902
1.0,55,129.314811
1.0,55,129.322688
1.0,50,129.329933
0.0,23,129.333328
1.0,53,129.340943
0.0,25,129.344557
0.0,43,129.350776
0.0,16,129.353165
1.0,52,129.360613
0.0,39,129.366222
1.0,56,129.374307
0.0,27,129.378189
1.0,53,129.385808
1.0,56,129.393871
0.0,31,129.398342
1.0,54,129.40622
0.0,45,129.41268
0.0,21,129.415728
1.0,50,129.422895
1.0,61,129.431705
0.0,25,129.435316
1.0,58,129.444432
1.0,61,129.453156
1.0,52,129.460854
1.0,57,129.469131
1.0,56,129.477183
1.0,57,129.485331
1.0,51,129.492682
1.0,56,129.500695
1.0,60,129.509346
1.0,58,129.517685
0.0,19,129.520479
0.0,6,129.521363
1.0,54,129.529187
1.0,51,129.536526
1.0,50,129.54371
1.0,53,129.551382
1.0,52,129.558845
0.0,4,129.559442
0.0,16,129.561745
0.0,14,129.563777
0.0,36,129.568944
0.0,17,129.571408
0.0,29,129.575597
0.0,33,129.580415
0.0,21,129.583457
0.0,8,129.58463
1.0,56,129.592682
1.0,54,129.600456
1.0,52,129.607933
0.0,14,129.609968
1.0,53,129.617701
1.0,53,129.625303
1.0,56,129.633395
1.0,56,129.641475
1.0,55,129.649386
1.0,53,129.657063
1.0,62,129.665943
1.0,58,129.674327
1.0,50,129.681545
1.0,52,129.689132
0.0,6,129.690165
1.0,54,129.698011
1.0,64,129.707669
1.0,55,129.715597
0.0,8,129.716796
1.0,54,129.724956
0.0,26,129.728797
0.0,6,129.729793
0.0,23,129.733134
1.0,52,129.740632
0.0,18,129.743234
1.0,55,129.751145
0.0,19,129.753886
1.0,54,129.761725
0.0,6,129.762619
1.0,57,129.770779
1.0,58,129.779071
1.0,51,129.786383
0.0,19,129.789123
1.0,60,129.797851
1.0,55,129.805736
0.0,15,129.807903
1.0,51,129.815207
1.0,50,129.822375
1.0,58,129.830863
1.0,53,129.838455
0.0,28,129.842481
0.0,42,129.84851
0.0,16,129.850827
0.0,23,129.854121
0.0,22,129.857294
1.0,59,129.865838
1.0,54,129.873588
1.0,52,129.881054
1.0,55,129.888964
0.0,12,129.890717
1.0,51,129.898109
0.0,42,129.904137
1.0,59,129.912608
1.0,58,129.920924
0.0,19,129.923659
0.0,22,129.926862
1.0,61,129.935691
1.0,59,129.944166
1.0,63,129.953203
0.0,45,129.959682
0.0,25,129.963304
1.0,50,129.970557
1.0,54,129.978277
1.0,53,129.98586
1.0,51,129.993178
1.0,54,130.001021
0.0,35,130.006047
0.0,39,130.011666
0.0,44,130.017984
1.0,55,130.025867
1.0,55,130.033837
1.0,52,130.041417
0.0,4,130.042018
0.0,8,130.043185
1.0,63,130.052288
1.0,55,130.060326
0.0,25,130.064311
0.0,8,130.065504
1.0,51,130.073099
1.0,58,130.081408
1.0,62,130.090436
0.0,25,130.09404
0.0,12,130.095787
1.0,56,130.103822
0.0,23,130.107242
1.0,52,130.114706
1.0,51,130.122044
0.0,29,130.126211
1.0,63,130.135308
0.0,10,130.136761
0.0,21,130.139797
1.0,55,130.147777
1.0,54,130.15555
1.0,53,130.163164
1.0,54,130.170931
1.0,63,130.180063
1.0,56,130.188121
0.0,34,130.193001
0.0,48,130.1999
1.0,57,130.208069
1.0,54,130.215897
1.0,69,130.225762
0.0,33,130.230553
0.0,45,130.237099
1.0,59,130.245641
1.0,50,130.252904
1.0,58,130.261222
0.0,19,130.263967
1.0,58,130.27228
0.0,42,130.278341
0.0,19,130.281086
1.0,62,130.290043
1.0,55,130.297935
1.0,54,130.305817
1.0,61,130.314605
0.0,6,130.315485
1.0,51,130.322915
0.0,12,130.324646
1.0,54,130.332458
1.0,56,130.340492
0.0,4,130.341094
0.0,15,130.343266
0.0,4,130.343864
0.0,21,130.346942
0.0,8,130.348111
0.0,6,130.348993
0.0,44,130.355442
0.0,6,130.356328
1.0,52,130.363788
1.0,58,130.372096
0.0,40,130.37785
0.0,6,130.37874
0.0,43,130.384895
1.0,55,130.392889
0.0,24,130.396345
1.0,60,130.405031
0.0,19,130.407775
1.0,52,130.41525
1.0,56,130.423386
1.0,61,130.432189
0.0,38,130.437664
0.0,42,130.44371
0.0,8,130.444882
0.0,40,130.450637
0.0,19,130.453392
1.0,51,130.460806
1.0,62,130.469688
1.0,55,130.477617
1.0,53,130.485224
0.0,32,130.489834
1.0,54,130.497683
1.0,55,130.505558
0.0,4,130.506161
1.0,51,130.51348
1.0,59,130.521941
1.0,60,130.53066
0.0,17,130.533125
0.0,48,130.53999
1.0,54,130.547745
1.0,54,130.555517
1.0,59,130.564053
0.0,4,130.564655
1.0,55,130.572524
1.0,56,130.58057
0.0,14,130.582597
1.0,55,130.590564
0.0,14,130.592592
1.0,53,130.600346
1.0,59,130.608816
1.0,55,130.61671
0.0,51,130.624057
0.0,4,130.624655
1.0,50,130.632111
1.0,55,130.640153
0.0,10,130.641601
0.0,38,130.647082
0.0,37,130.652398
0.0,15,130.654565
1.0,52,130.66226
1.0,52,130.670022
0.0,43,130.676202
0.0,27,130.680101
1.0,58,130.68847
1.0,51,130.6958
1.0,56,130.703849
0.0,29,130.708125
0.0,2,130.708436
0.0,43,130.714618
0.0,37,130.719916
0.0,42,130.725936
0.0,37,130.731375
1.0,53,130.739039
0.0,39,130.744704
1.0,61,130.753452
0.0,19,130.756218
1.0,52,130.763696
1.0,55,130.771574
0.0,10,130.773029
1.0,59,130.78157
0.0,26,130.785302
1.0,54,130.793064
1.0,56,130.801104
1.0,54,130.80886
1.0,52,130.816431
0.0,31,130.820888
0.0,21,130.823939
1.0,56,130.832031
0.0,37,130.83741
0.0,30,130.841727
1.0,61,130.850519
1.0,53,130.858122
0.0,42,130.864156
1.0,61,130.872866
1.0,50,130.880104
0.0,4,130.8807
0.0,36,130.885873
1.0,56,130.893892
0.0,4,130.894491
1.0,62,130.903348
0.0,8,130.904519
1.0,53,130.912129
1.0,53,130.919833
1.0,56,130.927912
1.0,53,130.935498
1.0,57,130.943662
1.0,57,130.951887
1.0,54,130.959636
0.0,29,130.963812
0.0,14,130.965847
0.0,47,130.972579
0.0,18,130.975171
1.0,57,130.983329
0.0,9,130.984632
1.0,52,130.992119
1.0,58,131.000431
1.0,53,131.008035
0.0,20,131.010935
1.0,53,131.018556
0.0,43,131.024821
0.0,45,131.031355
1.0,55,131.039252
1.0,54,131.046992
1.0,60,131.055659
1.0,52,131.063153
1.0,53,131.070759
1.0,55,131.07865
1.0,62,131.08753
1.0,60,131.096281
0.0,33,131.101038
1.0,60,131.109639
0.0,48,131.116498
1.0,52,131.123985
1.0,59,131.132569
0.0,40,131.138661
0.0,41,131.144643
1.0,57,131.153233
0.0,14,131.155263
1.0,58,131.163821
0.0,14,131.165849
0.0,8,131.167021
1.0,56,131.175421
1.0,55,131.183384
0.0,14,131.185419
0.0,23,131.188768
1.0,61,131.197552
1.0,62,131.206472
1.0,56,131.214495
0.0,14,131.216515
0.0,13,131.218407
1.0,58,131.226756
1.0,50,131.234063
1.0,53,131.24176
1.0,55,131.249684
1.0,52,131.257198
1.0,59,131.265796
0.0,16,131.268283
1.0,54,131.276024
0.0,16,131.278676
0.0,38,131.284181
0.0,30,131.28851
1.0,54,131.296263
1.0,57,131.304608
1.0,57,131.312832
1.0,53,131.320464
1.0,54,131.328259
1.0,54,131.336013
1.0,64,131.345317
1.0,58,131.353653
0.0,20,131.356534
0.0,27,131.360481
0.0,12,131.362228
0.0,16,131.364547
0.0,36,131.36979
0.0,29,131.374084
0.0,35,131.37912
1.0,56,131.387136
0.0,19,131.389889
0.0,16,131.392212
1.0,52,131.399707
1.0,56,131.407868
1.0,58,131.416195
0.0,12,131.417937
1.0,57,131.426153
0.0,25,131.429842
1.0,55,131.437734
1.0,52,131.445349
1.0,54,131.453105
1.0,54,131.46085
1.0,54,131.468608
1.0,59,131.477058
1.0,55,131.485071
0.0,36,131.490242
0.0,24,131.493714
1.0,56,131.501728
0.0,14,131.503764
0.0,30,131.508081
1.0,52,131.515659
1.0,53,131.523273
1.0,52,131.530813
0.0,39,131.536423
1.0,56,131.544462
1.0,57,131.552886
0.0,21,131.55593
0.0,4,131.556527
0.0,32,131.561131
1.0,52,131.568606
0.0,26,131.572364
1.0,53,131.580051
1.0,52,131.587635
0.0,41,131.59354
1.0,56,131.601587
1.0,62,131.610467
0.0,47,131.617264
1.0,62,131.626283
1.0,55,131.634388
1.0,54,131.642172
0.0,11,131.643821
1.0,55,131.65173
0.0,29,131.656013
1.0,56,131.664042
0.0,29,131.668257
1.0,51,131.675589
1.0,56,131.683646
1.0,53,131.691297
0.0,39,131.6969
1.0,50,131.704112
1.0,54,131.711864
1.0,56,131.719918
1.0,52,131.727484
1.0,57,131.735778
0.0,22,131.738944
1.0,58,131.747243
1.0,54,131.754992
1.0,54,131.762802
0.0,4,131.763402
0.0,42,131.769408
0.0,40,131.775142
1.0,55,131.783014
1.0,57,131.791152
1.0,56,131.799255
0.0,21,131.802279
1.0,61,131.811008
0.0,18,131.813657
1.0,50,131.82083
1.0,53,131.828413
1.0,52,131.835946
1.0,51,131.843267
0.0,34,131.848166
0.0,6,131.849052
0.0,14,131.851086
1.0,59,131.859538
1.0,54,131.867683
1.0,56,131.875773
1.0,57,131.883933
1.0,54,131.891708
0.0,39,131.897319
0.0,31,131.901866
0.0,41,131.907771
0.0,40,131.913537
0.0,6,131.914424
1.0,52,131.921942
1.0,52,131.929456
1.0,54,131.937306
0.0,21,131.940353
0.0,18,131.942969
0.0,16,131.945287
1.0,53,131.952939
1.0,52,131.960411
0.0,28,131.964447
0.0,4,131.965044
0.0,12,131.96679
1.0,56,131.97489
0.0,46,131.981502
1.0,51,131.988829
1.0,55,131.996706
1.0,56,132.004833
1.0,63,132.013871
1.0,60,132.022488
0.0,31,132.026952
1.0,60,132.03562
1.0,56,132.043803
0.0,33,132.048565
0.0,21,132.051611
1.0,56,132.059658
1.0,54,132.067426
1.0,50,132.07474
1.0,57,132.083123
1.0,53,132.091418
0.0,10,132.092878
1.0,52,132.100491
0.0,18,132.103157
1.0,66,132.112747
0.0,23,132.116085
0.0,43,132.122288
1.0,58,132.130766
1.0,50,132.137968
1.0,54,132.145805
1.0,64,132.154981
0.0,16,132.157295
1.0,57,132.165432
0.0,4,132.166033
1.0,54,132.173799
0.0,6,132.174692
0.0,41,132.180665
1.0,60,132.189272
1.0,58,132.197611
1.0,50,132.204824
1.0,52,132.212336
0.0,20,132.215239
1.0,55,132.223206
1.0,62,132.232154
1.0,55,132.240031
1.0,52,132.247545
1.0,61,132.256397
1.0,57,132.264574
1.0,54,132.272377
1.0,50,132.279567
1.0,55,132.287562
1.0,59,132.296027
0.0,4,132.296628
1.0,62,132.305503
1.0,53,132.313126
1.0,52,132.320592
0.0,25,132.324285
1.0,60,132.332991
1.0,61,132.341741
0.0,14,132.343767
0.0,16,132.346086
0.0,31,132.350545
1.0,50,132.35782
1.0,57,132.366019
0.0,18,132.368627
0.0,21,132.371668
0.0,19,132.374414
1.0,61,132.383157
1.0,61,132.391978
0.0,14,132.394006
0.0,35,132.399067
1.0,55,132.406971
0.0,47,132.413718
0.0,6,132.414613
1.0,58,132.422919
0.0,35,132.428076
1.0,52,132.435745
0.0,30,132.440062
0.0,45,132.446558
1.0,56,132.454673
1.0,55,132.462711
1.0,54,132.470866
1.0,55,132.478796
1.0,52,132.486294
0.0,13,132.488183
1.0,54,132.495933
1.0,51,132.503373
1.0,55,132.51127
0.0,33,132.516034
1.0,54,132.523835
0.0,43,132.530098
1.0,53,132.5378
0.0,6,132.538692
1.0,55,132.546585
1.0,53,132.554217
0.0,14,132.556251
1.0,60,132.564846
1.0,54,132.572701
1.0,56,132.580731
1.0,53,132.58867
1.0,55,132.596738
1.0,64,132.60632
0.0,14,132.608358
1.0,57,132.616778
1.0,60,132.625598
0.0,4,132.626209
0.0,8,132.627521
1.0,52,132.635155
1.0,57,132.64344
1.0,57,132.651627
1.0,58,132.65995
0.0,29,132.664172
1.0,57,132.672487
1.0,53,132.680102
0.0,31,132.684579
1.0,55,132.692469
0.0,27,132.696356
0.0,21,132.699402
0.0,9,132.700718
1.0,54,132.708596
1.0,52,132.716089
1.0,59,132.724565
1.0,55,132.732592
0.0,47,132.739335
1.0,52,132.747028
1.0,59,132.755478
1.0,53,132.763095
0.0,6,132.763983
1.0,60,132.772586
0.0,19,132.775348
1.0,59,132.783894
1.0,53,132.791482
1.0,52,132.798945
0.0,4,132.79954
1.0,55,132.80742
1.0,61,132.816259
1.0,58,132.824582
1.0,57,132.832815
1.0,58,132.84126
1.0,52,132.84887
0.0,6,132.849756
0.0,30,132.854051
1.0,54,132.861827
1.0,53,132.86942
0.0,20,132.872307
1.0,56,132.880341
0.0,24,132.88389
1.0,56,132.891927
1.0,58,132.900248
1.0,55,132.908143
1.0,54,132.915933
0.0,16,132.918242
1.0,52,132.925808
0.0,48,132.932773
0.0,33,132.937526
1.0,56,132.945613
1.0,53,132.953233
0.0,31,132.957782
1.0,54,132.965534
0.0,38,132.971044
1.0,56,132.97907
1.0,55,132.986974
1.0,56,132.995117
1.0,56,133.003163
1.0,56,133.011199
1.0,57,133.019356
1.0,57,133.027646
1.0,54,133.035497
1.0,57,133.043696
0.0,4,133.044296
1.0,53,133.051988
1.0,60,133.060674
1.0,55,133.068955
1.0,55,133.076951
0.0,8,133.078128
1.0,53,133.085737
0.0,43,133.091939
0.0,4,133.092539
1.0,57,133.100909
1.0,71,133.11106
1.0,55,133.118962
1.0,53,133.12657
1.0,54,133.134524
1.0,61,133.143281
1.0,52,133.15104
1.0,53,133.158656
1.0,54,133.1665
0.0,39,133.172103
1.0,51,133.179507
0.0,14,133.181549
1.0,57,133.189817
0.0,21,133.192892
0.0,10,133.194385
0.0,38,133.199965
1.0,53,133.207596
0.0,24,133.21106
1.0,54,133.218815
0.0,39,133.224422
0.0,4,133.225023
1.0,53,133.232671
0.0,40,133.238866
0.0,38,133.244318
0.0,21,133.247386
1.0,51,133.254969
1.0,56,133.263002
0.0,41,133.268997
1.0,60,133.277721
0.0,40,133.28349
1.0,58,133.291814
1.0,62,133.300696
1.0,58,133.309111
0.0,40,133.314924
0.0,19,133.317667
0.0,44,133.32399
0.0,14,133.326015
0.0,12,133.327759
1.0,58,133.336103
1.0,53,133.343834
1.0,53,133.351447
0.0,48,133.35856
1.0,55,133.366498
1.0,55,133.374439
1.0,54,133.382266
1.0,58,133.390561
0.0,8,133.391731
0.0,23,133.395056
1.0,61,133.403808
1.0,59,133.412366
1.0,53,133.419945
1.0,54,133.427713
1.0,56,133.43582
1.0,50,133.442992
1.0,55,133.450953
1.0,54,133.458674
1.0,54,133.466424
0.0,29,133.470602
0.0,16,133.472919
1.0,59,133.481461
0.0,18,133.484065
1.0,57,133.492257
0.0,4,133.492857
0.0,43,133.499034
1.0,63,133.508059
0.0,19,133.5108
1.0,60,133.51948
0.0,20,133.522364
0.0,15,133.524525
0.0,41,133.53041
1.0,56,133.538521
1.0,70,133.548532
1.0,57,133.556777
1.0,58,133.565119
0.0,6,133.565999
0.0,34,133.570904
1.0,62,133.579771
1.0,51,133.587223
1.0,58,133.595538
1.0,52,133.603007
1.0,56,133.611079
1.0,54,133.61884
0.0,39,133.624556
1.0,54,133.632343
1.0,54,133.640117
1.0,59,133.648574
1.0,54,133.656304
1.0,53,133.663958
1.0,53,133.671888
0.0,33,133.676681
1.0,54,133.684413
1.0,55,133.692399
1.0,56,133.700505
1.0,55,133.708496
1.0,50,133.715688
0.0,17,133.718156
0.0,40,133.723972
1.0,54,133.731918
1.0,60,133.740531
1.0,51,133.747866
0.0,39,133.753483
1.0,55,133.761369
0.0,14,133.763484
1.0,55,133.771372
1.0,50,133.778575
0.0,4,133.779175
1.0,52,133.786667
1.0,50,133.79384
1.0,56,133.801983
1.0,53,133.809651
1.0,56,133.817708
1.0,52,133.825173
1.0,54,133.833127
1.0,53,133.840751
1.0,55,133.848658
1.0,56,133.856701
0.0,41,133.862619
0.0,40,133.868455
1.0,52,133.875934
0.0,19,133.87869
0.0,10,133.880143
1.0,54,133.887885
1.0,53,133.895525
0.0,4,133.896128
1.0,52,133.903705
1.0,57,133.911888
1.0,55,133.919827
1.0,57,133.928
1.0,54,133.93583
1.0,56,133.943953
1.0,54,133.951738
1.0,52,133.959222
0.0,22,133.96241
0.0,45,133.968875
1.0,60,133.977523
1.0,55,133.985401
0.0,40,133.991143
0.0,39,133.99676
0.0,24,134.000204
1.0,56,134.008306
1.0,54,134.016062
1.0,52,134.023522
0.0,10,134.024978
0.0,33,134.029989
1.0,60,134.038647
0.0,27,134.042938
1.0,60,134.051656
1.0,60,134.060399
1.0,55,134.068707
1.0,53,134.076363
1.0,53,134.084091
0.0,4,134.084691
1.0,55,134.092575
1.0,51,134.099964
0.0,47,134.106732
1.0,52,134.114377
0.0,16,134.116697
1.0,50,134.123939
1.0,53,134.131542
1.0,58,134.139906
1.0,56,134.147994
1.0,55,134.155981
0.0,10,134.157415
1.0,53,134.16504
1.0,62,134.173926
0.0,18,134.176623
1.0,50,134.183809
1.0,50,134.191085
1.0,50,134.198275
1.0,54,134.206043
1.0,56,134.214079
1.0,55,134.222061
1.0,56,134.230107
1.0,70,134.240169
1.0,56,134.248229
1.0,58,134.256618
0.0,42,134.262669
1.0,56,134.271145
0.0,17,134.273602
1.0,57,134.281802
0.0,38,134.287283
0.0,25,134.290926
1.0,56,134.298959
0.0,19,134.301715
1.0,59,134.310203
1.0,57,134.318367
0.0,21,134.321397
1.0,57,134.329665
1.0,65,134.339046
1.0,56,134.347068
1.0,56,134.355124
1.0,50,134.362424
1.0,60,134.371105
1.0,51,134.378449
1.0,57,134.386613
1.0,54,134.394327
0.0,16,134.396738
0.0,42,134.402747
1.0,53,134.410349
1.0,52,134.417798
1.0,50,134.424989
1.0,56,134.43323
0.0,49,134.44026
1.0,56,134.448308
1.0,55,134.456226
1.0,51,134.463556
0.0,17,134.466109
1.0,56,134.4742
0.0,38,134.479674
1.0,52,134.487133
0.0,10,134.488573
1.0,55,134.496437
0.0,41,134.502404
0.0,42,134.5084
1.0,52,134.515859
0.0,23,134.519191
1.0,50,134.526352
1.0,51,134.53369
0.0,12,134.535555
0.0,43,134.541703
1.0,61,134.550423
1.0,56,134.558556
1.0,54,134.566298
0.0,39,134.571944
1.0,50,134.579199
0.0,16,134.581509
0.0,28,134.585541
1.0,51,134.592897
1.0,52,134.600359
1.0,52,134.607935
0.0,8,134.609103
0.0,10,134.610556
1.0,53,134.618149
1.0,52,134.625703
1.0,58,134.634082
0.0,18,134.636695
0.0,31,134.641271
1.0,51,134.648583
0.0,39,134.654184
0.0,43,134.660355
0.0,37,134.665676
1.0,63,134.674688
0.0,12,134.67654
0.0,38,134.682001
0.0,44,134.688334
1.0,61,134.69706
0.0,25,134.700651
1.0,64,134.709838
0.0,48,134.716828
0.0,23,134.720133
1.0,54,134.727886
1.0,55,134.735905
0.0,28,134.739944
1.0,55,134.747955
0.0,40,134.753705
1.0,58,134.761998
1.0,53,134.769618
0.0,13,134.771503
0.0,36,134.776673
1.0,57,134.784938
0.0,8,134.786113
0.0,44,134.792494
1.0,52,134.799968
1.0,65,134.809271
1.0,55,134.817291
1.0,52,134.824772
0.0,43,134.83095
0.0,28,134.835055
1.0,51,134.842373
1.0,67,134.852026
1.0,55,134.85997
1.0,52,134.867429
1.0,54,134.875534
1.0,56,134.883563
0.0,45,134.890106
0.0,8,134.891281
1.0,54,134.899033
0.0,10,134.900483
0.0,21,134.903555
0.0,37,134.90887
0.0,32,134.913474
1.0,54,134.921224
1.0,57,134.929471
0.0,26,134.933249
1.0,55,134.941137
1.0,60,134.949736
0.0,35,134.954762
1.0,51,134.962184
0.0,16,134.964514
1.0,57,134.97269
0.0,19,134.975433
0.0,16,134.977737
1.0,56,134.985754
1.0,52,134.993274
1.0,53,135.000873
1.0,61,135.009595
0.0,10,135.011054
1.0,53,135.018642
1.0,56,135.026637
1.0,54,135.034541
1.0,57,135.042689
0.0,23,135.046002
0.0,46,135.052591
1.0,56,135.060607
0.0,32,135.065315
1.0,57,135.073498
0.0,40,135.079252
0.0,31,135.083708
1.0,54,135.091438
0.0,44,135.097857
1.0,59,135.106394
0.0,16,135.108716
1.0,53,135.116373
1.0,57,135.124638
1.0,55,135.132609
1.0,54,135.140621
1.0,51,135.148022
1.0,66,135.157518
0.0,21,135.1606
1.0,57,135.168919
1.0,58,135.177211
1.0,54,135.184934
1.0,52,135.192422
1.0,56,135.200454
1.0,56,135.208626
1.0,55,135.216516
0.0,25,135.220122
0.0,49,135.227112
1.0,59,135.235657
1.0,62,135.244684
0.0,4,135.245287
1.0,58,135.253605
1.0,57,135.261788
0.0,41,135.267679
0.0,25,135.271378
1.0,53,135.279287
1.0,57,135.287734
1.0,58,135.296043
0.0,39,135.301633
0.0,21,135.304655
1.0,54,135.312559
1.0,54,135.320276
0.0,23,135.323577
1.0,54,135.331285
1.0,52,135.338809
0.0,21,135.341835
1.0,58,135.350196
1.0,54,135.357908
0.0,43,135.36406
1.0,53,135.371715
1.0,60,135.380359
1.0,57,135.3885
1.0,54,135.396243
1.0,51,135.403573
1.0,56,135.411593
1.0,54,135.419418
0.0,20,135.422289
1.0,52,135.429725
0.0,25,135.433431
0.0,14,135.435461
1.0,56,135.443467
0.0,25,135.447061
0.0,15,135.449327
1.0,52,135.456777
1.0,60,135.465369
0.0,50,135.47283
1.0,53,135.480816
0.0,14,135.482842
1.0,50,135.490203
0.0,14,135.492371
0.0,19,135.495258
0.0,8,135.496459
0.0,46,135.503194
1.0,54,135.510927
1.0,53,135.51892
1.0,53,135.526688
0.0,29,135.530858
1.0,55,135.538829
0.0,25,135.542434
1.0,60,135.551039
1.0,52,135.558604
1.0,57,135.566765
1.0,55,135.574654
1.0,53,135.582236
0.0,23,135.585537
1.0,51,135.592957
1.0,59,135.601397
1.0,57,135.609551
1.0,57,135.617699
1.0,53,135.625451
0.0,40,135.631315
1.0,56,135.639448
1.0,53,135.647081
0.0,22,135.650245
0.0,4,135.650847
1.0,52,135.658331
0.0,30,135.662718
1.0,54,135.670433
0.0,38,135.675869
1.0,61,135.684572
1.0,57,135.692703
1.0,58,135.701072
1.0,51,135.708404
0.0,43,135.714568
1.0,56,135.72263
1.0,58,135.731058
1.0,57,135.739275
1.0,54,135.746977
1.0,56,135.754993
0.0,12,135.756735
0.0,21,135.759746
0.0,24,135.763262
0.0,31,135.767782
0.0,4,135.768379
0.0,8,135.769547
0.0,20,135.77243
0.0,39,135.778029
1.0,55,135.785911
1.0,53,135.793498
1.0,53,135.801191
0.0,21,135.804213
0.0,44,135.810528
1.0,57,135.818676
1.0,56,135.826695
1.0,51,135.834063
1.0,60,135.842764
0.0,23,135.846073
1.0,57,135.854234
0.0,10,135.85569
1.0,53,135.863305
1.0,50,135.870485
1.0,52,135.878057
0.0,25,135.881672
1.0,54,135.8894
0.0,41,135.895314
1.0,55,135.903207
0.0,44,135.90972
0.0,20,135.91261
1.0,53,135.920201
0.0,19,135.922945
1.0,53,135.93054
0.0,23,135.933853
0.0,50,135.941106
1.0,54,135.948966
1.0,52,135.956424
0.0,20,135.959318
1.0,52,135.966763
1.0,56,135.974766
1.0,62,135.983728
1.0,53,135.991338
1.0,55,135.999226
1.0,54,136.00696
1.0,51,136.014391
0.0,46,136.021007
1.0,60,136.029601
1.0,52,136.037136
1.0,52,136.044636
1.0,58,136.053028
1.0,54,136.060914
0.0,48,136.067794
1.0,53,136.07565
0.0,18,136.078246
0.0,25,136.082096
1.0,52,136.089564
0.0,6,136.090451
1.0,56,136.098473
1.0,52,136.105942
0.0,17,136.108526
0.0,33,136.113262
1.0,53,136.120975
0.0,15,136.123147
0.0,40,136.128891
1.0,51,136.136236
1.0,53,136.143817
0.0,12,136.145558
0.0,30,136.149898
0.0,6,136.150788
1.0,57,136.159165
0.0,37,136.164496
1.0,55,136.172361
1.0,53,136.179964
1.0,57,136.188207
1.0,54,136.195925
0.0,40,136.201663
0.0,24,136.20511
1.0,56,136.213139
0.0,21,136.216162
1.0,60,136.224869
0.0,22,136.228044
1.0,61,136.236818
1.0,50,136.244008
1.0,51,136.251338
1.0,53,136.259043
1.0,54,136.266806
1.0,56,136.27486
0.0,25,136.278453
1.0,52,136.285908
1.0,56,136.294037
0.0,44,136.300354
1.0,61,136.30907
1.0,61,136.317791
1.0,54,136.325719
0.0,39,136.331456
0.0,19,136.33419
1.0,55,136.342261
1.0,54,136.349981
1.0,55,136.357877
0.0,23,136.361199
0.0,49,136.36833
0.0,4,136.368926
1.0,59,136.377458
1.0,57,136.385684
0.0,36,136.390877
1.0,54,136.398733
1.0,60,136.407335
1.0,55,136.415217
1.0,54,136.422963
1.0,57,136.431147
1.0,52,136.438787
1.0,57,136.446951
0.0,22,136.450128
1.0,50,136.457295
0.0,40,136.463049
0.0,34,136.467933
1.0,56,136.476041
1.0,50,136.48321
1.0,55,136.491146
1.0,56,136.499146
0.0,23,136.502464
1.0,55,136.510439
1.0,59,136.518872
1.0,58,136.52715
1.0,56,136.535229
1.0,56,136.54332
0.0,41,136.549204
1.0,62,136.558075
0.0,17,136.560526
1.0,52,136.567964
1.0,55,136.575909
1.0,52,136.583358
1.0,56,136.591399
0.0,31,136.595862
0.0,12,136.597604
1.0,57,136.605741
1.0,54,136.613605
1.0,65,136.622909
1.0,58,136.631205
1.0,63,136.640287
0.0,40,136.646112
0.0,13,136.64804
1.0,58,136.656342
0.0,4,136.65694
1.0,53,136.66455
1.0,62,136.673496
1.0,58,136.682038
1.0,57,136.69019
0.0,12,136.691939
1.0,54,136.699674
1.0,61,136.70842
0.0,25,136.712061
0.0,44,136.718431
1.0,57,136.726593
0.0,12,136.728324
0.0,22,136.731592
0.0,14,136.733616
0.0,45,136.74013
1.0,57,136.7483
1.0,64,136.757516
0.0,24,136.760969
1.0,52,136.768418
1.0,57,136.776621
1.0,54,136.784362
0.0,30,136.788744
1.0,51,136.796041
0.0,29,136.800231
1.0,56,136.808244
1.0,54,136.815971
0.0,45,136.822532
1.0,64,136.831718
0.0,29,136.835935
1.0,58,136.844243
1.0,55,136.852106
0.0,23,136.855469
1.0,58,136.863795
1.0,54,136.871545
0.0,6,136.872429
1.0,53,136.880042
1.0,53,136.887636
1.0,54,136.895452
1.0,54,136.903188
1.0,54,136.910932
1.0,51,136.918553
0.0,38,136.924016
0.0,24,136.927656
1.0,52,136.935268
0.0,22,136.938483
0.0,21,136.941493
1.0,52,136.949054
0.0,27,136.953136
1.0,52,136.960646
0.0,16,136.963077
1.0,60,136.971693
1.0,56,136.979729
0.0,45,136.986176
1.0,60,136.994749
1.0,52,137.002352
1.0,52,137.009779
0.0,10,137.011226
1.0,55,137.019087
0.0,26,137.022816
0.0,29,137.026988
0.0,14,137.029012
0.0,18,137.031689
1.0,56,137.039766
1.0,60,137.048357
0.0,6,137.04925
0.0,49,137.056269
0.0,55,137.064149
0.0,19,137.066993
0.0,25,137.070582
1.0,54,137.078288
1.0,57,137.086429
0.0,16,137.088743
1.0,56,137.096779
1.0,57,137.105049
1.0,55,137.112933
1.0,58,137.121314
1.0,57,137.12951
1.0,52,137.137122
0.0,4,137.137717
0.0,16,137.140027
0.0,43,137.146199
0.0,38,137.151651
0.0,16,137.153957
0.0,37,137.159285
0.0,40,137.165012
1.0,52,137.172535
0.0,37,137.177849
1.0,57,137.186012
1.0,57,137.194185
1.0,53,137.201765
0.0,24,137.205202
1.0,55,137.213101
1.0,58,137.221371
1.0,58,137.229685
1.0,55,137.237589
0.0,6,137.238467
0.0,35,137.243551
0.0,15,137.245704
1.0,58,137.254004
1.0,65,137.263286
1.0,54,137.271126
1.0,53,137.279075
1.0,56,137.287123
0.0,16,137.289435
1.0,53,137.297056
1.0,57,137.305225
1.0,60,137.313862
0.0,27,137.317746
0.0,20,137.320628
0.0,40,137.326373
1.0,53,137.334245
0.0,49,137.341332
0.0,36,137.346713
1.0,51,137.354069
0.0,38,137.359517
0.0,6,137.360394
0.0,8,137.361543
1.0,56,137.369543
0.0,33,137.374262
0.0,37,137.379647
0.0,37,137.384981
1.0,58,137.393284
0.0,36,137.398455
1.0,54,137.406201
1.0,56,137.414208
0.0,39,137.419854
1.0,50,137.427026
1.0,55,137.434917
0.0,7,137.436009
1.0,56,137.444038
1.0,50,137.451281
1.0,60,137.459891
1.0,52,137.467347
0.0,22,137.470518
1.0,52,137.477967
0.0,46,137.484572
0.0,22,137.48774
1.0,58,137.496063
1.0,51,137.503383
1.0,57,137.511547
1.0,52,137.519022
1.0,59,137.52751
0.0,32,137.53212
0.0,25,137.535724
1.0,53,137.543353
1.0,52,137.550806
1.0,51,137.558236
1.0,54,137.566013
0.0,21,137.569047
0.0,9,137.570351
0.0,42,137.576392
1.0,52,137.583922
0.0,14,137.585946
1.0,52,137.593453
1.0,53,137.601049
1.0,54,137.60878
0.0,31,137.613243
1.0,56,137.621273
0.0,34,137.626152
0.0,7,137.627174
1.0,56,137.635211
1.0,55,137.643172
1.0,52,137.650599
0.0,31,137.655063
0.0,35,137.660076
1.0,50,137.667316
0.0,29,137.671494
1.0,54,137.679233
1.0,51,137.686553
1.0,57,137.694726
0.0,45,137.701201
0.0,8,137.702381
1.0,54,137.71015
1.0,55,137.71805
0.0,15,137.720224
0.0,8,137.72139
0.0,45,137.727822
1.0,53,137.735556
0.0,18,137.738217
1.0,52,137.745664
1.0,56,137.75369
1.0,59,137.762213
1.0,52,137.769737
1.0,60,137.77901
0.0,40,137.784754
0.0,45,137.791203
1.0,63,137.800241
1.0,58,137.808637
1.0,55,137.816521
0.0,38,137.822085
1.0,54,137.829829
0.0,27,137.833724
1.0,58,137.842177
1.0,51,137.849496
0.0,18,137.852098
1.0,57,137.860278
1.0,50,137.867451
1.0,60,137.87622
1.0,66,137.885776
1.0,56,137.89381
1.0,53,137.901423
1.0,58,137.909877
0.0,24,137.913337
1.0,50,137.920538
1.0,54,137.928298
0.0,30,137.932615
1.0,54,137.940428
0.0,6,137.941311
1.0,53,137.949002
1.0,50,137.956174
1.0,51,137.963459
1.0,56,137.971471
1.0,56,137.979505
0.0,4,137.980209
1.0,59,137.988641
1.0,54,137.996378
1.0,60,138.004975
1.0,50,138.012163
0.0,17,138.014629
0.0,32,138.019343
0.0,43,138.025518
0.0,47,138.032244
0.0,4,138.032841
0.0,14,138.034872
1.0,61,138.043685
1.0,57,138.051943
1.0,53,138.059553
1.0,54,138.067291
1.0,53,138.074891
0.0,19,138.077629
1.0,53,138.085212
1.0,56,138.09334
1.0,54,138.10108
1.0,58,138.109385
1.0,53,138.117012
1.0,58,138.125489
1.0,57,138.133651
0.0,34,138.138594
0.0,27,138.142493
0.0,37,138.14783
0.0,4,138.14843
1.0,54,138.156269
1.0,54,138.164001
1.0,54,138.171741
1.0,55,138.179599
1.0,52,138.187052
1.0,52,138.194527
1.0,58,138.20284
0.0,6,138.203728
0.0,30,138.20805
1.0,54,138.215842
0.0,39,138.22143
1.0,55,138.229383
1.0,56,138.237762
1.0,54,138.245504
1.0,52,138.253168
1.0,55,138.26102
1.0,56,138.26917
1.0,53,138.276748
1.0,52,138.284195
1.0,56,138.29222
0.0,41,138.298218
1.0,52,138.30568
1.0,56,138.313695
1.0,58,138.321991
1.0,53,138.329581
1.0,50,138.336873
1.0,56,138.344977
1.0,52,138.35243
0.0,6,138.353305
0.0,28,138.357325
0.0,50,138.36475
0.0,22,138.367987
1.0,54,138.375957
1.0,51,138.3834
0.0,42,138.389627
0.0,12,138.391534
1.0,50,138.399074
1.0,51,138.406501
1.0,57,138.414737
1.0,57,138.422913
1.0,51,138.43027
1.0,58,138.438792
1.0,56,138.446811
1.0,52,138.454253
1.0,66,138.463709
1.0,54,138.471492
1.0,56,138.479963
0.0,39,138.485696
0.0,20,138.488613
1.0,53,138.496202
0.0,18,138.498793
1.0,52,138.506276
1.0,59,138.514854
1.0,53,138.522449
1.0,57,138.530606
1.0,54,138.538414
1.0,54,138.546253
0.0,41,138.552148
1.0,53,138.559735
0.0,40,138.565461
1.0,55,138.573406
0.0,28,138.577441
0.0,21,138.580584
0.0,17,138.583048
0.0,25,138.586656
0.0,6,138.587535
0.0,36,138.592695
1.0,61,138.601443
1.0,55,138.60935
0.0,34,138.614338
0.0,29,138.618495
0.0,25,138.622097
1.0,54,138.629849
0.0,27,138.633759
1.0,56,138.641866
0.0,46,138.648521
1.0,53,138.656138
1.0,58,138.664465
1.0,56,138.672514
1.0,51,138.679869
1.0,56,138.688005
1.0,54,138.695738
0.0,8,138.696904
1.0,59,138.705325
0.0,20,138.708228
0.0,4,138.708824
1.0,52,138.716311
1.0,53,138.723975
0.0,38,138.729472
0.0,14,138.731525
0.0,25,138.735137
0.0,42,138.741225
1.0,57,138.749401
0.0,16,138.751713
1.0,52,138.759262
0.0,17,138.761701
0.0,35,138.766729
1.0,52,138.774144
1.0,54,138.781872
1.0,52,138.789414
0.0,45,138.795863
0.0,51,138.803165
0.0,16,138.805476
1.0,50,138.812655
1.0,57,138.820775
0.0,31,138.825335
0.0,4,138.825932
1.0,51,138.833236
0.0,12,138.83497
1.0,62,138.843926
1.0,54,138.851652
1.0,62,138.860653
0.0,6,138.861532
1.0,54,138.869269
0.0,35,138.874306
1.0,53,138.881908
0.0,8,138.883076
1.0,50,138.890264
0.0,44,138.896667
0.0,46,138.903278
1.0,54,138.911014
1.0,52,138.918489
0.0,33,138.923274
1.0,55,138.931243
0.0,28,138.935251
1.0,57,138.943475
0.0,8,138.944644
1.0,52,138.952119
1.0,52,138.959586
0.0,36,138.964853
1.0,56,138.972875
0.0,42,138.978898
1.0,52,138.986341
1.0,50,138.993503
1.0,53,139.001137
1.0,61,139.009848
1.0,58,139.018171
1.0,60,139.026755
1.0,57,139.034967
1.0,64,139.044203
0.0,6,139.045085
0.0,21,139.048101
0.0,16,139.050418
1.0,57,139.058725
0.0,14,139.060749
0.0,21,139.063783
1.0,66,139.073226
0.0,44,139.079965
0.0,8,139.081136
0.0,19,139.083976
1.0,60,139.092545
0.0,4,139.093144
1.0,63,139.102168
0.0,6,139.103058
1.0,53,139.110683
1.0,51,139.118163
0.0,41,139.124043
1.0,56,139.132064
1.0,52,139.139611
0.0,29,139.143843
1.0,60,139.152431
1.0,60,139.161013
1.0,56,139.169024
1.0,58,139.177361
0.0,37,139.182691
1.0,58,139.191004
0.0,8,139.192178
1.0,57,139.200329
1.0,54,139.208067
1.0,57,139.216226
1.0,56,139.224252
1.0,56,139.232282
1.0,58,139.240644
1.0,58,139.248981
1.0,60,139.257552
0.0,27,139.261447
0.0,44,139.267756
0.0,35,139.272882
1.0,52,139.28035
0.0,27,139.284245
1.0,59,139.292684
0.0,23,139.296003
1.0,58,139.304292
0.0,33,139.309025
1.0,51,139.316355
1.0,60,139.324986
0.0,4,139.325584
1.0,55,139.333548
1.0,52,139.341063
0.0,22,139.344222
1.0,57,139.352402
0.0,31,139.356868
0.0,42,139.362897
0.0,8,139.364068
0.0,8,139.365228
0.0,40,139.371018
1.0,57,139.379189
0.0,18,139.381785
1.0,55,139.389688
1.0,54,139.397421
1.0,50,139.404576
1.0,54,139.41229
1.0,60,139.420913
0.0,20,139.423784
0.0,19,139.426517
0.0,16,139.428835
1.0,55,139.436732
0.0,38,139.442277
0.0,21,139.445311
0.0,8,139.446483
0.0,43,139.452685
0.0,12,139.454428
1.0,57,139.462675
0.0,43,139.468847
1.0,54,139.476589
1.0,56,139.484598
0.0,42,139.490613
0.0,4,139.491245
0.0,42,139.497256
1.0,54,139.505013
1.0,57,139.513172
0.0,42,139.51921
1.0,63,139.528275
1.0,58,139.53659
0.0,4,139.537184
1.0,55,139.545124
0.0,44,139.551444
1.0,58,139.559766
0.0,24,139.563267
0.0,20,139.566147
1.0,56,139.574185
1.0,59,139.582661
1.0,55,139.590555
1.0,55,139.59849
0.0,44,139.60481
1.0,56,139.612851
1.0,54,139.620587
1.0,52,139.628155
1.0,55,139.636192
1.0,53,139.643947
0.0,16,139.646276
1.0,53,139.653852
1.0,61,139.662574
0.0,35,139.667653
1.0,55,139.675531
1.0,54,139.683256
1.0,52,139.690702
0.0,42,139.696756
1.0,58,139.705107
1.0,56,139.713168
0.0,14,139.715209
0.0,39,139.720801
0.0,46,139.727379
0.0,6,139.728261
0.0,23,139.731631
1.0,55,139.739611
1.0,59,139.748073
1.0,50,139.755261
1.0,64,139.764393
0.0,4,139.764991
1.0,57,139.773189
1.0,51,139.780501
0.0,52,139.787948
0.0,8,139.789119
1.0,54,139.79686
1.0,53,139.80474
0.0,33,139.809521
0.0,39,139.81542
1.0,56,139.823499
0.0,28,139.827565
1.0,57,139.835974
0.0,4,139.836572
1.0,51,139.844095
1.0,62,139.853185
1.0,63,139.862174
0.0,44,139.86846
1.0,55,139.876352
1.0,53,139.883976
0.0,17,139.886426
1.0,52,139.893856
1.0,53,139.901462
0.0,39,139.907062
1.0,55,139.914957
1.0,53,139.922551
0.0,44,139.928861
1.0,54,139.936601
0.0,23,139.939989
0.0,14,139.942012
1.0,52,139.94952
1.0,51,139.956833
0.0,46,139.963422
0.0,21,139.966466
1.0,52,139.973924
0.0,6,139.974817
0.0,8,139.975991
1.0,55,139.983888
0.0,40,139.989638
1.0,62,139.998557
1.0,53,140.006131
0.0,6,140.007019
1.0,52,140.01445
0.0,39,140.02008
0.0,18,140.022674
0.0,16,140.024977
1.0,59,140.033402
0.0,16,140.035717
1.0,51,140.043092
0.0,8,140.044263
1.0,53,140.051857
1.0,51,140.059225
1.0,57,140.067391
0.0,31,140.071854
1.0,60,140.080415
0.0,15,140.082578
0.0,39,140.088203
0.0,47,140.094931
1.0,55,140.102802
1.0,56,140.110825
0.0,14,140.112852
0.0,4,140.113449
1.0,54,140.121243
0.0,4,140.121845
0.0,29,140.12604
0.0,24,140.129496
0.0,4,140.130093
1.0,51,140.137396
0.0,50,140.144629
0.0,12,140.146372
1.0,55,140.154246
1.0,54,140.162022
1.0,52,140.169489
1.0,56,140.17749
1.0,54,140.185242
0.0,19,140.187986
0.0,15,140.190148
0.0,40,140.195926
0.0,19,140.198669
1.0,53,140.206303
1.0,56,140.214329
0.0,14,140.21642
1.0,52,140.223903
1.0,57,140.232147
1.0,51,140.23961
1.0,52,140.247066
1.0,56,140.255085
1.0,57,140.263261
1.0,54,140.271053
1.0,51,140.278364
1.0,56,140.286367
0.0,12,140.288112
0.0,49,140.295137
1.0,50,140.302351
0.0,38,140.307815
1.0,53,140.315391
1.0,58,140.323812
1.0,59,140.332304
1.0,53,140.339977
0.0,23,140.343292
1.0,60,140.351857
0.0,31,140.356302
1.0,54,140.364031
1.0,56,140.372099
0.0,31,140.37657
1.0,61,140.385307
1.0,55,140.39317
1.0,54,140.400974
1.0,55,140.408884
0.0,14,140.4109
0.0,40,140.416923
1.0,52,140.424375
1.0,57,140.432565
1.0,54,140.440421
1.0,57,140.448593
1.0,59,140.457049
0.0,44,140.463368
1.0,53,140.470955
0.0,50,140.478148
1.0,58,140.486537
1.0,54,140.494257
0.0,37,140.499565
1.0,62,140.508432
1.0,57,140.516623
0.0,44,140.522944
0.0,16,140.525255
1.0,60,140.53382
1.0,51,140.541194
1.0,52,140.548695
0.0,4,140.549292
1.0,57,140.557445
0.0,43,140.563698
1.0,56,140.571712
1.0,55,140.579637
1.0,59,140.58815
0.0,29,140.592332
1.0,52,140.599794
1.0,61,140.608523
0.0,6,140.609406
1.0,60,140.618029
1.0,51,140.625349
0.0,8,140.626508
1.0,52,140.633947
1.0,52,140.641483
1.0,57,140.649702
1.0,54,140.657439
0.0,20,140.660335
1.0,55,140.668227
1.0,58,140.676533
1.0,61,140.685296
1.0,58,140.693597
1.0,56,140.70163
0.0,16,140.703951
1.0,52,140.711422
0.0,8,140.712629
1.0,56,140.720725
0.0,13,140.722658
1.0,54,140.730453
1.0,56,140.738463
0.0,30,140.742843
1.0,53,140.750427
1.0,50,140.757673
1.0,54,140.765404
0.0,8,140.766577
1.0,60,140.775159
1.0,58,140.783477
1.0,51,140.790877
1.0,58,140.799154
0.0,23,140.802476
0.0,40,140.808213
1.0,61,140.816933
1.0,62,140.825963
1.0,59,140.834425
0.0,39,140.840073
0.0,23,140.84345
1.0,50,140.850608
0.0,39,140.856218
1.0,59,140.864658
1.0,53,140.872266
0.0,27,140.876165
1.0,52,140.88362
1.0,54,140.891346
0.0,9,140.892662
1.0,56,140.900781
1.0,54,140.908528
1.0,57,140.916707
1.0,57,140.924873
1.0,64,140.934118
1.0,59,140.942648
1.0,63,140.951678
1.0,54,140.959424
1.0,60,140.968079
1.0,52,140.97555
0.0,8,140.976719
1.0,57,140.984881
0.0,5,140.985615
1.0,59,140.994067
1.0,56,141.002135
1.0,53,141.009709
0.0,21,141.012767
0.0,18,141.015532
0.0,16,141.017828
0.0,22,141.02103
0.0,22,141.024197
1.0,62,141.033058
1.0,57,141.041331
0.0,8,141.04251
0.0,35,141.047586
1.0,52,141.055042
1.0,50,141.06221
0.0,12,141.063955
0.0,12,141.065699
0.0,18,141.06829
1.0,54,141.076113
1.0,53,141.083702
1.0,54,141.091473
0.0,14,141.093492
1.0,55,141.101372
1.0,57,141.109608
1.0,56,141.117615
0.0,9,141.119003
1.0,56,141.127062
0.0,23,141.130385
0.0,40,141.136109
1.0,51,141.143555
1.0,51,141.15086
0.0,40,141.15659
1.0,53,141.164192
1.0,52,141.171646
0.0,30,141.175947
1.0,61,141.184734
1.0,59,141.193162
0.0,49,141.200164
1.0,52,141.207617
1.0,58,141.21595
0.0,41,141.221828
0.0,15,141.223989
1.0,54,141.231731
1.0,57,141.240144
1.0,54,141.248022
1.0,58,141.256652
0.0,8,141.257859
0.0,4,141.258458
1.0,59,141.266949
1.0,57,141.275323
1.0,62,141.284363
0.0,25,141.287982
0.0,14,141.290004
1.0,58,141.298337
0.0,26,141.302063
0.0,43,141.308256
1.0,54,141.315985
0.0,35,141.321115
1.0,60,141.329703
1.0,66,141.339145
0.0,20,141.342125
1.0,53,141.349709
0.0,40,141.355491
1.0,50,141.362629
1.0,63,141.371627
1.0,51,141.378929
0.0,29,141.383134
1.0,59,141.391615
0.0,10,141.39307
1.0,56,141.40108
1.0,56,141.409104
1.0,58,141.417391
0.0,32,141.421981
0.0,8,141.423189
0.0,12,141.424923
0.0,52,141.432364
1.0,55,141.44024
1.0,50,141.447456
1.0,54,141.455158
1.0,52,141.462637
1.0,54,141.470406
1.0,52,141.477855
0.0,45,141.484305
1.0,60,141.492861
1.0,56,141.500932
0.0,14,141.502961
0.0,47,141.509693
1.0,56,141.517722
1.0,56,141.52573
0.0,40,141.531503
0.0,28,141.535526
1.0,55,141.543489
1.0,55,141.551363
1.0,58,141.559711
1.0,55,141.567636
1.0,56,141.575676
0.0,22,141.578843
1.0,58,141.587126
0.0,12,141.588865
0.0,27,141.592746
1.0,52,141.600281
0.0,11,141.601859
0.0,44,141.608154
0.0,42,141.614334
1.0,52,141.62188
1.0,54,141.629603
0.0,14,141.631631
0.0,43,141.637843
1.0,56,141.645997
1.0,59,141.654441
1.0,50,141.661636
1.0,50,141.668849
1.0,60,141.67744
1.0,56,141.685475
1.0,55,141.693367
1.0,50,141.700542
0.0,4,141.701142
0.0,22,141.704354
1.0,54,141.71211
1.0,54,141.719895
1.0,56,141.727927
1.0,53,141.735602
0.0,12,141.737347
1.0,53,141.745041
1.0,58,141.75334
1.0,59,141.761783
1.0,60,141.77036
1.0,54,141.778123
1.0,58,141.786397
1.0,60,141.794967
1.0,51,141.802281
1.0,52,141.80976
1.0,52,141.817239
0.0,19,141.819985
1.0,56,141.82801
1.0,53,141.835623
0.0,6,141.836503
1.0,59,141.845063
1.0,57,141.853221
0.0,17,141.855682
0.0,25,141.859266
0.0,23,141.862593
0.0,43,141.868769
1.0,54,141.876532
0.0,31,141.881017
1.0,55,141.888892
0.0,14,141.890918
1.0,54,141.898675
1.0,54,141.906402
1.0,58,141.914707
1.0,53,141.922306
0.0,12,141.924047
1.0,53,141.931638
1.0,56,141.939648
1.0,56,141.947694
1.0,57,141.955928
0.0,22,141.959091
0.0,18,141.961685
1.0,54,141.969424
1.0,52,141.97687
1.0,60,141.985478
0.0,45,141.991919
1.0,50,141.99927
0.0,12,142.001015
1.0,50,142.008198
1.0,59,142.01683
0.0,21,142.019898
0.0,21,142.022923
0.0,14,142.024942
0.0,47,142.031673
1.0,58,142.039965
0.0,14,142.042056
1.0,54,142.049778
0.0,22,142.052948
1.0,55,142.060848
1.0,56,142.068964
1.0,52,142.076423
0.0,33,142.081236
1.0,55,142.089825
1.0,58,142.098234
1.0,56,142.106257
1.0,55,142.114129
1.0,56,142.122219
0.0,4,142.122859
0.0,45,142.129368
1.0,57,142.137532
1.0,54,142.145343
0.0,18,142.147933
0.0,8,142.149112
1.0,56,142.157157
0.0,18,142.159772
0.0,42,142.165833
0.0,43,142.172019
1.0,51,142.179341
1.0,52,142.186803
0.0,6,142.187684
1.0,55,142.195601
0.0,19,142.198334
1.0,53,142.205934
0.0,45,142.212435
0.0,6,142.213319
0.0,17,142.215961
0.0,12,142.217768
1.0,54,142.225543
0.0,35,142.230613
1.0,55,142.238504
1.0,58,142.246888
0.0,16,142.249204
0.0,6,142.250087
0.0,26,142.25383
1.0,56,142.261864
1.0,55,142.26981
0.0,44,142.276143
0.0,33,142.280882
1.0,56,142.288885
1.0,53,142.296498
0.0,19,142.299249
0.0,46,142.305863
0.0,12,142.307604
0.0,10,142.30906
0.0,17,142.31152
1.0,53,142.31912
1.0,52,142.326685
0.0,37,142.332005
0.0,28,142.336069
0.0,44,142.342438
0.0,14,142.344461
0.0,15,142.346622
0.0,36,142.351793
1.0,62,142.360659
0.0,35,142.365694
1.0,55,142.373589
0.0,27,142.377463
1.0,56,142.385486
0.0,29,142.389723
0.0,16,142.392052
0.0,6,142.392934
1.0,54,142.400669
0.0,34,142.405549
1.0,54,142.413332
1.0,54,142.421066
0.0,24,142.424524
1.0,53,142.432121
1.0,62,142.441009
1.0,61,142.449824
1.0,55,142.457759
1.0,52,142.465224
0.0,31,142.469664
1.0,57,142.477885
1.0,54,142.485644
1.0,53,142.493243
0.0,15,142.495409
1.0,57,142.503586
1.0,56,142.511654
1.0,54,142.519386
0.0,29,142.523552
1.0,56,142.531543
1.0,64,142.540692
1.0,58,142.549093
0.0,19,142.551845
1.0,60,142.560418
0.0,39,142.566059
0.0,22,142.569226
0.0,14,142.571259
0.0,37,142.576569
1.0,54,142.584328
1.0,57,142.592499
0.0,36,142.597664
1.0,60,142.606296
1.0,54,142.614021
1.0,65,142.62343
0.0,4,142.624033
0.0,16,142.626334
0.0,44,142.63269
1.0,59,142.641134
0.0,6,142.642021
0.0,34,142.646981
1.0,53,142.654616
1.0,51,142.661931
0.0,47,142.668669
0.0,8,142.669836
0.0,4,142.670437
0.0,30,142.674751
1.0,51,142.682367
0.0,14,142.68438
0.0,43,142.690592
1.0,59,142.699286
0.0,12,142.701029
0.0,33,142.705763
0.0,15,142.707967
1.0,61,142.716955
1.0,54,142.724749
1.0,57,142.733047
0.0,28,142.73712
1.0,61,142.745892
0.0,15,142.748064
1.0,50,142.755248
0.0,44,142.761597
1.0,57,142.769789
1.0,75,142.780514
1.0,55,142.788407
0.0,18,142.791005
0.0,8,142.792169
1.0,51,142.799545
1.0,57,142.807714
0.0,8,142.808886
1.0,56,142.816963
0.0,36,142.822372
0.0,27,142.826311
1.0,52,142.833806
1.0,53,142.841504
1.0,57,142.849784
1.0,53,142.857372
1.0,54,142.865123
0.0,46,142.871732
1.0,52,142.879236
1.0,59,142.887687
1.0,55,142.895559
1.0,62,142.904474
0.0,6,142.905364
1.0,53,142.912962
1.0,64,142.922108
1.0,59,142.930574
1.0,62,142.939478
0.0,27,142.943428
1.0,53,142.951033
0.0,27,142.954912
1.0,54,142.962638
0.0,2,142.962948
1.0,63,142.971972
0.0,15,142.974136
0.0,8,142.975304
1.0,51,142.98259
0.0,8,142.983765
1.0,54,142.991489
0.0,12,142.993224
0.0,42,142.99925
1.0,55,143.007145
1.0,53,143.014713
0.0,34,143.0196
1.0,58,143.027894
1.0,59,143.036322
1.0,58,143.044728
0.0,45,143.051181
0.0,8,143.052356
1.0,59,143.060791
1.0,56,143.068813
1.0,55,143.076728
1.0,52,143.084184
1.0,50,143.091354
0.0,43,143.097537
1.0,53,143.105149
1.0,59,143.113619
1.0,55,143.121484
1.0,56,143.129527
1.0,55,143.137375
0.0,4,143.137972
1.0,56,143.146058
1.0,64,143.1552
1.0,59,143.163614
1.0,60,143.172191
1.0,58,143.180509
0.0,42,143.18653
1.0,61,143.19525
0.0,12,143.196993
1.0,58,143.205283
0.0,12,143.20703
0.0,40,143.212766
1.0,55,143.220719
1.0,55,143.228602
1.0,53,143.236307
1.0,51,143.243897
0.0,38,143.249399
1.0,56,143.25767
0.0,33,143.262417
1.0,58,143.270797
1.0,57,143.27893
1.0,53,143.286541
1.0,50,143.293699
0.0,49,143.3007
1.0,52,143.308129
1.0,54,143.315834
0.0,14,143.317852
0.0,44,143.324183
1.0,57,143.332307
0.0,17,143.33481
0.0,16,143.337114
1.0,52,143.34463
0.0,21,143.347651
1.0,57,143.355838
1.0,61,143.364554
1.0,63,143.373606
1.0,57,143.381755
0.0,44,143.388086
0.0,40,143.393878
1.0,57,143.402035
1.0,57,143.41018
1.0,64,143.419515
1.0,59,143.428013
1.0,57,143.436162
0.0,6,143.437048
1.0,56,143.445102
1.0,60,143.453722
1.0,52,143.461226
0.0,32,143.465819
1.0,54,143.473563
1.0,54,143.481309
1.0,57,143.489504
1.0,54,143.497279
1.0,52,143.504753
1.0,55,143.512645
0.0,9,143.513956
1.0,55,143.521829
1.0,52,143.529275
1.0,51,143.536634
1.0,57,143.544839
1.0,62,143.553693
1.0,56,143.561709
1.0,54,143.569592
1.0,62,143.578446
1.0,55,143.586328
1.0,57,143.594549
1.0,53,143.602168
1.0,61,143.610877
0.0,45,143.617306
1.0,58,143.625705
1.0,55,143.633704
0.0,27,143.637661
1.0,56,143.645861
0.0,19,143.648601
0.0,25,143.652191
1.0,58,143.660482
1.0,54,143.668237
1.0,66,143.67768
0.0,40,143.683408
1.0,62,143.692266
1.0,54,143.700011
1.0,59,143.708468
1.0,57,143.716667
0.0,14,143.718725
1.0,52,143.726241
1.0,59,143.734869
0.0,12,143.736617
1.0,52,143.744189
0.0,4,143.744783
0.0,20,143.747661
1.0,52,143.755122
0.0,33,143.75986
0.0,27,143.763821
0.0,40,143.769561
1.0,57,143.777757
1.0,53,143.785364
0.0,19,143.788115
1.0,53,143.795705
1.0,57,143.803886
1.0,63,143.81292
1.0,57,143.821082
1.0,64,143.830338
1.0,57,143.838491
1.0,54,143.846329
0.0,16,143.84863
1.0,60,143.857206
0.0,35,143.862253
1.0,57,143.870411
0.0,40,143.876143
1.0,51,143.883504
1.0,58,143.891804
1.0,55,143.899664
1.0,58,143.907954
1.0,55,143.915827
0.0,40,143.921571
0.0,48,143.928447
0.0,18,143.93104
0.0,4,143.931633
1.0,51,143.938945
0.0,20,143.941833
1.0,53,143.949647
0.0,9,143.950993
1.0,54,143.958697
1.0,57,143.966843
1.0,57,143.975008
1.0,52,143.98246
1.0,60,143.991046
0.0,36,143.996208
1.0,54,144.003956
1.0,64,144.013076
1.0,55,144.02116
0.0,4,144.021771
1.0,59,144.030224
1.0,52,144.03766
1.0,55,144.045603
0.0,6,144.046486
1.0,52,144.053928
0.0,33,144.058747
0.0,14,144.060759
0.0,38,144.066219
1.0,53,144.073805
0.0,19,144.076551
0.0,8,144.077721
0.0,13,144.0796
0.0,32,144.084182
0.0,48,144.091035
0.0,42,144.097099
1.0,58,144.105387
0.0,6,144.106274
1.0,58,144.114569
0.0,16,144.116882
0.0,14,144.118909
0.0,21,144.122264
