episodes,steps,total reward
8773,10000,8774.0
17531,20000,8758.0
26296,30000,8765.0
35047,40000,8751.0
43868,50000,8821.0
52669,60000,8801.0
61497,70000,8828.0
70360,80000,8863.0
79169,90000,8809.0
87919,100000,8750.0
