episodes,steps,total reward
8727,10000,8728.0
17492,20000,8765.0
26264,30000,8772.0
35065,40000,8801.0
43891,50000,8826.0
52694,60000,8803.0
61461,70000,8767.0
70187,80000,8726.0
78989,90000,8802.0
87719,100000,8730.0
