episodes,steps,total reward
8763,10000,8764.0
17538,20000,8775.0
26319,30000,8781.0
35124,40000,8805.0
43920,50000,8796.0
52771,60000,8851.0
61591,70000,8820.0
70382,80000,8791.0
79108,90000,8726.0
87877,100000,8768.0
